38_Tennis_Tennis_38_535
68
506 471 23 30 0.798
863 324 21 27 0.794
779 308 20 26 0.786
322 383 23 27 0.781
515 423 23 29 0.780
431 447 24 30 0.780
714 318 21 26 0.779
479 316 22 27 0.778
140 413 22 26 0.778
172 275 20 26 0.777
377 451 22 26 0.776
642 313 20 25 0.775
369 406 23 28 0.774
192 340 21 25 0.770
48 450 21 26 0.770
461 422 24 31 0.770
206 432 22 27 0.766
762 427 22 26 0.761
657 464 21 25 0.759
595 424 21 25 0.753
241 286 21 26 0.752
466 265 21 25 0.745
289 290 21 26 0.744
147 307 21 26 0.743
436 414 20 24 0.738
358 312 20 26 0.737
134 455 22 27 0.737
551 470 21 25 0.732
579 305 22 28 0.730
648 423 19 25 0.729
509 317 22 25 0.724
232 319 22 26 0.723
289 461 20 26 0.722
895 490 24 26 0.716
817 474 21 24 0.715
419 316 22 27 0.702
398 319 20 25 0.697
708 419 18 24 0.631
331 449 22 27 0.597
364 517 25 26 0.589
246 416 22 26 0.185
248 319 19 25 0.175
359 293 17 21 0.105
597 297 16 23 0.099
673 405 17 21 0.094
254 317 17 23 0.078
448 282 16 20 0.074
160 252 16 18 0.059
815 462 21 24 0.052
363 509 24 26 0.049
168 453 18 20 0.042
569 416 17 21 0.030
212 301 16 21 0.026
438 297 16 20 0.024
451 276 18 21 0.023
363 318 18 23 0.021
72 215 16 21 0.020
374 290 16 18 0.020
195 279 15 21 0.016
352 303 17 23 0.015
459 275 19 25 0.014
111 309 20 27 0.014
376 425 21 29 0.013
199 322 15 19 0.012
998 456 5 6 0.011
104 221 15 21 0.011
500 424 15 19 0.011
68 219 16 21 0.010
