38_Tennis_Tennis_38_232
125
806 330 16 19 0.712
732 251 11 14 0.684
1016 256 8 15 0.641
164 222 9 12 0.584
633 37 8 10 0.535
662 41 8 10 0.533
685 63 9 11 0.532
1009 62 8 10 0.530
902 37 7 9 0.528
611 64 8 10 0.522
726 67 8 9 0.514
911 18 8 11 0.512
894 63 8 10 0.509
648 68 8 10 0.498
637 18 7 9 0.475
871 35 8 10 0.473
944 41 8 9 0.468
855 66 8 10 0.462
875 11 8 9 0.461
981 41 8 9 0.461
674 19 8 9 0.452
761 68 8 9 0.451
949 14 8 9 0.447
1015 39 9 10 0.430
780 19 8 10 0.423
769 42 7 10 0.422
732 38 8 10 0.370
703 38 8 10 0.369
985 11 8 10 0.365
718 0 9 7 0.313
784 58 7 9 0.297
750 17 7 9 0.274
761 0 7 6 0.261
969 22 7 9 0.245
763 -1 6 6 0.206
695 38 8 10 0.186
722 0 6 7 0.151
889 39 8 10 0.149
866 13 6 8 0.144
740 12 7 9 0.141
711 22 7 10 0.141
965 44 8 10 0.140
853 65 7 11 0.132
735 41 7 9 0.118
688 62 8 10 0.118
921 -2 8 6 0.116
753 56 7 10 0.112
959 18 8 10 0.109
714 52 7 10 0.103
969 68 8 10 0.103
1011 2 7 8 0.098
692 38 7 10 0.095
863 14 6 7 0.092
818 452 16 24 0.092
1003 34 7 10 0.086
772 42 7 9 0.083
1010 36 7 11 0.083
751 64 7 10 0.081
888 43 7 10 0.079
1010 3 7 9 0.076
966 71 8 11 0.075
716 51 7 10 0.069
802 11 7 9 0.064
747 15 7 9 0.063
908 0 7 7 0.062
970 73 8 10 0.061
1010 7 7 11 0.056
785 61 8 9 0.054
783 62 8 9 0.050
742 85 9 11 0.049
744 10 7 8 0.048
804 13 7 9 0.047
981 8 8 8 0.047
44 414 8 9 0.046
747 72 8 11 0.043
984 39 8 10 0.043
880 92 7 11 0.043
871 97 9 11 0.043
914 0 9 6 0.042
711 25 7 9 0.041
692 56 8 11 0.040
160 222 9 12 0.040
943 38 7 10 0.038
1010 12 7 10 0.038
688 -1 7 5 0.038
686 0 7 5 0.037
709 19 7 8 0.036
874 96 9 11 0.036
612 66 9 11 0.036
646 1 7 7 0.033
890 66 8 11 0.032
876 93 8 11 0.032
610 66 8 10 0.032
679 64 9 11 0.032
777 20 8 10 0.031
991 60 8 10 0.031
945 0 7 6 0.030
805 10 6 8 0.026
683 66 9 10 0.025
973 1 7 7 0.024
860 15 6 7 0.022
633 43 8 9 0.022
761 100 10 10 0.022
988 84 9 11 0.022
660 39 8 9 0.021
666 -1 7 6 0.021
895 66 8 10 0.021
16 317 10 12 0.020
819 459 17 23 0.018
714 4 8 10 0.017
759 66 10 14 0.017
751 17 7 10 0.014
708 83 9 13 0.013
650 0 7 7 0.012
791 17 8 10 0.012
979 39 11 13 0.012
710 62 8 11 0.012
766 68 7 10 0.012
975 82 9 10 0.012
956 80 7 10 0.011
169 223 8 10 0.011
806 9 9 11 0.011
954 86 7 10 0.011
14 318 9 13 0.010
703 19 6 8 0.010
