38_Tennis_Tennis_38_371
26
477 368 31 39 0.831
439 301 30 35 0.829
569 287 29 37 0.823
278 201 26 32 0.822
611 218 26 31 0.818
697 191 26 31 0.818
665 276 29 38 0.816
492 201 24 29 0.809
764 282 30 39 0.808
233 200 24 30 0.807
786 197 27 34 0.806
130 201 24 30 0.805
172 191 27 32 0.804
568 195 23 28 0.798
730 188 24 28 0.791
879 189 26 30 0.791
444 214 26 32 0.789
324 205 22 28 0.786
414 205 23 29 0.784
815 190 23 28 0.772
527 213 25 29 0.772
550 372 31 42 0.768
344 296 28 35 0.759
380 211 26 31 0.756
653 198 25 28 0.739
665 468 21 25 0.019
