53_Raid_policeraid_53_599
27
137 143 67 111 0.793
822 309 19 25 0.737
357 306 28 31 0.712
582 265 18 23 0.700
836 268 16 21 0.687
722 239 15 18 0.667
621 263 16 21 0.667
638 327 21 25 0.661
666 254 15 18 0.646
242 323 26 32 0.617
505 297 22 23 0.607
854 299 18 24 0.584
484 283 18 20 0.439
772 326 17 20 0.379
891 330 18 24 0.304
877 279 13 16 0.188
524 272 16 19 0.183
886 329 18 23 0.147
620 250 15 18 0.072
762 328 19 20 0.046
466 293 17 22 0.043
682 319 17 21 0.041
487 279 18 20 0.031
874 312 19 24 0.022
702 314 16 21 0.019
479 281 17 20 0.016
896 328 17 23 0.014
