53_Raid_policeraid_53_696
54
268 205 28 37 0.714
556 250 24 31 0.544
730 241 30 31 0.498
122 221 23 28 0.490
491 252 24 29 0.454
424 215 26 32 0.442
369 235 26 32 0.420
868 280 21 25 0.390
892 280 17 22 0.384
162 113 26 32 0.377
650 264 19 22 0.333
197 209 25 30 0.285
733 259 29 29 0.263
650 272 20 25 0.194
931 261 26 34 0.183
419 227 25 31 0.165
60 265 18 21 0.139
954 252 44 50 0.137
451 247 22 26 0.128
351 391 21 25 0.127
923 257 23 34 0.107
215 391 18 24 0.089
681 280 24 26 0.081
836 288 19 22 0.075
339 201 24 30 0.075
194 361 17 22 0.069
336 361 19 26 0.063
414 233 22 27 0.059
458 396 24 30 0.059
932 254 37 46 0.058
865 275 20 24 0.057
345 226 25 32 0.054
784 282 18 21 0.047
493 243 20 26 0.044
561 244 21 27 0.041
897 278 18 22 0.040
809 292 16 19 0.040
801 289 18 20 0.039
116 227 24 31 0.036
343 197 24 28 0.036
780 272 24 27 0.035
864 264 18 22 0.032
841 284 18 22 0.026
157 385 17 22 0.020
65 259 21 24 0.020
335 203 19 24 0.019
439 279 24 26 0.018
73 250 25 28 0.016
833 284 17 21 0.016
346 208 21 25 0.016
370 224 27 34 0.016
44 335 17 23 0.015
782 262 28 31 0.012
998 292 22 28 0.011
