0_Parade_Parade_0_72
31
457 387 27 30 0.734
134 334 31 40 0.732
738 363 21 25 0.728
665 346 27 41 0.717
349 467 22 27 0.702
774 344 16 21 0.680
413 381 15 19 0.676
789 267 20 24 0.664
207 367 22 25 0.645
628 367 19 23 0.629
624 342 20 23 0.622
545 375 18 25 0.621
255 384 17 18 0.621
494 339 19 19 0.579
348 377 16 18 0.525
2 476 14 18 0.503
546 348 13 16 0.175
414 449 14 22 0.143
68 561 17 17 0.118
78 494 14 20 0.053
580 368 13 16 0.045
578 599 36 31 0.040
417 445 18 25 0.029
541 378 15 22 0.025
79 502 14 18 0.024
343 371 15 19 0.021
547 360 16 20 0.019
23 546 12 15 0.019
541 360 14 20 0.017
7 475 15 17 0.016
81 507 14 18 0.011
