0_Parade_marchingband_1_147
56
501 85 82 91 0.840
217 160 46 45 0.788
402 174 63 65 0.768
305 129 55 65 0.753
870 158 44 51 0.736
88 148 35 43 0.698
166 124 37 37 0.697
614 147 35 42 0.693
896 77 17 19 0.423
17 166 27 33 0.403
752 100 17 20 0.299
715 104 17 20 0.207
779 83 16 19 0.155
0 11 14 26 0.133
355 61 14 18 0.118
966 19 14 18 0.111
941 86 14 18 0.103
854 51 14 16 0.098
970 303 53 66 0.095
36 56 16 17 0.075
318 37 17 19 0.069
826 80 14 17 0.059
832 119 17 22 0.059
777 17 15 17 0.051
809 12 14 17 0.049
246 1 14 17 0.041
928 5 14 15 0.039
987 108 17 21 0.038
251 61 15 17 0.036
202 4 15 18 0.033
33 81 14 16 0.032
0 42 11 17 0.031
944 82 15 20 0.030
706 168 24 29 0.029
414 3 19 19 0.027
207 54 17 19 0.026
296 3 14 16 0.025
842 98 16 19 0.024
799 54 14 16 0.024
18 155 30 35 0.024
955 53 13 17 0.024
884 5 13 15 0.023
937 52 14 19 0.019
982 81 17 21 0.018
938 72 14 22 0.017
21 172 35 38 0.016
960 30 15 19 0.016
802 109 18 20 0.015
835 88 16 20 0.014
283 101 19 23 0.014
16 12 17 22 0.013
651 161 22 25 0.012
718 133 18 21 0.012
809 105 16 21 0.011
27 163 31 36 0.011
925 29 14 18 0.010
