0_Parade_Parade_0_68
304
312 450 14 15 0.576
409 421 12 15 0.530
797 448 12 15 0.471
501 421 12 13 0.448
713 423 14 16 0.437
584 365 10 11 0.420
642 428 12 14 0.416
732 367 9 11 0.407
455 392 10 12 0.407
290 367 8 10 0.377
507 373 8 10 0.361
714 387 10 12 0.355
637 387 11 11 0.352
873 438 12 15 0.345
181 352 9 10 0.330
525 367 10 12 0.328
449 362 8 10 0.325
654 377 10 12 0.322
346 368 8 9 0.304
324 364 7 9 0.295
154 357 9 11 0.292
497 461 14 17 0.288
120 343 9 10 0.286
750 326 9 10 0.257
394 473 12 15 0.239
227 358 9 10 0.238
275 395 10 11 0.230
871 393 9 11 0.221
115 376 11 13 0.205
573 385 11 12 0.205
510 374 8 9 0.185
253 353 8 10 0.175
801 318 9 10 0.170
353 405 10 12 0.170
417 378 8 10 0.166
578 296 8 10 0.161
662 314 9 9 0.160
381 360 9 10 0.150
625 290 7 8 0.142
254 331 8 9 0.135
326 339 8 10 0.135
548 315 9 9 0.133
574 427 12 15 0.133
874 433 11 15 0.131
235 401 10 12 0.126
705 317 8 9 0.125
744 297 6 8 0.122
799 292 7 9 0.117
452 384 9 13 0.113
86 359 9 11 0.111
617 273 6 8 0.109
291 345 8 9 0.100
627 314 8 9 0.099
405 366 9 10 0.095
850 325 7 9 0.094
413 304 9 10 0.093
405 395 11 11 0.087
594 405 11 12 0.087
451 360 9 11 0.084
369 276 7 8 0.083
122 284 7 7 0.083
349 367 8 10 0.083
805 390 11 12 0.080
586 342 9 10 0.080
365 265 6 7 0.078
97 340 9 10 0.073
321 364 8 9 0.073
314 415 11 13 0.073
801 390 11 11 0.073
152 395 10 14 0.072
418 268 7 8 0.071
333 411 10 12 0.069
357 303 8 10 0.068
251 354 7 10 0.068
652 349 8 11 0.067
187 233 6 7 0.066
217 404 10 12 0.066
350 407 10 12 0.065
726 311 7 9 0.064
755 278 5 7 0.063
451 438 12 13 0.062
800 354 8 11 0.062
413 284 7 8 0.061
722 310 7 9 0.061
411 284 7 7 0.060
803 322 9 11 0.060
792 418 11 12 0.058
427 289 7 8 0.057
237 399 10 12 0.057
475 259 6 7 0.057
872 420 12 14 0.056
753 279 6 6 0.056
461 281 7 8 0.053
17 309 6 8 0.053
659 312 9 11 0.053
511 268 7 9 0.053
861 387 9 11 0.052
503 305 8 11 0.052
535 406 10 12 0.051
859 391 9 11 0.051
720 308 7 9 0.050
408 367 9 11 0.050
810 391 10 11 0.050
189 232 6 7 0.049
754 292 7 9 0.049
217 237 6 7 0.049
545 288 6 9 0.049
152 389 10 13 0.048
625 274 7 8 0.048
718 284 6 8 0.047
570 324 7 10 0.046
411 374 10 11 0.046
195 234 6 7 0.045
794 415 12 13 0.043
616 314 6 8 0.043
379 361 8 10 0.043
115 373 9 12 0.042
583 267 6 8 0.042
421 473 11 13 0.041
417 266 6 8 0.040
553 289 7 8 0.040
278 396 10 12 0.039
190 393 10 12 0.038
714 283 7 8 0.038
572 323 7 9 0.038
671 342 9 11 0.038
358 282 6 8 0.037
181 347 8 10 0.037
402 399 10 12 0.037
795 291 7 9 0.036
551 316 9 10 0.036
472 262 6 8 0.035
573 408 11 13 0.034
845 279 6 7 0.034
549 266 6 7 0.034
271 222 5 7 0.034
311 246 5 6 0.033
701 297 6 8 0.033
465 267 6 8 0.033
84 382 10 13 0.033
589 410 12 13 0.032
126 284 6 7 0.032
572 421 11 15 0.031
717 332 8 10 0.031
853 394 9 12 0.031
690 324 8 9 0.031
512 270 8 9 0.031
550 291 8 8 0.031
663 279 7 8 0.030
320 413 10 12 0.030
411 304 7 9 0.030
651 354 9 11 0.030
153 402 10 13 0.030
255 194 6 7 0.029
500 465 15 18 0.029
654 348 9 11 0.029
19 308 6 9 0.028
84 360 10 12 0.028
678 315 7 9 0.027
545 314 8 10 0.027
793 447 13 15 0.027
415 278 8 10 0.026
421 266 6 8 0.026
292 230 5 6 0.025
798 304 8 10 0.025
501 306 7 10 0.025
457 395 10 12 0.024
751 279 5 6 0.024
367 233 5 5 0.024
614 279 6 8 0.024
826 410 11 12 0.023
806 385 10 12 0.023
463 266 6 8 0.023
681 318 7 9 0.023
722 284 6 8 0.023
309 246 5 6 0.023
803 431 12 15 0.022
269 222 6 6 0.022
82 358 9 11 0.022
82 385 11 14 0.021
706 320 8 9 0.021
705 282 6 8 0.021
702 296 7 8 0.021
14 309 6 8 0.021
546 287 8 10 0.021
503 394 9 12 0.021
666 279 6 7 0.021
869 434 12 14 0.021
684 360 9 11 0.020
615 426 9 12 0.020
367 271 8 10 0.019
804 315 8 11 0.019
219 223 6 7 0.019
203 234 6 8 0.019
511 285 8 9 0.019
462 278 9 11 0.019
517 268 6 8 0.019
311 225 5 5 0.019
686 322 7 9 0.019
510 281 7 10 0.019
848 298 8 10 0.019
513 266 6 8 0.018
154 333 8 9 0.018
89 388 11 14 0.018
761 305 7 10 0.018
454 434 12 13 0.018
368 263 6 8 0.018
359 307 8 9 0.018
503 477 14 18 0.018
166 367 9 11 0.018
579 427 12 15 0.018
789 232 5 6 0.018
186 199 5 7 0.018
758 303 8 10 0.018
588 389 9 12 0.018
634 306 7 9 0.018
292 370 9 10 0.018
468 277 7 9 0.017
798 429 12 14 0.017
393 329 7 9 0.017
505 303 7 10 0.017
676 226 6 6 0.017
711 428 13 16 0.017
112 278 6 7 0.017
646 361 9 11 0.017
152 162 5 6 0.016
359 167 5 7 0.016
127 346 8 9 0.016
224 355 8 11 0.016
264 369 8 10 0.016
686 358 9 11 0.016
237 383 9 11 0.016
851 396 9 12 0.016
661 279 6 7 0.015
454 365 9 10 0.015
478 259 6 7 0.015
614 310 7 9 0.015
180 373 9 13 0.015
59 222 6 8 0.014
90 299 6 8 0.014
131 189 5 7 0.014
236 184 5 6 0.014
791 231 5 6 0.014
865 414 11 14 0.014
796 383 10 12 0.014
360 267 6 8 0.014
461 311 7 9 0.014
794 402 11 13 0.014
75 367 8 11 0.013
213 222 6 7 0.013
858 403 11 14 0.013
815 427 11 12 0.013
574 323 7 11 0.013
845 293 7 9 0.013
582 276 6 8 0.013
598 402 10 13 0.013
119 373 10 13 0.013
831 317 7 10 0.013
111 277 5 7 0.013
86 183 7 7 0.013
128 221 5 7 0.013
851 303 7 9 0.012
292 343 8 9 0.012
526 415 11 12 0.012
145 385 10 12 0.012
550 206 5 6 0.012
532 346 8 10 0.012
627 413 10 13 0.012
810 231 5 7 0.012
389 477 12 15 0.012
370 296 7 9 0.012
125 342 8 10 0.012
131 191 5 7 0.012
287 229 5 6 0.012
664 288 8 9 0.012
117 383 10 13 0.012
335 371 8 10 0.012
294 228 5 6 0.011
209 203 5 6 0.011
562 327 8 10 0.011
760 293 7 9 0.011
160 200 5 7 0.011
508 348 7 10 0.011
803 447 12 14 0.011
129 192 5 6 0.011
158 393 10 14 0.011
462 308 8 10 0.011
479 173 5 6 0.011
662 290 8 9 0.011
188 202 5 6 0.011
134 342 10 11 0.011
94 393 9 12 0.011
817 421 11 13 0.011
256 196 6 6 0.011
720 426 12 15 0.011
460 309 6 9 0.010
627 326 8 10 0.010
80 378 10 13 0.010
358 354 7 10 0.010
210 187 5 6 0.010
229 236 5 6 0.010
353 300 7 9 0.010
391 328 7 9 0.010
785 320 8 9 0.010
