0_Parade_marchingband_1_593
144
863 336 10 12 0.652
909 348 10 12 0.649
698 347 9 12 0.639
660 376 9 11 0.638
477 341 9 11 0.633
623 378 9 11 0.628
676 333 9 11 0.626
541 374 9 12 0.618
77 343 10 12 0.618
600 348 8 10 0.617
760 344 9 11 0.612
183 330 9 12 0.609
211 333 9 12 0.603
585 377 9 11 0.603
802 300 8 11 0.601
726 351 8 11 0.601
430 375 9 11 0.601
507 376 9 12 0.596
469 378 9 12 0.593
601 318 8 11 0.588
614 302 9 11 0.582
799 339 10 12 0.582
649 303 9 11 0.580
565 342 8 11 0.579
154 335 9 12 0.577
394 375 8 11 0.577
625 339 9 11 0.575
311 354 10 12 0.572
360 382 9 11 0.570
373 323 8 10 0.566
447 346 9 11 0.563
779 325 9 10 0.559
177 303 9 11 0.556
404 322 9 10 0.556
438 320 9 11 0.556
654 339 8 10 0.554
505 290 8 10 0.551
254 321 10 12 0.550
722 293 9 11 0.548
437 288 9 10 0.548
533 292 9 10 0.548
571 325 8 10 0.547
488 309 8 10 0.540
580 305 9 10 0.534
541 322 8 10 0.534
228 357 10 12 0.531
105 330 9 12 0.531
630 311 8 10 0.529
305 304 10 11 0.528
224 322 8 11 0.528
504 344 8 10 0.512
352 359 9 10 0.512
319 321 8 11 0.510
752 329 9 10 0.509
531 343 9 11 0.506
272 303 9 11 0.505
208 307 8 10 0.499
762 313 9 11 0.499
346 316 8 11 0.491
694 311 9 10 0.490
520 308 9 10 0.489
139 305 9 11 0.486
562 294 9 11 0.463
360 298 9 10 0.456
109 309 8 11 0.454
699 329 9 10 0.445
270 358 9 12 0.434
594 287 8 10 0.432
456 304 8 10 0.420
121 318 9 10 0.416
801 326 9 10 0.416
734 321 9 10 0.405
288 320 9 11 0.398
239 309 9 11 0.386
792 318 9 10 0.367
725 334 8 10 0.347
154 352 8 11 0.340
471 313 9 10 0.329
694 396 8 11 0.327
361 344 8 10 0.286
709 323 9 10 0.261
680 317 9 11 0.261
773 302 8 9 0.254
397 291 8 11 0.250
128 329 8 11 0.234
546 291 10 11 0.174
403 351 7 11 0.168
356 371 9 12 0.160
703 327 9 10 0.153
713 323 9 10 0.143
703 386 7 9 0.132
146 318 8 10 0.121
569 330 9 11 0.116
462 306 9 10 0.110
261 340 10 12 0.110
502 318 8 10 0.109
768 305 9 10 0.102
207 293 8 9 0.096
431 348 7 10 0.092
180 330 9 12 0.086
215 326 10 12 0.083
405 325 9 11 0.067
536 326 9 12 0.063
187 354 8 11 0.060
804 326 9 11 0.057
585 288 8 10 0.053
750 328 8 11 0.052
612 286 7 8 0.051
157 353 8 11 0.047
189 355 9 12 0.047
400 291 9 11 0.045
349 314 9 12 0.044
760 378 9 12 0.043
184 358 9 12 0.042
312 341 8 11 0.040
137 291 8 9 0.037
267 355 10 13 0.034
112 309 7 10 0.034
175 289 7 9 0.031
273 356 9 12 0.029
702 388 10 10 0.028
152 319 8 11 0.028
804 338 9 12 0.028
468 314 8 11 0.023
505 274 8 9 0.023
520 323 8 11 0.021
378 351 8 11 0.021
542 314 9 11 0.020
179 362 9 12 0.019
597 348 9 11 0.018
488 291 8 9 0.017
814 332 8 11 0.016
391 378 9 11 0.016
238 293 7 9 0.015
581 287 8 9 0.014
324 322 8 11 0.013
61 329 7 9 0.013
527 372 7 10 0.013
401 297 8 10 0.012
623 340 7 10 0.012
735 396 8 9 0.011
457 289 7 9 0.011
447 372 7 10 0.011
723 279 6 9 0.011
