0_Parade_marchingband_1_149
28
442 372 29 40 0.825
673 316 25 33 0.823
631 376 28 35 0.822
281 229 23 30 0.815
281 384 27 36 0.815
536 299 25 34 0.814
372 379 26 38 0.812
809 238 24 33 0.810
390 308 25 31 0.807
602 321 25 32 0.802
784 313 26 31 0.802
474 230 23 30 0.801
464 303 23 31 0.801
526 383 27 36 0.800
534 221 24 32 0.799
713 387 28 38 0.799
212 233 24 32 0.795
664 235 25 32 0.795
309 312 26 32 0.792
600 239 23 31 0.790
729 239 25 29 0.789
405 223 23 29 0.789
352 236 24 30 0.787
226 312 24 32 0.779
703 267 22 26 0.397
243 263 21 23 0.306
311 261 24 26 0.085
0 136 25 28 0.028
