0_Parade_Parade_0_490
174
771 568 109 128 0.869
120 437 84 96 0.849
240 319 55 68 0.833
766 316 64 84 0.829
386 349 58 75 0.827
176 198 50 65 0.821
101 182 47 57 0.818
899 365 79 100 0.816
471 328 54 68 0.812
594 282 53 63 0.807
16 293 43 49 0.799
730 238 42 48 0.796
526 221 36 42 0.794
668 129 42 57 0.791
758 82 35 41 0.785
12 488 71 81 0.779
745 152 38 47 0.779
504 152 32 40 0.767
825 152 41 44 0.753
226 452 58 64 0.753
717 89 31 34 0.743
279 179 38 42 0.743
877 50 23 31 0.726
401 283 44 53 0.726
547 114 26 34 0.725
174 132 31 37 0.721
911 84 27 30 0.720
939 192 46 42 0.717
969 53 24 34 0.714
434 111 23 30 0.714
73 159 33 34 0.714
570 57 25 30 0.712
275 79 21 26 0.711
439 216 37 42 0.711
666 641 42 61 0.708
495 675 48 69 0.708
852 31 20 25 0.704
595 169 42 51 0.702
595 111 27 36 0.702
28 169 27 29 0.700
448 69 21 27 0.697
134 73 18 24 0.692
930 6 21 27 0.691
536 75 23 30 0.690
385 97 21 25 0.684
351 124 27 34 0.680
242 164 25 31 0.674
441 38 17 21 0.665
59 111 18 21 0.659
635 76 27 31 0.658
357 57 19 23 0.652
0 223 16 37 0.648
6 90 14 20 0.639
537 21 17 20 0.621
373 242 33 45 0.621
381 182 39 46 0.617
1005 161 19 55 0.606
233 91 19 24 0.604
722 42 21 26 0.600
773 242 34 59 0.589
672 79 25 31 0.578
89 61 15 22 0.571
903 12 20 27 0.563
5 381 43 56 0.561
954 23 21 27 0.537
642 19 15 20 0.533
883 -1 18 19 0.459
247 55 14 16 0.450
789 46 18 25 0.439
500 91 17 24 0.419
842 2 16 20 0.411
282 9 13 15 0.402
614 5 15 19 0.402
207 17 12 14 0.395
993 28 18 24 0.394
698 19 21 25 0.388
783 13 16 21 0.387
9 139 20 23 0.383
64 200 30 44 0.331
185 44 10 13 0.331
519 19 13 21 0.316
812 29 20 25 0.308
336 116 18 25 0.300
675 8 15 18 0.285
473 66 17 24 0.258
867 215 30 46 0.256
822 98 33 34 0.250
920 285 55 61 0.205
0 113 7 23 0.189
384 143 23 30 0.172
878 30 18 24 0.156
603 27 14 18 0.151
458 67 22 28 0.145
662 48 20 21 0.136
0 391 35 63 0.135
1014 109 10 32 0.133
287 282 42 56 0.127
765 23 19 22 0.120
721 9 16 19 0.101
113 147 19 23 0.100
761 28 19 23 0.099
243 130 19 24 0.095
607 2 13 16 0.092
113 336 44 52 0.086
955 18 17 23 0.076
614 146 28 33 0.071
810 4 15 18 0.068
768 18 17 21 0.066
759 35 19 23 0.065
1016 -1 8 15 0.063
272 150 27 34 0.062
954 10 18 23 0.060
815 83 25 33 0.058
2 184 22 32 0.058
455 243 39 49 0.058
822 0 16 17 0.055
818 31 19 24 0.051
851 10 19 22 0.051
803 9 16 18 0.050
715 148 25 36 0.049
672 5 14 17 0.048
568 108 23 32 0.047
817 91 29 32 0.046
473 278 44 51 0.043
316 160 26 31 0.038
757 43 18 23 0.035
400 -3 11 10 0.035
-1 397 21 61 0.034
809 57 20 24 0.034
1016 107 7 26 0.032
350 0 14 11 0.030
280 5 13 15 0.027
600 1 11 14 0.026
189 39 11 15 0.024
132 341 44 51 0.024
210 19 12 14 0.024
831 2 14 17 0.023
680 57 23 27 0.022
510 27 14 18 0.022
956 3 17 19 0.021
914 63 20 24 0.020
1003 29 14 24 0.020
872 225 36 42 0.019
381 125 18 25 0.019
505 94 17 25 0.018
686 51 18 22 0.017
605 30 15 18 0.017
1013 116 12 42 0.017
811 41 20 26 0.016
661 80 22 27 0.016
732 0 16 17 0.016
782 45 17 23 0.016
0 548 14 65 0.016
860 11 16 20 0.015
991 4 15 16 0.014
848 26 18 23 0.014
469 121 23 27 0.014
782 8 16 21 0.014
604 0 11 13 0.013
1010 182 14 56 0.013
811 81 21 27 0.013
46 185 37 46 0.012
370 6 15 18 0.012
242 54 14 17 0.012
572 -3 11 10 0.011
378 35 14 19 0.011
905 5 16 22 0.011
821 110 40 45 0.011
692 26 18 22 0.011
8 183 20 25 0.010
982 1 17 16 0.010
993 36 18 24 0.010
1011 -2 14 17 0.010
547 21 15 18 0.010
