0_Parade_Parade_0_12
48
727 129 48 66 0.849
830 109 38 50 0.834
482 161 42 57 0.830
325 152 34 42 0.812
1005 131 19 33 0.794
913 146 25 32 0.785
640 140 30 34 0.783
252 168 24 29 0.732
574 175 26 30 0.720
188 206 19 25 0.698
277 190 27 31 0.689
396 172 33 45 0.656
126 195 21 24 0.655
154 198 19 23 0.645
538 204 10 13 0.561
372 197 16 20 0.548
425 177 14 20 0.476
598 191 14 19 0.322
444 185 12 15 0.220
528 192 9 12 0.124
769 196 9 11 0.121
764 193 11 13 0.101
446 189 11 14 0.064
54 206 10 11 0.057
89 213 14 16 0.054
593 188 20 25 0.049
120 200 15 18 0.049
129 173 8 9 0.042
459 178 8 11 0.038
107 207 10 13 0.037
429 175 12 18 0.035
175 198 14 18 0.035
58 206 11 12 0.032
0 195 6 8 0.031
71 207 11 13 0.029
453 179 14 18 0.027
548 188 7 8 0.025
166 191 16 20 0.024
169 185 12 14 0.021
14 193 5 7 0.019
67 203 10 13 0.019
38 217 7 8 0.018
68 208 11 13 0.017
113 206 11 15 0.014
1 193 9 10 0.014
547 190 7 10 0.013
619 155 13 18 0.012
383 172 18 26 0.011
