0_Parade_marchingband_1_445
113
481 145 41 49 0.773
663 113 40 48 0.742
816 104 41 52 0.732
266 107 30 40 0.680
337 95 27 32 0.606
162 104 33 38 0.456
175 109 33 37 0.405
857 127 18 24 0.370
414 121 22 26 0.316
578 143 10 13 0.254
914 181 11 13 0.239
902 113 10 11 0.226
934 110 12 14 0.207
614 62 11 13 0.146
921 157 11 13 0.140
593 119 11 14 0.126
895 133 10 13 0.121
775 109 10 11 0.110
499 10 10 12 0.108
989 151 11 14 0.106
583 0 10 10 0.090
579 137 11 15 0.076
919 277 14 18 0.075
950 159 11 13 0.074
273 2 10 10 0.071
548 24 9 11 0.070
8 130 17 19 0.070
877 63 11 13 0.068
52 32 12 15 0.068
1007 204 13 16 0.068
497 26 10 12 0.065
737 82 10 12 0.059
979 176 12 14 0.054
574 54 9 12 0.052
523 3 10 12 0.052
235 84 14 15 0.050
899 236 16 20 0.050
498 14 11 13 0.044
130 70 10 11 0.044
51 89 11 12 0.044
72 42 11 13 0.042
600 39 11 14 0.039
594 106 11 14 0.039
473 6 10 13 0.039
146 13 11 13 0.038
985 151 11 14 0.038
873 102 10 12 0.038
217 19 9 11 0.038
951 70 11 13 0.037
570 54 11 13 0.033
248 12 11 14 0.033
149 56 10 11 0.033
4 129 14 19 0.033
559 51 10 12 0.031
849 125 24 31 0.030
594 102 10 13 0.030
596 118 11 14 0.029
80 116 16 19 0.028
246 8 11 13 0.027
757 81 11 14 0.026
64 37 12 14 0.025
750 10 10 12 0.025
1006 102 12 14 0.025
493 26 10 13 0.025
619 5 11 12 0.024
100 72 10 13 0.023
578 25 11 13 0.023
562 50 11 13 0.023
1009 70 11 13 0.022
132 43 10 12 0.022
743 67 11 12 0.021
444 2 10 10 0.021
54 87 11 13 0.021
552 19 11 13 0.020
422 119 21 26 0.020
977 172 12 15 0.019
101 43 8 9 0.019
601 35 12 15 0.019
931 225 11 13 0.018
113 53 9 11 0.018
898 133 11 13 0.017
753 80 10 13 0.016
92 14 11 13 0.016
988 142 11 16 0.016
369 23 10 12 0.016
910 235 14 16 0.016
624 28 12 15 0.015
588 119 12 15 0.015
245 2 11 12 0.014
740 72 11 13 0.014
569 171 13 15 0.014
300 57 10 12 0.014
644 7 11 13 0.014
63 108 10 14 0.014
983 174 12 15 0.014
545 24 9 12 0.013
905 110 10 13 0.013
351 106 31 34 0.013
156 108 27 33 0.013
357 113 31 31 0.012
14 24 13 15 0.012
330 91 23 28 0.012
74 45 11 13 0.011
45 0 11 10 0.011
604 26 11 13 0.011
337 55 10 11 0.011
412 75 9 11 0.011
546 8 10 11 0.011
96 144 16 17 0.011
890 32 11 14 0.011
146 53 11 12 0.011
298 59 10 13 0.010
221 18 10 12 0.010
