0_Parade_Parade_0_102
115
525 538 21 27 0.711
740 538 17 20 0.701
184 535 19 24 0.700
661 527 21 24 0.694
58 542 19 22 0.683
935 438 23 27 0.680
423 539 20 23 0.660
84 539 15 20 0.659
269 530 17 23 0.645
805 440 27 32 0.636
332 543 16 21 0.634
496 521 17 19 0.631
12 531 10 12 0.574
597 523 18 20 0.568
865 541 18 21 0.561
552 540 17 22 0.540
614 527 13 16 0.531
295 524 10 13 0.499
381 544 11 14 0.465
138 528 9 11 0.450
222 526 12 13 0.442
517 525 13 15 0.414
364 539 10 12 0.383
376 524 10 11 0.314
49 531 10 11 0.277
129 528 8 10 0.276
298 543 8 12 0.264
69 523 9 11 0.235
638 542 11 13 0.203
691 529 12 14 0.186
587 526 14 18 0.179
184 374 9 10 0.178
131 530 8 10 0.178
408 508 7 9 0.160
717 532 9 11 0.151
127 530 7 9 0.142
169 522 7 9 0.134
201 526 11 14 0.131
327 533 12 16 0.129
298 525 9 12 0.115
399 518 7 9 0.114
697 530 9 11 0.111
305 538 8 11 0.104
324 531 10 13 0.099
831 506 25 28 0.090
31 527 7 8 0.084
171 524 8 9 0.078
582 529 12 15 0.071
682 529 14 17 0.059
963 486 19 23 0.054
750 511 14 19 0.054
569 522 8 9 0.053
722 527 10 12 0.049
396 536 8 9 0.049
405 510 8 10 0.047
225 528 11 13 0.047
0 515 7 10 0.045
764 530 15 19 0.045
30 529 7 9 0.045
629 520 7 9 0.044
16 530 10 11 0.044
471 530 9 12 0.040
94 520 8 9 0.034
39 524 7 8 0.033
757 523 14 19 0.031
55 516 6 7 0.031
461 520 6 8 0.030
747 516 13 14 0.030
77 519 8 10 0.028
959 494 21 26 0.028
971 544 19 25 0.028
362 486 7 9 0.025
104 389 6 6 0.025
522 524 10 12 0.024
418 524 8 10 0.024
752 500 15 19 0.023
639 545 13 15 0.023
473 529 10 12 0.023
637 525 9 11 0.023
588 521 12 14 0.022
208 522 7 9 0.022
469 533 8 11 0.022
376 545 11 14 0.021
462 522 7 9 0.021
97 522 7 8 0.019
350 528 9 11 0.019
346 531 10 12 0.018
13 523 8 9 0.018
833 517 22 26 0.017
1018 425 6 24 0.017
862 522 16 21 0.017
387 546 10 14 0.017
646 543 11 14 0.017
252 524 9 12 0.017
683 540 10 15 0.015
116 427 8 10 0.015
180 375 8 9 0.014
228 524 8 11 0.013
293 548 9 12 0.013
838 513 21 26 0.013
248 526 8 10 0.012
458 522 7 9 0.012
351 524 8 9 0.012
439 520 7 9 0.012
124 531 6 9 0.012
0 511 7 9 0.012
871 537 15 22 0.011
248 542 9 11 0.011
838 502 21 24 0.011
118 400 6 6 0.010
296 545 12 15 0.010
720 523 8 11 0.010
153 541 8 10 0.010
749 540 15 18 0.010
115 441 6 10 0.010
