0_Parade_Parade_0_266
101
955 336 26 34 0.737
30 418 13 17 0.574
864 572 23 37 0.461
167 337 10 13 0.400
711 362 37 77 0.372
153 398 10 14 0.300
909 444 19 24 0.291
995 324 17 21 0.285
211 325 9 12 0.270
128 403 11 15 0.263
1003 411 19 39 0.209
368 357 18 20 0.189
895 712 30 52 0.178
80 432 12 15 0.154
1 423 9 15 0.148
51 336 11 14 0.119
26 334 9 13 0.111
143 341 10 12 0.108
666 390 53 73 0.099
175 416 11 14 0.084
5 425 10 14 0.081
24 447 12 15 0.079
94 344 10 13 0.078
912 484 17 26 0.069
127 327 10 12 0.069
156 397 10 14 0.063
35 417 12 18 0.062
74 330 10 13 0.062
229 420 12 15 0.060
214 324 10 13 0.055
10 331 9 13 0.054
90 322 9 11 0.050
898 329 9 11 0.049
954 309 10 12 0.048
118 401 13 15 0.047
275 335 10 12 0.047
284 361 12 15 0.045
217 382 11 14 0.045
198 344 9 12 0.044
50 342 11 14 0.044
496 372 17 22 0.044
195 345 10 13 0.042
75 343 10 12 0.039
305 336 9 11 0.039
14 335 9 12 0.039
70 330 10 13 0.036
80 327 9 12 0.034
78 436 12 16 0.034
171 417 11 15 0.032
948 482 21 32 0.032
724 372 27 63 0.031
141 327 9 10 0.031
958 310 11 12 0.028
467 344 16 21 0.028
120 439 13 15 0.027
83 324 10 12 0.027
938 347 9 13 0.024
410 366 13 16 0.024
5 328 8 13 0.024
864 319 8 10 0.024
178 414 11 14 0.020
9 428 11 14 0.020
778 323 9 11 0.019
897 311 8 9 0.019
50 348 10 13 0.019
279 336 8 12 0.018
1007 319 14 21 0.018
222 337 9 12 0.018
112 397 12 16 0.017
1001 401 18 38 0.017
491 370 16 21 0.017
424 291 22 25 0.016
912 437 20 26 0.016
153 318 8 10 0.016
276 329 8 10 0.015
95 394 10 13 0.014
219 334 10 12 0.014
812 318 8 9 0.014
99 344 11 13 0.014
192 345 8 12 0.013
178 327 8 10 0.013
235 399 11 13 0.013
43 420 11 15 0.013
478 358 15 20 0.013
373 362 16 19 0.013
319 360 12 14 0.013
172 325 8 10 0.012
94 321 9 10 0.012
798 326 7 10 0.012
27 449 13 15 0.012
482 361 13 18 0.012
337 374 13 14 0.012
908 433 19 25 0.012
829 335 8 10 0.012
244 436 11 14 0.012
234 421 11 13 0.011
82 427 12 15 0.011
301 337 9 11 0.010
73 368 10 13 0.010
460 342 18 22 0.010
861 317 8 11 0.010
