0_Parade_Parade_0_688
73
455 531 25 30 0.768
535 461 17 22 0.741
450 503 21 25 0.680
6 583 14 16 0.672
278 525 24 27 0.654
808 526 16 20 0.653
882 522 14 18 0.650
567 542 16 20 0.648
845 569 14 19 0.646
967 511 9 13 0.530
216 538 17 25 0.483
534 594 18 22 0.463
54 553 9 11 0.430
945 528 9 12 0.411
309 511 14 23 0.347
823 532 11 14 0.345
816 528 15 18 0.261
2 567 10 13 0.219
775 538 5 7 0.210
840 530 8 12 0.187
24 563 9 11 0.176
912 534 6 7 0.161
33 552 7 9 0.153
206 549 14 21 0.142
367 528 10 13 0.132
733 482 14 20 0.110
786 548 6 8 0.100
32 598 13 16 0.098
671 467 13 16 0.095
843 533 7 9 0.091
70 576 10 12 0.089
1004 550 8 11 0.085
915 533 6 7 0.077
266 530 13 19 0.070
1017 531 6 8 0.070
907 535 7 7 0.061
0 554 7 10 0.061
774 537 8 9 0.056
272 524 18 24 0.052
363 524 12 18 0.052
943 529 8 10 0.050
842 530 9 10 0.049
916 536 6 8 0.044
967 720 20 35 0.043
33 591 11 16 0.039
545 562 14 22 0.038
960 542 7 7 0.035
264 533 12 18 0.035
993 532 7 10 0.033
865 537 7 10 0.033
44 572 7 10 0.030
761 544 5 7 0.027
864 533 6 9 0.026
940 530 9 10 0.025
866 535 6 8 0.025
204 549 11 17 0.024
850 544 5 6 0.022
243 535 11 18 0.020
73 578 10 13 0.019
29 602 14 16 0.017
527 594 18 22 0.016
34 603 12 15 0.016
36 551 7 9 0.014
983 598 13 15 0.014
0 550 7 9 0.014
782 547 6 7 0.013
783 545 9 10 0.012
45 572 9 11 0.012
738 482 10 17 0.012
780 538 5 7 0.011
72 583 10 13 0.011
539 590 15 20 0.011
841 498 5 7 0.010
