0_Parade_marchingband_1_78
590
568 255 8 10 0.595
587 341 8 11 0.584
655 359 8 10 0.574
908 572 9 12 0.554
512 186 7 10 0.540
974 153 8 10 0.536
548 205 8 9 0.534
779 174 7 9 0.530
830 231 8 10 0.525
1011 170 8 9 0.523
844 186 8 9 0.522
680 253 8 10 0.522
726 133 7 9 0.505
596 145 8 9 0.499
544 153 7 9 0.497
962 188 8 9 0.494
978 634 10 12 0.492
655 191 7 10 0.481
509 127 8 9 0.477
601 115 7 9 0.476
993 193 8 10 0.472
1004 143 8 9 0.470
842 151 7 9 0.468
627 111 7 8 0.467
746 113 6 9 0.467
738 173 7 9 0.466
945 149 8 10 0.465
853 401 9 10 0.465
688 138 7 9 0.463
14 243 8 10 0.463
1015 208 8 9 0.461
699 591 11 13 0.459
729 201 8 9 0.459
810 150 7 8 0.458
461 171 7 8 0.457
812 183 8 9 0.456
910 54 7 8 0.455
964 270 8 9 0.450
487 133 7 9 0.450
848 120 7 9 0.447
385 105 8 9 0.445
766 380 8 10 0.445
426 173 7 10 0.443
641 8 6 8 0.441
392 161 7 9 0.441
942 104 7 8 0.439
1012 529 9 11 0.439
587 22 6 7 0.437
463 108 6 9 0.437
1013 109 7 9 0.434
637 154 7 10 0.434
784 69 7 8 0.432
787 93 7 8 0.432
677 24 6 7 0.428
574 120 7 9 0.427
881 157 7 9 0.427
860 596 9 11 0.427
915 171 8 9 0.425
895 202 7 9 0.425
113 232 7 10 0.425
370 168 7 10 0.423
235 186 7 9 0.421
706 266 7 9 0.421
268 203 8 10 0.420
581 199 7 9 0.420
967 88 7 9 0.417
1007 288 8 10 0.416
865 96 7 9 0.414
920 215 7 9 0.414
692 7 6 7 0.411
778 127 7 8 0.411
904 101 7 8 0.410
814 119 7 9 0.409
941 170 8 9 0.409
697 191 7 9 0.405
309 161 6 9 0.403
188 192 8 9 0.402
855 497 8 11 0.402
881 129 7 9 0.402
682 92 7 8 0.397
768 140 6 9 0.395
441 95 7 8 0.395
532 126 7 8 0.395
461 305 8 9 0.395
945 247 7 10 0.393
322 181 7 9 0.391
605 9 6 7 0.390
525 38 7 9 0.389
328 152 7 9 0.388
444 125 7 8 0.387
885 311 8 10 0.384
804 613 10 11 0.384
516 325 8 9 0.381
721 11 6 7 0.379
935 228 6 9 0.379
263 136 7 8 0.377
291 168 7 9 0.377
496 160 7 9 0.377
730 158 7 10 0.377
470 81 6 8 0.376
825 106 7 8 0.376
910 126 7 10 0.370
182 240 7 10 0.370
742 94 7 8 0.370
452 143 7 9 0.369
50 441 9 13 0.365
364 143 7 9 0.364
423 126 6 8 0.362
976 109 7 8 0.362
331 297 8 10 0.360
434 149 7 9 0.357
748 15 6 7 0.355
953 218 7 9 0.355
130 344 10 12 0.355
67 398 8 12 0.355
648 137 7 8 0.355
853 54 6 8 0.354
603 172 7 9 0.353
499 14 5 6 0.350
324 116 6 7 0.348
958 119 6 9 0.345
464 144 7 9 0.345
265 170 7 9 0.342
574 174 8 9 0.340
675 168 7 9 0.337
509 96 6 8 0.335
974 567 8 11 0.333
619 54 7 8 0.329
911 84 6 9 0.319
403 135 7 8 0.316
779 50 6 7 0.306
562 93 7 8 0.302
345 178 7 9 0.302
415 149 6 8 0.292
706 170 7 8 0.292
698 468 10 11 0.289
815 220 7 9 0.289
752 596 9 13 0.289
1004 124 7 9 0.288
914 306 9 10 0.280
667 110 6 8 0.280
289 128 7 8 0.277
654 24 6 8 0.277
628 16 6 7 0.276
484 216 7 9 0.274
170 120 6 7 0.273
842 262 8 10 0.270
238 146 6 8 0.268
163 205 7 10 0.264
400 193 7 9 0.264
256 91 6 7 0.264
474 197 7 8 0.254
32 126 6 7 0.254
788 208 8 9 0.249
704 26 6 7 0.249
711 52 7 8 0.247
666 11 5 7 0.247
368 376 8 10 0.236
545 177 7 8 0.235
992 313 8 10 0.234
91 104 6 6 0.228
489 109 6 8 0.226
827 587 9 11 0.222
866 148 7 9 0.217
215 194 7 9 0.215
373 34 6 7 0.214
218 155 6 8 0.212
513 215 7 9 0.212
929 198 7 9 0.208
758 210 7 9 0.207
271 61 6 7 0.205
622 92 7 8 0.200
1017 94 6 9 0.200
56 189 6 8 0.198
436 55 5 7 0.195
444 209 7 9 0.191
877 195 7 8 0.188
172 120 5 8 0.188
132 316 8 10 0.187
412 104 6 8 0.186
562 558 10 12 0.185
344 151 7 8 0.182
1006 628 8 11 0.182
555 130 6 8 0.176
166 260 7 10 0.175
879 156 6 9 0.173
585 21 6 8 0.171
133 319 8 10 0.169
433 414 8 10 0.168
322 115 6 8 0.168
463 448 8 11 0.168
980 362 8 10 0.168
724 283 8 9 0.164
354 75 6 8 0.162
252 268 8 11 0.157
283 198 7 8 0.152
561 45 6 8 0.151
331 153 7 9 0.148
742 130 6 8 0.147
879 130 7 8 0.146
161 307 8 10 0.140
961 270 8 9 0.135
509 75 6 7 0.135
345 152 7 9 0.133
367 169 8 9 0.133
17 512 12 14 0.131
599 620 9 11 0.131
56 209 7 9 0.130
179 223 7 10 0.130
606 172 6 9 0.130
250 308 7 10 0.129
709 484 9 11 0.129
635 31 6 7 0.128
198 159 6 9 0.126
138 243 7 8 0.125
704 479 9 12 0.124
546 205 7 9 0.124
373 134 6 8 0.120
60 213 7 9 0.118
491 110 7 8 0.118
404 399 9 10 0.118
118 159 6 8 0.117
211 195 8 9 0.116
840 149 7 9 0.115
776 174 7 9 0.115
913 83 7 9 0.115
543 181 7 9 0.114
680 91 7 9 0.114
674 24 7 8 0.114
58 211 7 9 0.113
651 136 6 9 0.112
776 50 6 8 0.107
588 20 7 9 0.106
496 14 5 6 0.106
82 379 9 13 0.105
922 212 7 11 0.105
274 62 5 7 0.104
179 76 6 8 0.104
503 178 7 10 0.102
385 142 7 8 0.101
853 497 7 11 0.100
240 146 7 8 0.098
945 137 7 9 0.097
155 240 7 9 0.095
130 313 7 10 0.095
64 396 10 13 0.095
469 189 7 9 0.094
563 44 6 8 0.094
303 251 8 10 0.092
910 210 8 9 0.092
942 248 8 10 0.091
842 246 7 9 0.090
433 57 6 7 0.089
727 76 6 8 0.089
852 56 7 9 0.089
164 306 8 10 0.088
486 109 7 9 0.088
347 91 7 9 0.086
902 607 9 12 0.086
173 290 8 9 0.081
917 170 7 9 0.081
204 167 7 8 0.081
431 413 8 10 0.079
216 198 8 9 0.077
616 53 7 9 0.076
249 269 9 11 0.076
705 117 7 9 0.075
838 152 9 8 0.075
974 109 7 10 0.074
977 567 7 11 0.074
981 633 10 12 0.074
54 243 7 11 0.073
789 36 6 6 0.072
958 288 7 9 0.072
169 119 5 7 0.071
543 189 8 8 0.071
414 103 7 8 0.070
851 114 7 8 0.069
462 221 8 9 0.068
705 171 6 8 0.068
835 183 7 9 0.067
356 116 7 9 0.067
200 162 7 9 0.067
910 123 7 9 0.067
454 144 7 9 0.066
375 229 7 9 0.065
763 381 8 9 0.065
54 188 6 9 0.064
861 41 6 8 0.063
686 136 8 10 0.063
269 76 6 7 0.063
974 104 8 10 0.063
116 160 7 9 0.061
481 219 7 9 0.061
940 340 8 9 0.061
51 241 8 10 0.060
959 88 6 8 0.060
10 478 11 15 0.060
326 295 9 11 0.060
271 78 7 9 0.060
370 50 6 8 0.059
844 280 7 9 0.059
1 542 8 14 0.058
462 223 7 10 0.057
785 36 6 7 0.057
349 86 6 9 0.057
366 377 8 11 0.055
733 44 6 7 0.055
566 559 10 12 0.054
1004 131 8 12 0.054
472 194 8 10 0.054
877 199 8 9 0.053
126 312 8 11 0.053
238 142 8 9 0.052
590 92 6 8 0.052
1013 208 7 10 0.052
928 124 6 10 0.052
644 204 7 8 0.051
390 136 6 8 0.050
109 232 9 10 0.050
850 78 6 9 0.050
464 305 8 10 0.049
782 38 6 8 0.049
270 70 6 7 0.049
252 308 8 11 0.048
121 163 7 8 0.048
161 248 8 10 0.048
234 148 8 9 0.047
958 135 7 9 0.047
411 208 7 9 0.047
915 31 8 9 0.046
292 129 7 8 0.046
94 104 6 6 0.046
221 204 7 10 0.046
670 110 6 9 0.046
841 251 8 10 0.045
376 34 5 7 0.045
919 74 6 8 0.044
271 123 6 8 0.044
152 243 9 10 0.044
940 47 5 7 0.044
887 309 9 10 0.044
749 598 9 12 0.043
975 339 7 10 0.043
431 476 8 10 0.043
180 93 6 7 0.043
596 619 9 12 0.042
29 126 5 7 0.042
286 198 7 9 0.042
850 108 6 8 0.041
817 291 9 10 0.041
867 96 7 9 0.040
786 65 6 9 0.040
435 151 7 9 0.039
996 313 7 10 0.039
913 53 7 8 0.039
247 73 5 7 0.039
138 320 8 11 0.039
269 124 6 8 0.039
779 124 7 9 0.038
54 248 8 10 0.038
556 135 6 8 0.038
235 281 7 10 0.038
171 290 8 10 0.038
415 222 7 9 0.038
426 185 7 9 0.037
412 213 8 10 0.037
461 226 7 9 0.037
917 216 7 9 0.037
252 110 6 8 0.036
911 572 9 12 0.036
857 48 8 9 0.036
715 51 6 8 0.036
0 260 5 11 0.035
245 74 5 6 0.035
354 116 6 8 0.035
571 178 6 9 0.035
118 161 7 9 0.034
513 569 9 12 0.034
571 174 8 9 0.034
667 80 6 7 0.034
902 602 10 12 0.034
603 83 6 7 0.033
673 123 8 10 0.032
428 191 7 9 0.032
180 89 6 7 0.032
54 441 9 13 0.031
919 307 9 10 0.031
718 32 6 8 0.031
347 97 6 8 0.031
922 126 7 9 0.031
558 65 6 7 0.030
1007 90 6 7 0.030
794 34 6 7 0.030
28 475 10 13 0.030
124 309 7 10 0.029
584 24 7 8 0.029
298 310 8 10 0.029
253 97 6 7 0.029
500 176 7 9 0.029
326 298 9 11 0.029
511 322 8 10 0.028
172 117 6 8 0.028
819 288 8 10 0.028
565 255 8 10 0.028
516 214 7 8 0.028
983 363 9 11 0.027
430 73 7 8 0.027
910 56 8 10 0.027
410 211 8 10 0.027
700 26 6 7 0.027
23 361 8 11 0.027
176 485 10 12 0.027
938 338 9 11 0.027
623 189 7 9 0.027
906 199 7 9 0.026
177 288 7 11 0.026
533 103 6 8 0.026
440 54 6 7 0.026
684 93 6 9 0.026
726 284 7 9 0.025
407 397 9 11 0.025
350 81 7 9 0.025
902 612 9 11 0.025
323 498 8 11 0.025
730 155 7 9 0.025
78 245 7 10 0.025
760 206 7 9 0.025
641 204 7 9 0.025
414 212 8 9 0.024
777 124 6 9 0.024
206 269 7 9 0.024
180 83 5 8 0.024
179 99 6 7 0.024
629 14 8 9 0.024
834 166 8 10 0.024
709 170 6 9 0.024
696 492 9 10 0.023
357 72 6 8 0.023
352 84 5 8 0.023
117 156 6 8 0.023
748 17 5 8 0.023
328 149 7 10 0.023
478 110 6 7 0.023
335 179 8 9 0.022
46 440 10 13 0.022
443 93 6 9 0.022
741 91 7 9 0.022
487 62 6 7 0.022
547 58 6 8 0.022
1000 124 7 8 0.022
124 170 7 9 0.022
126 173 7 8 0.022
192 254 7 10 0.022
668 114 6 9 0.022
967 171 7 9 0.021
416 153 7 9 0.021
507 481 8 10 0.021
265 105 6 7 0.021
535 123 7 9 0.021
1014 337 8 11 0.021
258 110 6 8 0.021
854 519 7 9 0.021
656 161 6 8 0.020
853 77 6 8 0.020
226 164 6 8 0.020
519 53 6 9 0.020
515 61 6 9 0.020
352 99 6 8 0.020
618 56 7 9 0.020
504 321 8 9 0.020
1005 87 6 8 0.020
53 210 7 9 0.020
325 499 9 11 0.019
63 217 8 9 0.019
750 34 5 7 0.019
863 39 6 8 0.019
582 209 7 9 0.019
823 281 9 10 0.019
91 247 8 10 0.019
921 120 7 8 0.019
120 155 7 8 0.019
52 248 7 10 0.019
517 323 7 9 0.019
169 147 6 8 0.019
277 147 6 8 0.018
982 78 6 8 0.018
931 190 8 10 0.018
327 121 6 8 0.018
621 191 6 8 0.018
975 114 6 9 0.018
186 90 5 7 0.018
507 72 6 8 0.018
856 56 7 10 0.018
514 322 8 9 0.018
267 206 8 10 0.018
899 322 7 8 0.018
244 154 6 8 0.018
539 176 7 9 0.017
90 108 6 7 0.017
302 137 6 8 0.017
735 43 6 8 0.017
0 275 4 11 0.017
856 494 8 11 0.017
186 509 10 12 0.017
198 261 8 11 0.017
488 476 8 11 0.017
467 172 6 8 0.017
461 229 7 8 0.017
274 75 6 7 0.017
631 111 6 8 0.017
1018 271 7 11 0.017
892 203 7 9 0.016
585 340 7 11 0.016
441 60 6 7 0.016
72 227 7 9 0.016
553 171 7 10 0.016
561 550 10 13 0.016
984 77 6 7 0.016
337 147 6 8 0.016
53 231 8 10 0.016
398 196 7 10 0.016
17 259 7 9 0.016
479 208 7 9 0.016
166 290 8 10 0.016
582 214 7 8 0.016
87 379 9 13 0.015
430 77 6 8 0.015
997 576 8 11 0.015
734 25 5 7 0.015
3 543 10 15 0.015
910 142 6 9 0.015
700 472 9 13 0.015
433 478 8 11 0.015
263 138 7 9 0.015
653 362 9 9 0.015
7 477 10 14 0.015
813 222 8 10 0.015
556 558 10 13 0.015
1004 83 6 7 0.015
119 32 4 6 0.015
609 27 6 8 0.014
606 15 6 8 0.014
913 56 7 8 0.014
871 331 8 9 0.014
15 483 11 14 0.014
92 121 6 8 0.014
1012 526 7 10 0.014
1010 341 8 11 0.014
661 10 5 6 0.014
289 125 7 8 0.014
905 606 10 12 0.014
750 205 8 9 0.014
199 212 7 10 0.014
981 221 8 9 0.013
137 344 9 12 0.013
987 204 8 10 0.013
578 198 7 10 0.013
0 174 6 9 0.013
954 318 9 10 0.013
415 216 8 9 0.013
829 584 9 11 0.012
32 478 9 14 0.012
986 348 8 10 0.012
0 547 10 14 0.012
179 78 8 10 0.012
955 288 7 9 0.012
658 159 6 8 0.012
935 149 7 9 0.012
399 106 7 8 0.012
987 313 8 11 0.012
848 186 8 9 0.012
211 228 7 10 0.011
223 202 8 9 0.011
31 472 10 13 0.011
968 382 7 9 0.011
101 242 9 11 0.011
638 199 8 9 0.011
319 497 9 11 0.011
602 166 7 9 0.011
191 160 7 8 0.011
347 456 8 11 0.011
976 139 7 9 0.011
91 123 6 8 0.011
499 187 7 9 0.011
983 82 7 8 0.010
972 681 8 11 0.010
428 474 9 11 0.010
827 275 7 10 0.010
231 280 8 10 0.010
