0_Parade_marchingband_1_910
25
570 229 52 61 0.823
374 259 48 46 0.785
77 241 36 38 0.779
207 206 44 48 0.761
769 339 73 93 0.753
139 224 32 36 0.742
40 223 34 41 0.741
441 270 47 48 0.738
285 257 38 39 0.730
526 224 42 58 0.720
941 273 60 83 0.680
484 190 38 49 0.657
335 233 35 44 0.536
111 238 23 29 0.452
582 113 43 49 0.091
116 233 28 32 0.059
1013 58 11 43 0.053
5 264 19 24 0.047
884 68 31 36 0.021
669 101 61 87 0.020
980 141 29 33 0.016
350 229 34 42 0.014
976 285 33 62 0.013
1 259 9 21 0.012
987 134 27 35 0.010
