0_Parade_marchingband_1_1045
78
943 261 42 53 0.794
660 268 29 38 0.708
88 264 34 40 0.703
357 292 21 28 0.691
180 313 20 27 0.677
385 297 16 21 0.672
695 257 22 29 0.662
586 254 28 42 0.638
439 301 18 22 0.617
0 313 14 22 0.610
505 304 16 20 0.577
150 316 14 22 0.563
755 304 16 20 0.534
202 318 13 19 0.529
278 296 25 30 0.525
777 296 13 15 0.508
213 307 11 15 0.497
484 308 13 15 0.487
419 307 11 15 0.470
469 290 13 17 0.381
598 306 13 17 0.379
54 286 21 23 0.372
316 288 9 12 0.364
234 285 10 12 0.308
791 301 12 14 0.271
329 305 13 16 0.270
229 258 9 11 0.261
306 301 12 16 0.221
15 295 10 13 0.218
463 317 13 17 0.158
535 294 12 14 0.144
465 293 12 18 0.136
219 245 10 11 0.104
144 321 15 24 0.091
287 296 20 26 0.082
332 301 11 15 0.074
410 277 8 10 0.074
420 284 9 12 0.064
39 297 15 19 0.061
43 294 17 21 0.061
325 306 13 17 0.056
17 314 14 18 0.054
248 313 14 19 0.054
237 287 10 13 0.052
231 285 9 12 0.046
547 305 17 19 0.046
155 317 13 20 0.046
249 301 12 18 0.040
795 301 12 14 0.031
479 303 20 24 0.029
866 326 6 7 0.028
524 308 12 16 0.028
1005 308 6 6 0.028
539 294 14 16 0.024
813 284 8 11 0.021
137 324 16 22 0.020
476 294 13 17 0.019
204 249 10 12 0.019
702 259 18 24 0.017
301 295 20 25 0.016
417 287 9 13 0.015
747 307 17 18 0.015
502 301 14 19 0.014
252 298 14 18 0.014
19 317 16 20 0.014
1003 310 5 7 0.014
245 293 14 18 0.013
116 305 14 19 0.013
11 322 14 21 0.013
332 291 8 10 0.013
237 314 12 14 0.013
226 258 9 12 0.013
868 327 6 7 0.013
140 329 16 21 0.011
8 335 13 17 0.010
752 310 16 18 0.010
250 317 15 20 0.010
761 307 13 17 0.010
