0_Parade_marchingband_1_234
56
845 252 16 19 0.783
704 418 16 20 0.779
367 307 17 20 0.768
281 419 16 20 0.764
702 253 16 18 0.756
676 282 17 19 0.756
728 316 16 19 0.749
334 410 17 22 0.748
404 409 17 23 0.748
647 410 15 21 0.746
525 414 16 20 0.746
434 311 17 21 0.745
808 281 16 18 0.744
569 267 16 17 0.743
613 320 16 20 0.741
583 415 15 20 0.741
471 401 16 22 0.739
217 293 15 19 0.738
602 205 16 18 0.738
306 312 17 20 0.738
668 320 16 21 0.738
255 254 15 17 0.737
555 311 17 20 0.737
508 254 16 19 0.734
760 420 16 20 0.733
318 259 15 16 0.733
785 318 17 21 0.732
343 277 16 18 0.730
402 289 16 18 0.729
776 254 16 18 0.728
643 248 16 18 0.727
207 419 16 20 0.726
747 272 16 18 0.726
864 301 15 18 0.726
671 209 15 17 0.723
375 263 15 17 0.720
529 222 16 17 0.718
540 291 17 18 0.711
436 260 15 17 0.707
353 230 15 15 0.699
291 230 15 16 0.698
467 232 15 17 0.696
480 174 17 17 0.695
228 221 16 18 0.693
285 296 15 17 0.690
606 303 16 18 0.688
401 216 15 16 0.684
489 308 16 19 0.683
243 329 17 20 0.681
836 325 16 18 0.677
554 165 16 17 0.660
736 230 15 16 0.659
188 326 16 17 0.643
469 309 16 18 0.578
365 251 16 17 0.181
142 426 10 13 0.011
