0_Parade_marchingband_1_488
38
41 266 20 27 0.756
445 268 21 29 0.751
272 332 12 17 0.668
324 313 12 19 0.659
611 321 13 22 0.636
645 348 9 13 0.574
687 330 12 16 0.572
730 361 8 11 0.545
374 344 10 12 0.544
497 340 10 14 0.460
911 384 7 9 0.374
942 375 7 9 0.355
809 383 7 9 0.350
766 370 8 10 0.303
762 370 9 10 0.289
860 368 8 10 0.218
1017 302 7 20 0.211
758 370 9 10 0.210
513 352 10 13 0.199
975 391 6 7 0.195
896 392 7 8 0.130
492 342 10 12 0.112
760 368 8 10 0.093
987 403 6 8 0.085
940 377 8 9 0.083
944 374 8 9 0.050
974 389 6 7 0.043
771 370 8 11 0.034
912 382 7 8 0.030
95 360 8 9 0.025
691 327 10 14 0.020
694 329 10 14 0.017
95 363 9 11 0.014
1011 303 11 17 0.014
514 356 10 12 0.014
367 331 9 10 0.013
978 387 6 8 0.013
95 375 11 14 0.011
