0_Parade_marchingband_1_267
103
166 244 34 40 0.818
0 217 28 47 0.810
426 201 25 33 0.805
468 221 31 39 0.777
315 220 25 34 0.752
549 178 20 25 0.751
506 193 22 27 0.751
584 178 20 26 0.749
510 233 27 31 0.745
586 225 25 32 0.744
356 234 24 32 0.739
624 173 18 24 0.707
925 144 16 20 0.697
805 138 16 18 0.683
566 137 16 18 0.672
589 141 14 15 0.667
831 144 14 16 0.662
712 163 17 22 0.647
708 185 17 24 0.621
647 155 15 18 0.607
652 194 22 27 0.567
681 143 13 15 0.566
762 153 13 15 0.494
407 116 8 11 0.490
704 149 12 13 0.472
736 145 13 16 0.439
634 147 12 15 0.435
846 132 10 12 0.434
474 195 21 24 0.422
882 118 8 11 0.368
677 197 16 24 0.347
788 137 10 13 0.333
937 104 6 8 0.332
437 111 8 9 0.322
897 122 8 10 0.314
491 104 9 10 0.300
664 149 11 13 0.282
509 112 8 10 0.250
985 145 9 12 0.230
985 111 6 8 0.225
490 99 8 11 0.207
963 133 9 12 0.185
915 118 8 10 0.182
972 110 6 7 0.177
687 144 13 13 0.167
549 148 14 15 0.155
658 148 13 16 0.154
970 110 6 8 0.153
485 92 8 9 0.143
784 140 10 12 0.120
792 136 9 11 0.118
618 155 10 12 0.118
966 111 7 7 0.110
608 209 20 26 0.099
976 110 7 8 0.097
617 106 10 10 0.095
917 119 9 10 0.093
791 139 11 12 0.088
512 110 7 10 0.082
939 105 6 8 0.081
931 145 13 16 0.079
940 131 9 11 0.075
504 111 9 10 0.072
960 111 6 8 0.059
1002 109 7 8 0.052
506 113 8 11 0.045
460 117 8 9 0.043
993 142 8 12 0.041
474 104 8 10 0.038
979 88 6 7 0.037
469 105 7 9 0.035
613 107 9 10 0.034
955 133 10 11 0.034
641 106 8 9 0.033
997 139 8 12 0.033
966 129 8 11 0.032
555 112 9 10 0.031
583 93 7 10 0.029
740 142 12 12 0.028
952 97 6 8 0.026
985 111 8 10 0.025
425 105 7 8 0.025
631 151 12 15 0.023
734 141 11 13 0.023
1007 110 6 8 0.019
470 195 18 22 0.017
778 152 10 12 0.016
894 120 12 13 0.015
800 143 15 16 0.015
628 108 9 9 0.015
744 150 12 15 0.014
621 105 9 10 0.014
1009 104 6 10 0.012
912 97 7 7 0.012
1003 107 8 11 0.012
688 191 20 27 0.012
910 98 7 8 0.012
753 141 10 12 0.012
367 236 20 29 0.012
645 105 7 8 0.012
974 88 6 7 0.011
858 140 9 12 0.011
998 135 7 10 0.011
