0_Parade_marchingband_1_768
38
279 208 36 42 0.748
820 616 37 45 0.745
675 635 34 41 0.736
983 640 36 37 0.692
910 651 32 32 0.684
462 611 21 28 0.675
533 614 20 23 0.656
783 621 13 15 0.620
640 636 11 13 0.572
500 635 13 15 0.527
712 622 12 16 0.499
403 625 12 14 0.488
609 628 11 13 0.461
300 646 12 17 0.411
377 619 11 13 0.314
556 623 12 16 0.188
540 617 17 19 0.108
611 632 10 12 0.057
276 659 10 13 0.055
607 631 11 13 0.036
189 576 6 7 0.029
550 618 14 17 0.026
192 660 17 17 0.024
290 608 10 12 0.023
897 551 7 9 0.020
819 556 8 9 0.019
303 648 12 16 0.019
1002 549 9 11 0.018
267 646 11 13 0.018
156 661 14 16 0.017
5 628 13 17 0.016
203 578 5 6 0.015
63 631 12 14 0.013
187 576 6 8 0.013
498 602 8 10 0.012
536 572 6 7 0.012
789 621 11 13 0.011
648 568 5 6 0.010
