0_Parade_Parade_0_247
99
312 415 11 16 0.595
68 429 9 12 0.425
36 435 10 13 0.402
101 437 11 12 0.365
879 486 13 14 0.342
386 422 8 10 0.263
891 451 11 12 0.233
135 434 8 10 0.206
296 437 7 9 0.165
254 448 7 9 0.151
175 440 11 13 0.131
617 452 6 7 0.100
706 448 9 11 0.093
65 430 9 11 0.090
862 443 9 10 0.089
281 440 6 8 0.088
177 438 10 12 0.086
864 487 11 14 0.085
272 444 6 7 0.084
50 452 9 12 0.082
315 416 12 14 0.081
171 439 11 12 0.068
12 432 9 11 0.067
991 447 16 19 0.064
105 435 10 11 0.059
33 437 11 12 0.059
402 451 5 8 0.058
355 458 6 8 0.057
757 490 7 9 0.056
948 463 14 16 0.055
259 434 7 9 0.050
14 429 10 11 0.047
252 448 6 8 0.045
17 434 10 12 0.044
284 440 6 8 0.044
703 447 9 11 0.043
757 452 7 9 0.043
122 453 10 12 0.043
619 453 6 7 0.042
970 492 13 15 0.040
138 435 7 11 0.040
463 451 5 6 0.038
645 443 7 8 0.037
523 450 6 6 0.037
793 425 11 15 0.034
462 450 5 6 0.034
18 437 9 12 0.034
351 460 6 7 0.033
822 436 12 13 0.032
261 444 8 10 0.031
0 6 16 56 0.031
760 453 7 8 0.027
769 491 7 8 0.026
946 459 12 14 0.026
346 447 6 7 0.026
257 432 7 8 0.025
333 450 6 7 0.025
53 423 9 11 0.024
19 491 10 12 0.024
184 439 9 12 0.023
616 451 6 7 0.023
859 443 8 9 0.023
668 450 6 8 0.022
358 456 5 7 0.022
616 453 5 7 0.022
772 490 6 8 0.021
945 464 12 14 0.021
170 445 10 11 0.020
687 443 8 9 0.020
620 450 6 8 0.020
177 445 10 12 0.018
187 435 9 12 0.018
83 467 9 12 0.018
241 387 8 10 0.017
954 463 14 16 0.017
475 455 5 6 0.017
233 387 10 10 0.017
297 438 9 12 0.017
757 492 9 10 0.016
255 441 8 11 0.015
454 438 5 6 0.015
119 449 10 12 0.014
236 386 10 11 0.014
258 430 8 9 0.014
870 421 10 11 0.013
987 452 14 19 0.013
59 491 11 11 0.013
6 437 9 11 0.013
166 443 9 12 0.012
134 430 9 10 0.012
541 448 5 7 0.012
732 502 6 7 0.012
689 439 9 13 0.011
893 448 11 12 0.011
374 423 9 12 0.011
398 450 6 7 0.011
745 495 7 7 0.011
716 18 23 25 0.010
705 452 9 11 0.010
