0_Parade_marchingband_1_379
59
189 319 20 26 0.657
536 311 24 34 0.645
697 289 27 33 0.618
429 303 36 39 0.606
812 320 18 23 0.577
279 303 25 32 0.555
602 321 12 15 0.540
955 314 13 14 0.528
985 326 12 14 0.511
658 326 16 18 0.496
849 319 11 14 0.488
767 321 11 14 0.476
898 314 14 17 0.475
506 304 9 15 0.457
86 325 18 22 0.442
581 299 8 9 0.400
384 320 14 16 0.304
260 322 17 21 0.279
879 326 8 10 0.258
786 321 11 14 0.227
279 315 21 26 0.210
932 323 9 10 0.206
1013 320 8 10 0.201
883 315 7 9 0.162
867 326 8 10 0.159
875 326 7 10 0.129
783 324 13 14 0.091
947 318 10 12 0.085
745 325 10 12 0.064
974 325 11 12 0.057
426 307 27 31 0.055
264 330 17 19 0.054
683 307 13 17 0.053
240 330 15 19 0.051
686 304 16 20 0.038
615 319 10 12 0.037
94 332 17 17 0.036
959 318 12 14 0.034
796 319 14 17 0.032
619 317 9 11 0.032
857 324 10 13 0.031
80 325 16 20 0.030
901 308 12 16 0.029
385 309 13 16 0.025
951 317 11 13 0.025
578 299 8 10 0.024
509 303 8 13 0.020
743 310 9 13 0.019
747 314 11 14 0.017
878 315 7 9 0.015
86 318 18 20 0.015
845 318 10 14 0.014
389 306 12 14 0.013
558 326 15 17 0.013
739 303 10 15 0.013
902 322 13 14 0.013
752 312 9 10 0.010
970 337 11 13 0.010
740 314 10 15 0.010
