0_Parade_marchingband_1_188
107
548 516 12 15 0.656
253 501 11 13 0.648
920 486 11 14 0.624
575 570 11 13 0.609
442 548 12 14 0.585
301 375 10 10 0.546
784 384 10 11 0.541
242 325 9 10 0.534
556 264 8 10 0.525
211 416 9 11 0.522
522 366 9 11 0.518
504 280 8 9 0.509
694 282 8 9 0.501
611 280 8 10 0.499
452 320 9 10 0.494
687 350 10 11 0.490
797 359 10 11 0.489
65 323 8 9 0.478
439 273 8 10 0.468
589 324 8 10 0.468
343 321 8 10 0.465
723 303 8 10 0.463
614 434 11 11 0.460
709 406 11 12 0.457
50 429 10 11 0.450
362 254 7 9 0.448
334 269 8 9 0.414
250 264 7 9 0.405
119 334 8 9 0.405
158 369 9 10 0.386
774 446 11 12 0.382
615 370 10 11 0.375
601 408 11 11 0.374
665 392 9 10 0.367
504 395 10 10 0.355
469 429 10 12 0.352
493 177 7 8 0.352
296 248 7 9 0.350
780 183 7 8 0.328
858 425 12 12 0.304
681 306 8 10 0.294
854 427 10 11 0.258
218 176 6 7 0.242
863 384 11 12 0.224
512 212 6 8 0.211
141 211 6 8 0.205
510 252 7 8 0.193
995 243 7 8 0.184
299 248 6 9 0.134
768 228 7 8 0.129
460 446 10 11 0.129
592 324 8 10 0.121
68 323 7 9 0.111
449 320 9 10 0.109
463 442 10 13 0.101
158 201 6 7 0.089
214 417 9 11 0.083
155 370 8 11 0.064
997 243 7 10 0.062
866 382 12 13 0.061
675 391 10 11 0.060
616 437 11 11 0.058
859 422 11 12 0.044
54 428 10 11 0.039
240 327 8 10 0.038
171 388 8 10 0.034
723 331 8 10 0.031
238 326 8 9 0.030
773 231 7 9 0.029
117 589 11 13 0.029
602 412 10 11 0.029
501 280 8 9 0.026
858 431 12 12 0.025
158 365 9 10 0.025
765 226 7 9 0.025
707 369 10 11 0.024
333 249 7 8 0.023
785 184 6 7 0.023
153 375 8 11 0.022
489 177 6 8 0.022
454 349 8 10 0.020
160 367 9 10 0.019
501 398 11 12 0.016
221 188 6 7 0.015
340 322 9 10 0.015
727 304 8 10 0.015
141 213 6 8 0.015
54 432 10 11 0.015
517 212 6 8 0.015
458 321 8 10 0.014
616 373 10 11 0.014
508 395 10 11 0.014
489 211 6 9 0.013
156 202 5 6 0.013
215 426 9 9 0.012
211 426 9 10 0.012
611 337 9 10 0.012
798 337 9 11 0.012
500 396 9 12 0.012
460 323 8 10 0.011
968 291 10 11 0.011
704 406 11 12 0.011
51 438 9 10 0.011
223 178 6 7 0.011
150 380 8 10 0.011
294 388 8 10 0.010
592 360 9 10 0.010
