38_Tennis_Tennis_38_535
49
505 472 25 30 0.799
193 341 21 24 0.787
322 382 22 28 0.787
863 325 21 26 0.785
779 308 20 26 0.784
205 431 23 29 0.778
376 451 23 27 0.778
515 424 22 27 0.775
432 448 24 29 0.774
147 306 22 28 0.773
714 318 22 27 0.772
369 406 23 27 0.772
763 429 21 24 0.772
133 454 24 29 0.770
656 464 22 26 0.769
479 317 21 26 0.766
140 414 22 27 0.763
596 423 21 27 0.762
232 320 21 26 0.761
242 286 20 25 0.756
46 450 23 27 0.751
419 315 22 28 0.749
461 423 23 29 0.748
467 265 20 26 0.745
642 314 21 24 0.745
648 424 19 24 0.744
172 275 21 28 0.744
358 312 21 27 0.733
289 460 21 29 0.732
550 471 22 23 0.709
579 306 24 29 0.706
508 317 21 24 0.703
818 477 20 22 0.700
291 290 21 25 0.695
329 449 22 25 0.692
398 320 19 24 0.689
897 490 24 26 0.682
709 419 18 23 0.674
436 415 20 23 0.667
364 517 24 27 0.602
249 414 20 27 0.306
598 294 19 24 0.303
816 463 21 23 0.053
357 297 17 21 0.040
643 303 19 22 0.030
676 408 15 19 0.017
468 420 21 26 0.013
568 306 14 20 0.012
161 252 17 19 0.010
