38_Tennis_Tennis_38_232
95
807 330 14 19 0.712
732 251 11 13 0.657
1015 256 9 15 0.633
163 223 9 11 0.576
894 62 8 11 0.536
1009 60 9 11 0.527
611 63 9 11 0.527
855 65 8 11 0.494
686 63 8 10 0.486
780 18 8 10 0.476
913 19 7 9 0.476
634 37 8 9 0.474
901 36 8 10 0.473
945 40 8 10 0.457
872 35 8 10 0.452
761 68 8 10 0.446
981 40 8 10 0.446
637 18 8 9 0.443
648 68 8 10 0.439
726 67 8 10 0.434
733 38 7 10 0.418
876 10 7 9 0.412
949 14 8 9 0.411
662 42 8 9 0.409
770 42 7 10 0.403
704 38 8 10 0.402
674 20 7 9 0.391
985 11 8 10 0.377
750 17 7 9 0.351
1016 39 7 10 0.288
784 58 7 10 0.274
717 0 9 6 0.273
709 20 7 9 0.233
963 69 9 11 0.184
1002 33 8 10 0.163
694 37 8 10 0.153
751 58 8 10 0.152
966 69 9 11 0.152
716 1 8 5 0.149
968 21 7 9 0.144
887 43 7 9 0.143
740 13 8 9 0.142
717 54 8 10 0.142
692 39 7 10 0.136
745 13 8 10 0.134
853 64 8 11 0.133
762 0 6 5 0.117
889 41 7 9 0.104
960 68 9 11 0.089
1012 1 7 7 0.088
942 40 8 10 0.084
966 44 8 10 0.083
891 63 8 11 0.065
1011 2 6 8 0.063
44 413 9 10 0.060
993 58 7 10 0.058
947 42 9 11 0.057
691 49 7 10 0.051
743 13 7 9 0.049
737 13 7 9 0.047
1011 8 7 9 0.047
872 11 7 9 0.047
969 71 9 10 0.041
801 12 8 11 0.040
922 2 6 6 0.038
702 18 8 9 0.037
780 1 7 8 0.037
881 89 8 9 0.037
981 9 7 9 0.031
685 0 6 4 0.024
781 62 8 9 0.024
669 88 7 9 0.024
15 319 8 11 0.024
989 50 8 10 0.023
818 453 13 23 0.023
741 84 8 11 0.023
785 59 8 11 0.022
805 9 7 9 0.022
799 18 8 11 0.022
1009 9 7 10 0.021
955 1 7 7 0.019
700 0 7 5 0.018
943 3 7 7 0.017
630 44 7 10 0.017
160 222 10 13 0.017
705 82 9 11 0.015
919 3 7 6 0.015
719 30 8 10 0.014
1 328 9 11 0.013
643 0 7 7 0.013
871 31 7 9 0.013
987 36 7 10 0.012
647 64 8 10 0.012
803 7 7 8 0.011
671 89 8 11 0.010
