41_Swimming_Swimming_41_243
29
743 239 56 66 0.826
904 248 58 67 0.823
115 734 59 63 0.786
82 94 156 132 0.756
508 784 38 52 0.743
629 875 44 63 0.676
423 755 31 41 0.626
551 807 38 53 0.625
473 763 32 41 0.610
257 606 19 24 0.472
250 643 24 29 0.443
746 899 43 60 0.423
428 909 32 53 0.347
234 596 16 20 0.275
73 673 20 26 0.248
66 670 21 27 0.142
757 908 53 56 0.097
60 667 20 25 0.073
438 894 48 61 0.045
263 606 18 21 0.037
771 896 48 60 0.033
196 574 15 22 0.026
449 881 55 67 0.020
699 364 46 62 0.015
486 750 29 35 0.014
530 640 19 28 0.013
81 674 19 24 0.013
418 900 32 57 0.012
55 663 18 23 0.010
