41_Swimming_Swimmer_41_704
24
653 120 72 114 0.714
373 284 96 123 0.679
536 108 85 117 0.667
87 371 121 165 0.651
196 412 76 115 0.572
475 235 87 121 0.537
751 50 66 95 0.464
352 156 94 118 0.400
778 79 59 85 0.380
517 249 69 92 0.373
732 115 68 95 0.286
587 126 57 89 0.117
357 515 81 110 0.117
411 192 84 121 0.103
691 125 68 97 0.092
26 330 159 198 0.050
796 102 46 61 0.045
441 199 72 93 0.039
562 83 65 87 0.032
721 73 97 140 0.031
412 185 63 83 0.017
673 162 51 75 0.016
356 230 103 163 0.014
385 181 71 98 0.012
