41_Swimming_Swimmer_41_607
29
402 77 117 193 0.801
227 103 11 14 0.338
745 58 8 10 0.291
833 53 7 9 0.181
231 103 11 14 0.108
674 66 6 8 0.106
957 109 8 10 0.093
748 58 7 9 0.084
880 88 7 8 0.058
880 70 7 8 0.052
673 69 6 7 0.041
979 96 9 11 0.036
57 161 6 8 0.033
831 58 8 9 0.031
828 56 9 10 0.028
54 162 7 9 0.027
963 71 7 8 0.025
829 62 8 9 0.024
959 112 8 10 0.023
830 52 8 9 0.020
905 65 6 8 0.018
54 90 6 8 0.017
975 95 8 11 0.015
0 246 8 12 0.013
37 155 7 8 0.013
749 62 7 8 0.012
963 68 10 11 0.012
670 67 5 7 0.012
957 206 14 18 0.011
