56_Voter_peoplevoting_56_260
29
472 131 38 50 0.803
277 155 38 47 0.797
911 427 29 40 0.788
848 418 28 35 0.787
685 150 45 49 0.777
42 312 27 35 0.772
26 213 30 38 0.771
857 216 29 36 0.771
838 321 28 36 0.769
931 318 27 34 0.769
1003 431 21 35 0.769
947 219 26 34 0.760
931 123 27 34 0.733
0 415 18 37 0.725
55 36 32 43 0.716
850 27 30 38 0.657
65 119 28 34 0.629
926 23 29 37 0.410
1005 23 19 39 0.397
996 337 22 31 0.145
1017 315 7 38 0.061
1015 116 9 37 0.047
77 300 21 30 0.033
837 0 26 29 0.025
1010 35 14 42 0.022
948 469 24 31 0.020
1017 357 7 26 0.017
882 15 32 31 0.014
959 0 34 31 0.011
