56_Voter_peoplevoting_56_122
116
933 76 41 60 0.794
687 48 41 65 0.719
836 51 39 55 0.714
560 79 33 51 0.709
903 28 39 55 0.687
440 39 27 36 0.685
79 68 38 43 0.662
906 179 48 58 0.624
531 16 27 29 0.617
695 364 69 63 0.590
618 56 32 43 0.589
405 11 22 30 0.580
421 139 25 31 0.569
961 13 31 44 0.565
349 29 23 30 0.555
270 117 43 58 0.521
211 35 23 28 0.452
298 17 20 27 0.450
487 22 26 33 0.386
483 4 23 29 0.386
603 2 24 29 0.364
315 105 42 57 0.350
255 8 21 31 0.340
709 6 26 30 0.314
116 404 80 158 0.295
152 58 24 30 0.290
780 32 27 40 0.214
605 23 27 32 0.199
27 23 23 32 0.188
810 16 21 28 0.176
1011 41 13 46 0.156
205 25 21 26 0.149
201 21 19 24 0.134
438 3 19 22 0.129
485 9 26 35 0.127
457 0 18 23 0.124
150 6 20 23 0.111
379 12 17 24 0.107
56 2 14 16 0.105
195 21 17 22 0.104
248 73 27 41 0.098
247 11 18 25 0.095
594 377 31 58 0.090
607 8 26 32 0.089
789 2 23 31 0.083
434 2 17 20 0.077
139 44 20 27 0.070
156 26 20 25 0.053
438 30 19 24 0.050
74 22 21 25 0.044
196 24 20 26 0.044
478 138 29 30 0.042
474 122 20 24 0.041
88 -1 22 17 0.039
1010 9 14 46 0.038
776 40 24 36 0.037
612 5 23 26 0.036
154 14 20 25 0.034
601 408 54 39 0.033
400 9 19 26 0.031
474 128 25 28 0.031
140 35 16 20 0.030
706 4 35 45 0.029
95 -3 20 18 0.028
178 0 12 14 0.027
440 34 20 28 0.026
786 1 17 23 0.026
189 21 14 19 0.026
237 2 18 21 0.025
693 37 31 53 0.024
70 17 17 23 0.023
148 13 18 22 0.022
346 20 19 25 0.022
417 129 25 33 0.022
340 5 16 21 0.022
843 0 19 21 0.022
658 1 21 25 0.021
232 0 17 18 0.020
405 6 19 24 0.019
345 122 20 34 0.018
47 27 17 24 0.018
1 48 11 31 0.018
193 0 11 12 0.017
160 31 20 25 0.017
0 53 7 26 0.017
566 6 19 20 0.017
706 -1 23 24 0.017
147 52 35 43 0.017
51 77 27 34 0.016
1013 1 12 26 0.016
556 5 22 25 0.016
900 81 27 36 0.016
17 17 36 45 0.016
184 0 13 13 0.015
602 30 20 26 0.015
102 25 19 23 0.015
50 33 18 24 0.014
439 9 16 22 0.014
53 27 19 25 0.013
14 13 22 30 0.013
429 0 14 16 0.012
142 4 16 17 0.012
260 13 24 34 0.012
597 2 18 25 0.012
786 29 22 30 0.012
495 26 23 28 0.012
394 6 18 23 0.012
116 24 17 21 0.011
14 23 26 33 0.011
301 12 19 26 0.011
0 308 44 134 0.011
855 60 46 52 0.011
120 21 14 19 0.011
1007 53 17 29 0.010
786 15 20 27 0.010
148 63 21 26 0.010
