56_Voter_peoplevoting_56_781
52
364 193 63 76 0.831
359 81 63 76 0.775
650 155 28 34 0.726
112 75 59 70 0.725
289 102 46 61 0.709
776 124 25 28 0.624
678 110 24 32 0.550
645 117 22 30 0.517
956 136 16 19 0.514
600 138 22 25 0.490
751 114 21 26 0.467
834 128 13 16 0.455
431 120 34 44 0.439
490 102 46 53 0.363
817 134 13 16 0.342
909 112 11 14 0.249
217 137 35 42 0.182
853 115 13 19 0.157
67 108 34 40 0.141
600 169 19 26 0.131
335 67 34 53 0.129
996 117 15 21 0.126
328 81 40 63 0.122
876 123 15 18 0.121
24 87 30 38 0.120
886 118 15 19 0.105
892 119 14 17 0.104
951 136 14 17 0.083
879 112 16 19 0.082
0 171 12 50 0.064
220 118 36 44 0.049
410 95 37 46 0.047
426 81 23 37 0.042
595 134 19 22 0.035
854 121 14 19 0.033
689 114 21 27 0.032
806 131 13 17 0.028
600 147 20 27 0.026
576 126 13 15 0.019
809 136 13 18 0.019
643 111 19 26 0.018
963 140 13 16 0.017
671 114 21 27 0.017
427 70 23 33 0.015
715 134 15 20 0.014
321 105 40 52 0.014
796 135 15 21 0.013
949 131 13 16 0.013
651 124 22 26 0.012
322 76 34 47 0.011
424 97 23 37 0.011
208 109 44 47 0.010
