56_Voter_peoplevoting_56_620
25
130 190 49 66 0.828
290 196 36 55 0.757
815 135 42 62 0.751
367 197 23 33 0.695
543 210 16 27 0.410
528 219 16 21 0.347
443 233 18 27 0.311
479 229 15 21 0.282
343 245 18 25 0.222
449 231 15 23 0.118
577 233 15 19 0.103
250 241 20 30 0.075
244 236 21 29 0.060
240 229 18 30 0.058
532 219 18 24 0.038
436 239 19 28 0.038
659 232 8 10 0.023
612 236 13 15 0.020
570 231 15 19 0.019
483 223 16 23 0.018
352 249 20 23 0.017
583 234 14 18 0.013
360 246 18 23 0.012
482 234 14 21 0.012
478 235 13 18 0.012
