48_Parachutist_Paratrooper_Parachutist_Paratrooper_48_1015
70
861 317 51 57 0.791
629 349 36 41 0.788
94 128 44 59 0.785
329 386 34 41 0.779
218 403 34 38 0.778
552 354 39 42 0.773
676 346 42 48 0.771
850 207 23 25 0.755
966 193 21 24 0.741
180 380 30 38 0.734
455 224 22 25 0.729
280 262 19 22 0.720
983 304 38 43 0.718
631 208 22 25 0.716
343 211 24 29 0.711
223 244 20 25 0.692
240 273 19 23 0.683
545 239 22 26 0.671
707 225 20 22 0.666
464 362 36 42 0.657
571 224 19 23 0.629
762 211 20 25 0.621
4 276 18 19 0.610
957 315 26 34 0.594
509 239 18 23 0.568
600 247 17 19 0.555
425 364 25 32 0.408
783 214 17 22 0.389
794 335 36 40 0.381
925 323 29 37 0.264
782 351 32 37 0.213
739 230 16 18 0.195
425 251 14 17 0.145
2 281 16 20 0.142
454 354 24 31 0.122
225 293 14 17 0.118
845 339 23 36 0.098
153 288 13 18 0.097
0 288 13 21 0.092
924 313 26 32 0.081
964 310 36 41 0.077
962 456 34 33 0.068
442 243 14 17 0.060
438 230 15 19 0.058
744 229 16 20 0.040
157 287 14 17 0.039
426 248 10 13 0.035
845 290 26 34 0.035
422 250 11 14 0.032
452 354 18 24 0.031
925 307 21 25 0.031
849 327 30 43 0.030
209 272 15 18 0.023
171 289 13 15 0.022
422 256 15 18 0.018
159 381 16 22 0.018
789 363 37 31 0.018
307 257 14 18 0.017
219 288 15 18 0.017
162 389 18 27 0.016
946 318 25 33 0.015
177 375 24 35 0.015
1010 392 15 40 0.014
457 344 34 41 0.014
787 332 31 38 0.013
780 360 22 28 0.012
999 590 24 53 0.012
443 365 19 27 0.012
674 357 30 36 0.011
509 247 18 20 0.011
