48_Parachutist_Paratrooper_Parachutist_Paratrooper_48_72
114
613 326 25 29 0.750
170 292 29 32 0.738
335 283 22 25 0.736
56 321 23 25 0.733
96 324 27 33 0.728
256 276 25 32 0.706
457 306 18 21 0.691
19 308 22 26 0.684
767 305 14 17 0.649
483 297 17 21 0.626
865 300 14 18 0.621
935 296 15 17 0.604
538 288 14 17 0.583
709 285 13 15 0.581
907 315 16 19 0.546
841 297 11 14 0.544
808 296 13 16 0.539
955 308 13 15 0.518
1012 303 11 14 0.494
896 303 11 13 0.467
571 288 12 16 0.467
603 293 13 15 0.433
405 291 18 22 0.433
993 317 13 15 0.429
0 315 11 23 0.405
132 328 16 20 0.398
234 298 17 19 0.344
281 295 15 21 0.322
749 291 12 16 0.316
460 284 10 13 0.300
792 300 12 14 0.293
976 307 11 13 0.292
515 306 10 12 0.288
632 295 12 15 0.284
802 321 11 14 0.255
201 302 16 21 0.252
667 311 9 10 0.251
825 318 11 14 0.236
48 305 15 17 0.233
904 227 10 12 0.216
843 299 14 15 0.207
499 295 11 15 0.192
490 297 14 17 0.191
931 297 14 17 0.182
355 303 14 20 0.161
687 302 10 13 0.160
899 305 12 15 0.155
863 331 12 13 0.147
411 291 15 20 0.144
181 296 23 27 0.126
408 297 17 21 0.122
990 302 9 10 0.109
739 311 10 13 0.102
350 297 18 22 0.099
219 301 11 12 0.094
971 307 13 15 0.088
741 306 12 14 0.087
432 286 12 16 0.086
665 313 9 10 0.085
503 295 11 13 0.080
568 290 12 16 0.077
417 300 15 20 0.074
88 305 19 23 0.072
670 307 10 12 0.070
805 304 13 17 0.067
285 293 14 20 0.062
421 305 14 19 0.061
203 300 11 14 0.060
670 313 8 10 0.060
635 291 10 14 0.059
138 323 16 21 0.057
569 270 11 12 0.053
376 316 16 17 0.047
232 303 17 20 0.047
867 329 12 14 0.045
688 298 11 15 0.045
612 294 11 14 0.043
933 325 12 14 0.042
1017 281 7 13 0.038
975 302 11 12 0.034
838 295 11 13 0.029
463 281 11 13 0.028
690 306 10 13 0.028
83 303 16 19 0.028
468 290 14 18 0.026
0 310 19 26 0.026
630 282 9 11 0.026
424 286 13 16 0.025
518 324 10 12 0.024
407 304 16 20 0.023
788 299 11 14 0.022
215 304 16 19 0.022
364 310 15 17 0.022
898 317 13 15 0.022
192 294 19 23 0.022
127 345 18 23 0.021
379 319 17 18 0.020
985 255 6 8 0.020
824 323 12 15 0.018
882 301 9 12 0.018
625 280 9 12 0.018
752 287 12 17 0.018
876 326 12 15 0.017
382 270 14 19 0.015
877 238 7 9 0.015
985 341 10 12 0.015
500 309 11 14 0.015
941 322 14 17 0.014
429 311 14 18 0.014
226 322 20 22 0.013
94 305 17 20 0.013
389 281 15 21 0.013
94 310 24 28 0.012
382 310 14 16 0.011
