48_Parachutist_Paratrooper_Parachutist_Paratrooper_48_814
23
389 216 219 273 0.814
692 362 148 346 0.695
305 397 24 27 0.643
155 406 23 29 0.609
211 408 20 25 0.606
581 410 41 55 0.602
56 406 20 26 0.597
251 399 24 29 0.576
112 423 19 25 0.265
85 407 18 26 0.216
3 401 16 22 0.132
126 403 15 19 0.125
185 412 18 22 0.065
165 409 20 26 0.038
287 412 17 20 0.029
133 403 15 18 0.023
35 408 14 20 0.022
62 402 20 26 0.021
1 393 15 24 0.021
37 433 22 25 0.019
716 295 282 439 0.014
143 415 17 22 0.011
524 337 103 135 0.010
