48_Parachutist_Paratrooper_Parachutist_Paratrooper_48_678
29
651 302 54 69 0.775
336 324 45 63 0.769
250 274 77 140 0.614
395 349 29 39 0.377
623 323 27 39 0.340
625 315 38 51 0.230
485 266 21 25 0.170
579 316 18 24 0.078
421 331 25 29 0.044
313 307 65 88 0.042
550 241 23 31 0.036
611 317 42 52 0.031
505 263 70 92 0.028
466 290 90 110 0.027
275 276 54 103 0.026
428 329 20 24 0.022
540 290 31 37 0.021
650 313 34 51 0.021
482 271 79 98 0.019
1016 318 8 35 0.017
647 595 78 54 0.016
489 304 29 34 0.016
461 197 29 33 0.015
499 325 31 36 0.014
1018 325 6 22 0.014
464 332 22 25 0.013
887 173 58 65 0.013
499 305 36 39 0.010
875 411 11 12 0.010
