26_Soldier_Drilling_Soldiers_Drilling_26_223
35
914 112 36 44 0.806
514 77 36 42 0.791
720 103 33 39 0.781
615 97 28 34 0.779
278 112 26 32 0.745
406 93 27 34 0.712
17 129 21 24 0.705
203 123 23 28 0.703
126 150 18 21 0.684
384 110 25 29 0.664
91 131 20 24 0.629
164 143 19 22 0.628
111 142 14 17 0.509
364 131 15 18 0.398
465 111 21 25 0.239
67 136 12 16 0.181
565 139 18 23 0.108
671 143 22 28 0.077
576 145 17 22 0.062
141 150 12 16 0.051
194 126 17 22 0.044
65 144 14 17 0.035
146 154 12 16 0.030
461 118 17 21 0.029
73 143 14 18 0.024
560 140 16 22 0.022
64 133 10 14 0.021
51 145 13 18 0.020
457 110 25 29 0.019
573 140 14 17 0.018
55 144 12 17 0.017
666 141 19 22 0.014
472 111 21 24 0.011
404 109 23 27 0.010
557 150 19 26 0.010
