26_Soldier_Drilling_Soldiers_Drilling_26_245
24
292 344 93 107 0.829
797 517 41 41 0.752
153 260 20 27 0.554
618 262 11 15 0.478
592 279 11 14 0.432
754 437 16 19 0.165
1014 343 10 18 0.042
763 434 15 18 0.035
707 416 16 21 0.028
736 417 11 13 0.027
740 448 14 18 0.026
736 453 14 18 0.026
99 298 18 23 0.021
590 285 11 15 0.021
986 375 11 12 0.021
713 419 14 17 0.018
714 442 14 18 0.016
739 418 13 14 0.016
102 292 18 23 0.015
946 259 9 12 0.015
97 305 19 22 0.015
703 412 17 21 0.013
975 252 9 12 0.010
788 455 15 18 0.010
