24_Soldier_Firing_Soldier_Firing_24_931
29
496 100 67 78 0.810
365 67 24 27 0.796
256 49 26 28 0.679
731 59 24 26 0.650
439 57 19 21 0.636
640 144 70 91 0.626
875 110 10 12 0.506
915 96 11 12 0.429
836 112 10 11 0.416
913 99 10 13 0.200
545 32 23 25 0.126
842 111 9 11 0.123
468 71 18 23 0.106
914 93 10 12 0.104
904 108 9 11 0.102
878 109 10 11 0.077
918 93 10 13 0.068
833 111 8 11 0.067
906 106 10 12 0.056
427 59 15 19 0.043
650 169 48 68 0.033
470 75 24 33 0.033
929 117 9 11 0.028
462 73 18 24 0.027
474 70 18 24 0.018
548 91 50 62 0.017
565 88 35 49 0.015
46 106 9 12 0.012
912 119 9 11 0.010
