24_Soldier_Firing_Soldier_Firing_24_691
28
623 304 24 29 0.803
293 276 27 32 0.796
238 215 25 30 0.796
417 338 27 30 0.796
271 305 31 37 0.793
266 268 26 29 0.784
548 269 23 27 0.780
777 319 29 35 0.777
506 311 22 28 0.776
366 304 24 26 0.774
562 325 23 27 0.770
668 317 24 28 0.769
440 309 23 26 0.760
879 450 32 45 0.742
96 108 39 62 0.736
412 247 23 24 0.734
743 294 25 32 0.729
878 327 27 32 0.725
957 301 19 22 0.724
825 382 32 41 0.715
580 266 20 22 0.690
822 300 23 27 0.689
804 366 26 37 0.599
725 307 17 22 0.580
650 309 16 22 0.078
810 375 27 37 0.024
199 129 10 14 0.017
801 372 20 28 0.016
