24_Soldier_Firing_Soldier_Firing_24_702
30
175 59 48 57 0.833
833 83 40 46 0.798
639 112 24 28 0.396
346 128 7 9 0.391
573 278 21 31 0.360
387 166 19 24 0.349
633 115 21 27 0.303
645 108 24 28 0.228
395 168 19 23 0.211
405 170 15 21 0.135
528 148 8 9 0.131
268 125 26 27 0.125
417 173 13 19 0.124
373 149 8 10 0.094
349 129 8 9 0.089
677 274 25 28 0.067
561 281 25 31 0.053
503 163 6 8 0.052
471 326 45 64 0.039
375 149 9 13 0.033
425 135 7 8 0.025
418 202 12 16 0.023
409 168 21 27 0.021
673 283 25 24 0.018
652 115 20 23 0.018
424 136 6 8 0.016
525 144 7 9 0.013
634 103 35 42 0.013
500 163 7 9 0.011
671 275 20 23 0.010
