24_Soldier_Firing_Soldier_Firing_24_644
54
281 170 27 33 0.639
209 150 21 35 0.510
54 93 21 29 0.445
577 277 26 31 0.384
550 277 30 38 0.361
396 184 23 31 0.290
139 103 23 29 0.281
117 145 18 26 0.218
466 197 20 20 0.145
558 271 32 40 0.111
0 190 13 23 0.099
383 246 23 34 0.095
225 97 17 23 0.083
156 150 24 35 0.080
460 206 20 23 0.062
316 182 19 24 0.057
146 100 19 25 0.050
5 93 18 32 0.047
309 172 21 28 0.044
59 88 19 25 0.040
587 279 19 24 0.032
309 362 36 46 0.031
1 109 17 34 0.028
398 174 25 33 0.027
436 202 16 19 0.026
148 130 25 35 0.024
300 164 20 26 0.023
110 146 19 26 0.022
133 104 33 46 0.021
45 97 20 25 0.020
216 144 22 41 0.019
1 87 12 22 0.018
301 175 24 31 0.017
9 89 15 24 0.017
63 94 19 26 0.016
132 106 23 27 0.016
122 150 19 23 0.016
322 186 16 18 0.015
194 322 30 33 0.015
459 214 19 25 0.014
413 222 22 32 0.014
0 83 9 20 0.013
160 160 21 35 0.013
539 280 28 33 0.012
30 73 18 22 0.012
474 193 15 19 0.012
124 101 25 30 0.012
437 280 18 23 0.012
387 185 33 46 0.012
567 264 32 43 0.011
425 213 19 28 0.011
372 239 35 46 0.011
4 104 18 28 0.010
22 79 20 26 0.010
