24_Soldier_Firing_Soldier_Firing_24_601
58
860 302 35 38 0.794
473 304 32 36 0.789
599 306 35 41 0.770
735 319 37 41 0.770
393 307 30 36 0.769
177 322 33 36 0.758
297 319 28 35 0.756
86 312 31 36 0.748
980 292 12 16 0.607
25 328 16 18 0.593
985 336 12 16 0.583
311 288 31 34 0.561
419 283 26 30 0.500
907 329 14 16 0.399
523 292 26 35 0.313
1008 343 8 11 0.221
840 328 11 14 0.154
2 337 9 14 0.107
835 330 13 16 0.098
832 331 12 17 0.090
629 294 30 37 0.071
233 310 19 28 0.070
1001 340 11 14 0.065
207 295 23 29 0.052
924 312 10 13 0.047
636 303 27 35 0.046
516 285 28 36 0.040
11 304 12 15 0.036
239 311 16 23 0.034
992 337 11 13 0.030
18 310 12 16 0.027
260 347 13 19 0.024
530 299 23 29 0.022
514 295 22 27 0.022
218 305 25 37 0.021
1006 346 8 11 0.018
225 317 19 27 0.018
829 335 11 17 0.017
3 338 11 15 0.017
0 344 8 19 0.016
926 314 10 14 0.015
648 321 22 33 0.015
208 291 18 22 0.014
0 308 7 16 0.014
303 290 28 29 0.014
654 318 24 31 0.014
624 282 33 40 0.014
219 322 20 27 0.013
55 337 11 15 0.013
903 308 13 15 0.013
899 310 15 18 0.013
678 323 20 28 0.012
799 327 12 18 0.012
642 309 25 37 0.012
317 295 29 35 0.011
847 326 16 18 0.011
670 324 21 29 0.011
246 310 13 20 0.010
