55_Sports_Coach_Trainer_sportcoaching_55_424
31
415 259 49 47 0.759
307 330 21 28 0.715
973 353 13 22 0.641
644 373 16 20 0.638
831 379 13 21 0.624
930 380 13 22 0.580
886 384 10 19 0.496
591 310 14 17 0.430
717 328 12 20 0.377
130 403 12 21 0.360
605 361 13 19 0.256
360 147 14 19 0.231
1014 385 10 20 0.225
156 409 12 21 0.204
323 376 13 24 0.165
674 350 12 20 0.159
326 378 14 24 0.046
49 479 10 14 0.043
670 347 12 21 0.039
588 408 12 16 0.034
715 373 18 28 0.034
596 310 14 17 0.034
621 382 12 16 0.030
883 382 10 18 0.019
668 354 14 21 0.017
152 411 12 20 0.015
934 379 15 22 0.014
161 412 15 21 0.014
43 479 10 14 0.013
42 475 9 13 0.011
318 377 14 22 0.011
