55_Sports_Coach_Trainer_sportcoaching_55_122
84
871 392 37 50 0.838
725 372 38 49 0.814
59 371 35 45 0.797
865 302 30 39 0.779
19 249 30 41 0.775
812 271 31 39 0.770
35 169 31 38 0.769
24 216 29 34 0.769
966 219 35 42 0.753
737 274 28 37 0.748
346 287 28 37 0.746
182 280 29 36 0.736
564 301 28 36 0.734
457 309 28 33 0.732
632 267 25 34 0.720
259 271 27 36 0.698
101 279 29 38 0.697
668 298 26 36 0.695
361 246 21 29 0.682
121 271 24 30 0.652
385 266 24 33 0.634
528 290 25 32 0.633
695 279 25 35 0.615
523 262 23 26 0.613
771 268 31 40 0.606
434 275 26 32 0.550
606 257 19 27 0.521
466 233 19 24 0.514
743 240 23 27 0.510
878 231 27 33 0.379
249 257 20 23 0.300
170 267 22 28 0.290
187 234 22 28 0.182
289 262 20 29 0.166
683 254 22 27 0.137
116 499 32 26 0.094
93 205 29 33 0.094
835 209 25 31 0.086
836 251 22 28 0.085
305 280 21 29 0.077
502 233 17 21 0.074
416 276 21 26 0.067
628 234 17 23 0.059
556 233 13 16 0.057
495 231 16 20 0.051
488 228 14 20 0.047
838 227 24 31 0.047
254 265 24 32 0.046
594 295 23 31 0.045
1015 342 9 33 0.042
291 255 18 25 0.039
1007 167 9 13 0.036
880 161 18 21 0.035
358 208 8 11 0.034
869 236 27 31 0.028
312 216 12 15 0.025
679 252 19 23 0.024
738 217 26 28 0.023
411 272 20 26 0.023
227 204 15 18 0.022
560 228 15 18 0.022
855 248 22 27 0.021
316 250 16 21 0.021
319 207 10 12 0.021
482 220 13 18 0.020
490 224 15 19 0.020
523 275 22 27 0.019
168 178 18 21 0.017
315 212 12 15 0.017
667 220 20 21 0.017
448 217 10 12 0.016
663 217 17 20 0.016
690 254 21 25 0.015
298 272 21 26 0.015
863 247 20 26 0.015
329 218 12 15 0.014
323 214 13 14 0.014
679 258 20 26 0.013
175 177 14 19 0.013
620 181 12 15 0.013
487 221 8 11 0.011
839 220 20 25 0.011
316 241 15 21 0.011
559 235 14 17 0.011
