55_Sports_Coach_Trainer_sportcoaching_55_789
25
146 211 48 75 0.861
631 276 44 60 0.851
672 196 41 62 0.843
928 326 45 62 0.843
454 239 43 69 0.841
920 157 45 65 0.838
271 222 47 69 0.838
231 183 43 64 0.837
65 237 45 65 0.837
88 169 42 58 0.836
761 164 44 67 0.830
730 329 41 64 0.828
365 278 43 68 0.826
822 321 41 55 0.826
52 123 41 58 0.823
389 219 43 64 0.821
326 127 38 58 0.819
590 214 39 63 0.812
541 255 43 58 0.812
198 143 40 55 0.807
614 114 39 60 0.805
422 121 39 57 0.799
464 156 43 61 0.765
566 235 44 63 0.253
111 223 52 75 0.172
