55_Sports_Coach_Trainer_sportcoaching_55_774
68
794 271 60 88 0.860
847 58 56 84 0.852
749 121 63 91 0.830
126 260 38 56 0.812
517 295 43 46 0.775
475 198 28 35 0.762
444 172 25 32 0.751
603 147 26 35 0.746
660 102 24 31 0.741
363 178 27 33 0.698
331 80 18 22 0.636
381 73 16 19 0.629
347 99 18 23 0.613
485 174 20 23 0.596
420 40 13 15 0.589
419 106 19 21 0.579
385 8 11 15 0.490
409 14 12 13 0.474
541 161 22 26 0.439
674 11 11 13 0.432
372 22 13 16 0.412
323 17 11 15 0.347
370 41 12 14 0.265
345 5 9 11 0.255
446 128 15 19 0.222
324 101 10 19 0.216
410 71 14 17 0.209
332 0 8 7 0.194
345 8 10 13 0.181
446 10 11 13 0.181
371 27 13 16 0.174
488 118 21 24 0.143
433 0 9 11 0.125
357 24 10 14 0.117
356 15 11 13 0.102
327 133 17 25 0.094
326 127 15 24 0.090
472 115 15 18 0.079
420 -2 9 8 0.069
382 5 9 12 0.068
465 8 10 12 0.058
355 22 10 13 0.054
642 1 11 13 0.054
450 0 8 9 0.049
390 51 12 15 0.046
418 -1 8 7 0.045
350 5 9 11 0.039
323 26 10 16 0.037
353 100 18 24 0.035
457 153 16 19 0.035
459 5 12 12 0.032
407 68 13 17 0.031
407 87 13 17 0.031
329 0 7 8 0.030
346 2 9 10 0.030
376 1 7 8 0.028
320 102 10 19 0.026
358 159 21 24 0.025
324 34 8 17 0.023
334 136 18 23 0.021
468 5 10 11 0.019
446 14 12 15 0.017
415 41 13 15 0.015
530 151 20 25 0.014
435 165 13 17 0.012
459 0 8 9 0.010
523 155 18 22 0.010
462 153 16 19 0.010
