55_Sports_Coach_Trainer_sportcoaching_55_643
39
6 295 27 31 0.733
298 260 18 24 0.707
506 217 16 22 0.669
471 232 18 24 0.666
422 266 15 21 0.651
785 211 18 24 0.650
665 256 15 22 0.568
281 246 15 20 0.550
597 253 16 25 0.543
861 245 13 22 0.531
689 259 12 19 0.522
553 269 14 21 0.522
430 243 16 19 0.514
469 262 13 20 0.369
521 257 14 20 0.335
651 251 13 22 0.335
124 267 13 15 0.211
609 254 14 23 0.137
564 259 14 21 0.113
782 283 12 16 0.102
528 256 14 20 0.089
614 253 14 23 0.088
620 257 14 20 0.067
518 257 12 20 0.044
558 268 14 21 0.042
74 266 12 14 0.040
534 256 13 19 0.039
4 264 13 16 0.039
368 214 12 19 0.036
763 243 15 18 0.033
968 256 14 19 0.027
120 266 13 15 0.025
537 259 13 20 0.024
427 239 14 18 0.020
435 243 15 19 0.019
615 262 13 19 0.016
574 255 12 20 0.014
784 278 13 18 0.012
915 221 12 23 0.010
