7_Cheering_Cheering_7_469
38
576 339 92 109 0.782
903 652 43 50 0.731
998 942 26 88 0.583
291 705 24 29 0.514
996 586 30 56 0.512
263 799 20 23 0.184
742 678 28 35 0.163
220 767 19 22 0.088
150 774 18 21 0.074
215 809 22 22 0.065
786 709 26 32 0.062
180 817 21 23 0.059
73 711 16 22 0.053
837 668 26 37 0.051
142 824 19 24 0.046
472 730 24 31 0.042
3 677 18 29 0.040
454 880 24 33 0.022
783 702 24 31 0.021
561 360 85 107 0.020
120 880 22 24 0.020
553 382 45 96 0.020
300 706 22 28 0.018
852 630 20 30 0.018
264 788 19 24 0.016
265 835 18 22 0.016
480 748 22 26 0.015
991 946 41 70 0.015
264 763 18 24 0.014
477 754 21 26 0.013
259 791 20 26 0.012
470 718 23 28 0.011
159 783 20 23 0.011
372 567 71 81 0.011
215 789 21 28 0.010
105 841 20 25 0.010
226 766 20 24 0.010
772 707 26 33 0.010
