7_Cheering_Cheering_7_345
90
2 310 21 32 0.783
582 392 25 29 0.759
603 189 27 36 0.759
353 402 25 31 0.746
452 157 26 38 0.744
553 352 25 29 0.722
264 394 24 29 0.682
795 395 24 29 0.680
228 378 24 29 0.656
759 372 23 28 0.651
857 357 24 29 0.630
465 389 22 32 0.595
89 378 22 25 0.548
254 371 23 27 0.547
945 311 18 25 0.497
679 232 17 30 0.485
878 375 20 26 0.480
23 375 21 28 0.426
332 425 16 29 0.340
337 382 17 28 0.309
199 389 21 24 0.306
752 417 13 27 0.286
862 406 17 29 0.272
162 408 19 23 0.127
898 358 26 32 0.117
942 306 16 25 0.108
336 374 18 25 0.077
206 410 21 25 0.072
525 394 16 27 0.067
802 437 24 31 0.066
425 194 35 41 0.065
49 399 17 22 0.058
168 405 18 24 0.050
239 427 19 27 0.048
432 250 27 50 0.047
809 435 22 28 0.042
472 386 21 34 0.042
165 382 20 24 0.040
200 495 25 31 0.039
174 385 22 23 0.037
44 411 19 25 0.036
40 384 16 22 0.035
291 414 20 24 0.034
42 416 18 25 0.034
246 421 19 28 0.034
689 423 16 22 0.030
98 373 18 21 0.028
888 365 22 27 0.028
54 394 15 22 0.027
681 426 23 26 0.027
534 676 43 44 0.027
430 166 37 53 0.026
612 321 17 20 0.026
477 381 20 31 0.025
620 419 20 23 0.025
665 283 14 30 0.023
171 395 18 23 0.022
235 432 19 26 0.022
26 366 19 22 0.021
749 420 12 24 0.021
408 530 27 24 0.020
32 385 18 24 0.018
450 392 20 26 0.018
914 64 49 60 0.018
674 433 25 28 0.018
440 265 20 32 0.018
346 446 20 31 0.017
419 221 42 73 0.016
1010 520 14 45 0.015
8 379 21 28 0.015
611 329 18 28 0.015
938 300 16 22 0.014
155 411 20 23 0.014
333 388 20 27 0.014
441 392 19 25 0.014
618 413 18 22 0.013
149 399 18 23 0.013
952 313 21 25 0.013
614 407 17 22 0.013
0 438 7 20 0.013
886 388 20 25 0.012
334 363 19 24 0.012
459 133 17 23 0.012
520 394 17 25 0.012
347 354 21 24 0.011
798 443 26 35 0.011
84 404 19 24 0.010
160 381 19 21 0.010
454 346 17 20 0.010
4 383 15 25 0.010
