7_Cheering_Cheering_7_462
38
550 128 69 101 0.837
0 545 17 41 0.742
823 365 32 43 0.721
66 550 31 50 0.709
361 591 34 66 0.657
274 359 38 42 0.614
200 366 29 38 0.579
719 337 24 41 0.570
59 420 27 35 0.467
384 376 23 32 0.323
91 417 28 36 0.315
893 504 20 35 0.287
145 376 29 32 0.265
404 313 31 45 0.156
0 387 16 31 0.152
79 418 31 37 0.064
12 421 19 24 0.058
215 420 34 43 0.038
49 458 21 27 0.036
0 464 7 36 0.036
397 320 27 41 0.031
21 427 19 23 0.030
29 428 18 23 0.025
812 388 21 33 0.024
898 508 25 33 0.024
385 356 33 48 0.022
439 590 24 55 0.020
216 429 39 51 0.020
184 396 25 31 0.016
411 316 36 51 0.014
984 230 31 38 0.013
815 367 27 39 0.012
141 362 36 41 0.012
1009 282 15 49 0.012
264 367 32 34 0.012
938 316 25 35 0.011
379 374 34 49 0.011
825 327 12 15 0.011
