7_Cheering_Cheering_7_426
71
309 1007 63 80 0.744
854 1180 38 49 0.740
504 1000 45 75 0.350
586 1352 83 40 0.327
271 1316 67 69 0.203
895 342 8 9 0.145
886 1103 9 11 0.135
420 461 8 10 0.101
916 1194 14 25 0.095
245 1344 92 48 0.095
163 1026 8 9 0.083
690 382 7 9 0.080
84 1350 48 43 0.076
563 1333 82 61 0.064
423 460 8 10 0.062
791 1033 9 10 0.060
863 321 17 24 0.059
323 545 10 12 0.058
327 546 8 10 0.055
515 1018 44 62 0.051
367 580 9 10 0.047
231 473 8 8 0.045
743 1221 15 19 0.041
693 383 7 8 0.039
623 331 8 9 0.038
490 998 41 81 0.037
385 499 9 11 0.036
892 340 12 13 0.035
546 1336 69 55 0.034
116 1015 8 9 0.034
224 1360 95 33 0.034
417 521 9 11 0.030
606 864 62 50 0.029
734 1034 9 10 0.027
476 523 8 9 0.027
171 1025 8 10 0.026
621 382 7 10 0.024
899 1188 22 35 0.023
555 450 7 8 0.022
486 436 9 10 0.022
712 179 8 10 0.020
36 1022 9 12 0.020
791 1035 11 13 0.019
853 373 8 9 0.019
370 580 9 11 0.019
233 479 6 8 0.017
160 1026 7 9 0.017
763 1086 9 10 0.016
164 1025 11 13 0.016
5 990 9 11 0.016
638 116 8 9 0.015
407 542 9 10 0.015
637 997 54 69 0.015
859 325 16 20 0.014
758 115 7 8 0.014
797 1035 8 9 0.014
118 1016 8 10 0.013
796 1052 9 11 0.013
700 269 7 9 0.013
619 333 7 9 0.013
516 466 9 11 0.013
10 1013 11 15 0.013
265 1 11 10 0.012
165 92 8 9 0.012
896 980 9 9 0.012
292 95 7 8 0.012
492 371 7 8 0.011
507 1349 81 45 0.011
166 95 8 9 0.010
750 1059 10 13 0.010
804 1055 8 9 0.010
