7_Cheering_Cheering_7_29
819
464 358 15 19 0.683
619 176 14 18 0.665
812 366 15 18 0.664
411 199 14 17 0.652
445 168 14 18 0.651
890 214 14 19 0.650
611 358 15 18 0.649
480 305 15 17 0.647
994 221 15 18 0.640
206 92 11 15 0.639
962 298 14 17 0.638
881 247 14 17 0.636
936 115 14 17 0.635
478 331 16 19 0.634
437 126 13 17 0.632
571 217 15 19 0.631
898 349 15 20 0.630
910 125 13 18 0.630
358 243 13 16 0.621
515 278 15 17 0.621
111 127 13 17 0.617
727 164 15 17 0.610
158 267 12 15 0.608
271 106 12 15 0.605
164 144 12 15 0.604
69 278 14 17 0.603
680 176 15 17 0.601
245 44 11 13 0.598
839 339 15 17 0.597
533 137 12 14 0.594
978 193 13 15 0.585
430 441 16 17 0.585
370 295 14 16 0.584
403 291 13 17 0.584
42 358 14 17 0.582
607 236 14 17 0.582
806 277 15 18 0.582
632 366 14 16 0.582
593 123 12 15 0.578
213 240 11 14 0.575
977 335 15 19 0.574
254 230 13 16 0.570
194 401 12 15 0.562
767 267 15 16 0.561
613 417 15 19 0.561
604 81 12 13 0.559
591 96 13 15 0.557
341 129 12 15 0.557
98 310 12 15 0.556
224 141 12 14 0.555
196 271 13 15 0.554
713 293 15 16 0.549
767 491 21 20 0.548
678 117 12 14 0.548
338 167 13 16 0.543
664 53 12 16 0.540
363 360 14 18 0.539
885 111 12 15 0.539
38 168 12 16 0.539
218 117 12 14 0.527
169 374 12 15 0.519
654 462 17 20 0.516
921 93 11 13 0.515
708 100 13 17 0.512
951 251 14 17 0.511
154 112 11 14 0.508
249 287 14 16 0.503
389 200 12 15 0.500
94 293 13 15 0.493
778 104 13 16 0.492
217 68 10 12 0.491
723 118 13 15 0.489
173 73 13 14 0.484
21 152 15 17 0.484
822 268 13 16 0.482
981 119 11 15 0.478
974 94 11 13 0.478
1002 333 12 17 0.472
247 103 10 13 0.472
704 316 15 17 0.470
2 112 12 14 0.464
282 254 11 13 0.464
324 273 13 17 0.458
348 433 16 16 0.457
305 206 12 15 0.452
556 87 12 14 0.451
310 108 12 14 0.451
510 172 9 16 0.450
173 109 13 17 0.446
309 86 10 13 0.444
844 97 11 13 0.442
101 371 14 14 0.439
929 220 14 17 0.439
35 262 11 15 0.436
101 211 12 17 0.436
309 263 12 14 0.434
71 87 11 13 0.432
826 232 14 17 0.432
804 100 11 14 0.428
193 121 10 12 0.425
822 96 12 14 0.424
679 140 13 14 0.419
843 313 14 16 0.411
761 125 12 14 0.407
127 265 13 16 0.406
351 338 13 16 0.401
77 74 9 11 0.399
521 107 12 16 0.396
478 168 13 16 0.383
19 295 12 14 0.379
347 399 13 16 0.377
999 187 12 13 0.374
739 106 10 12 0.372
938 293 13 16 0.368
625 115 12 14 0.366
463 397 14 18 0.364
413 352 13 17 0.354
354 87 12 14 0.354
885 369 13 16 0.350
827 296 11 13 0.350
278 87 11 13 0.345
738 136 14 17 0.340
939 466 17 19 0.337
176 434 13 16 0.336
227 398 13 15 0.321
158 27 11 12 0.320
789 211 13 15 0.317
1004 495 18 15 0.311
906 101 11 13 0.306
687 274 13 15 0.299
546 353 14 17 0.293
374 329 15 16 0.291
420 429 14 16 0.288
319 256 12 16 0.288
613 446 15 18 0.288
461 468 14 17 0.287
925 382 13 16 0.284
392 143 12 16 0.283
725 358 13 16 0.282
777 454 15 17 0.280
66 333 11 14 0.278
559 183 13 16 0.277
404 323 15 16 0.275
1006 85 11 16 0.272
774 307 12 17 0.267
836 115 11 15 0.266
7 342 11 14 0.263
449 331 14 17 0.258
632 422 16 18 0.257
970 91 12 16 0.251
262 427 14 17 0.251
1008 135 11 15 0.238
631 89 11 13 0.233
562 157 12 15 0.233
559 101 11 14 0.225
756 105 13 15 0.225
51 383 13 16 0.224
277 365 12 15 0.221
621 134 11 15 0.221
196 317 13 14 0.220
888 92 11 13 0.219
161 295 12 15 0.214
621 128 10 14 0.212
278 131 12 15 0.212
785 87 12 15 0.211
452 390 11 15 0.210
845 440 13 21 0.208
0 198 7 19 0.203
374 291 15 17 0.203
207 240 12 15 0.200
581 120 11 13 0.198
382 115 12 15 0.198
488 204 12 15 0.197
671 134 12 16 0.194
893 358 15 20 0.191
116 98 10 13 0.190
483 177 13 15 0.189
451 299 10 17 0.189
904 82 11 12 0.188
41 463 15 19 0.188
607 210 10 15 0.188
621 121 11 15 0.183
166 140 12 15 0.182
855 211 13 16 0.179
301 326 13 16 0.178
403 110 12 15 0.176
461 99 12 15 0.174
764 122 13 16 0.172
370 279 11 13 0.172
865 98 11 13 0.169
506 80 12 14 0.168
683 274 13 16 0.168
990 95 9 12 0.166
581 418 15 17 0.166
629 139 12 15 0.164
25 90 11 14 0.163
985 95 11 13 0.159
63 359 11 14 0.159
503 78 11 13 0.158
759 109 11 15 0.157
574 107 11 13 0.156
623 118 11 15 0.153
38 95 10 12 0.152
293 206 13 16 0.152
545 162 12 16 0.146
621 421 16 18 0.144
412 407 13 15 0.143
120 243 11 15 0.142
321 270 13 16 0.142
303 85 12 13 0.138
48 310 10 16 0.137
823 168 12 15 0.136
508 280 16 19 0.136
827 216 14 17 0.136
520 151 12 15 0.133
499 215 13 15 0.130
775 311 13 19 0.130
776 492 19 18 0.129
475 239 12 16 0.127
257 70 10 13 0.126
633 140 13 15 0.125
924 93 12 14 0.124
739 323 13 18 0.124
34 93 11 14 0.122
0 316 7 16 0.122
585 357 12 16 0.122
752 105 12 15 0.121
58 80 10 12 0.119
589 101 13 16 0.119
1004 133 12 14 0.119
0 488 11 18 0.119
445 333 13 16 0.118
895 295 11 19 0.117
326 103 10 13 0.116
773 319 14 19 0.116
371 461 12 15 0.115
189 42 9 13 0.114
531 355 15 18 0.113
511 83 12 14 0.113
534 241 12 15 0.113
363 120 12 14 0.113
488 271 12 15 0.113
209 466 11 14 0.113
134 84 9 13 0.111
206 444 13 16 0.110
266 430 14 16 0.110
788 124 11 14 0.109
962 124 10 12 0.108
322 255 11 13 0.107
377 340 15 17 0.107
724 449 13 16 0.107
415 346 13 16 0.107
947 94 12 13 0.106
541 97 12 14 0.105
357 102 12 15 0.105
29 91 12 14 0.105
383 124 11 16 0.105
617 287 13 17 0.104
264 92 11 14 0.102
258 145 12 16 0.102
659 282 12 14 0.101
759 130 12 16 0.100
690 150 11 14 0.100
896 166 12 15 0.099
74 125 11 17 0.098
485 203 11 15 0.098
192 240 11 15 0.098
409 93 13 14 0.097
662 497 18 15 0.097
251 417 12 15 0.096
648 142 11 13 0.096
694 62 12 16 0.095
158 93 10 12 0.094
611 210 13 16 0.094
276 84 11 12 0.093
830 211 13 17 0.093
541 183 12 15 0.093
566 105 11 14 0.092
491 210 12 15 0.092
421 305 12 15 0.091
353 400 14 16 0.090
278 124 12 16 0.090
723 148 11 15 0.087
860 97 11 13 0.087
31 262 11 14 0.087
252 413 11 13 0.087
189 402 13 15 0.087
786 494 14 15 0.087
865 212 13 17 0.086
837 95 11 13 0.086
126 373 11 15 0.085
184 76 11 13 0.084
653 283 13 15 0.084
289 49 10 12 0.084
404 97 12 15 0.084
307 109 11 14 0.083
46 294 11 15 0.083
622 212 13 16 0.081
380 128 12 15 0.081
227 138 12 14 0.081
47 305 10 16 0.081
411 412 13 16 0.080
852 119 13 14 0.079
0 311 7 17 0.079
456 326 12 16 0.078
412 298 14 16 0.077
106 333 11 15 0.077
443 79 12 14 0.077
504 216 13 15 0.076
846 120 13 14 0.076
695 158 11 16 0.076
709 94 12 15 0.076
1008 91 11 16 0.075
208 460 13 16 0.075
136 420 13 15 0.075
319 106 11 13 0.074
816 228 14 16 0.073
918 499 18 12 0.073
912 179 14 16 0.073
654 469 18 19 0.073
352 101 12 15 0.072
925 130 10 13 0.072
586 361 14 18 0.071
355 91 13 16 0.070
195 123 10 13 0.070
553 105 12 14 0.070
635 103 11 15 0.069
954 331 11 14 0.069
455 110 13 16 0.068
853 208 12 16 0.068
645 404 12 14 0.068
1005 334 12 18 0.067
848 278 12 17 0.067
566 155 11 16 0.067
254 72 11 13 0.067
194 149 10 14 0.066
423 338 13 14 0.065
185 82 11 13 0.065
771 324 14 18 0.065
17 418 15 18 0.065
331 58 12 14 0.065
536 248 12 16 0.064
299 388 13 17 0.064
899 170 13 15 0.063
565 178 13 17 0.063
677 175 13 16 0.062
533 235 13 17 0.062
968 122 11 14 0.062
41 304 12 16 0.061
905 325 12 17 0.061
427 443 13 17 0.060
763 232 13 15 0.060
51 376 13 16 0.060
546 97 12 15 0.059
529 359 12 16 0.059
519 86 12 14 0.059
552 186 13 16 0.059
768 37 12 15 0.059
571 411 13 16 0.058
813 469 15 19 0.058
168 144 11 15 0.058
80 74 10 13 0.058
93 93 10 14 0.058
73 402 11 15 0.058
119 98 12 14 0.058
539 352 16 18 0.057
384 399 14 17 0.057
167 116 10 14 0.056
225 471 12 15 0.056
127 270 12 15 0.055
566 410 13 15 0.055
469 400 15 17 0.055
511 148 11 15 0.055
992 97 11 14 0.055
830 300 13 16 0.054
948 492 16 16 0.054
870 475 14 18 0.054
153 325 12 16 0.053
964 84 10 13 0.053
449 167 14 18 0.052
720 358 13 16 0.052
846 308 14 18 0.052
583 452 16 18 0.051
772 302 12 17 0.051
380 327 13 16 0.050
56 83 10 14 0.050
389 368 13 15 0.049
538 260 12 16 0.049
84 333 12 14 0.048
1001 259 14 18 0.048
302 385 13 17 0.048
127 366 11 15 0.048
445 82 12 14 0.048
928 433 16 19 0.048
198 285 10 14 0.048
743 110 13 16 0.047
352 316 11 13 0.047
839 305 13 18 0.047
713 229 10 16 0.047
780 253 11 12 0.047
613 101 11 15 0.046
681 245 13 16 0.046
313 230 12 15 0.046
20 122 10 14 0.046
237 98 12 13 0.046
227 391 15 18 0.045
886 330 12 15 0.045
177 405 12 16 0.045
119 406 14 16 0.045
769 99 12 14 0.044
1008 260 11 19 0.044
641 142 12 14 0.044
1004 202 12 15 0.043
467 225 11 17 0.043
530 348 14 18 0.043
356 501 16 10 0.043
54 144 10 13 0.043
653 143 11 14 0.043
7 55 8 10 0.042
537 252 12 16 0.042
152 329 11 15 0.042
789 86 11 15 0.042
737 62 12 15 0.042
281 372 13 15 0.042
581 502 16 9 0.041
526 493 19 16 0.041
47 470 16 17 0.041
0 463 12 20 0.041
378 90 11 14 0.040
673 424 13 15 0.040
263 135 13 16 0.040
97 291 12 15 0.040
53 287 12 14 0.040
253 144 12 14 0.040
151 321 11 15 0.040
231 397 14 16 0.039
930 382 13 16 0.039
689 101 10 12 0.039
134 113 11 14 0.039
662 282 12 16 0.038
915 204 12 17 0.038
662 102 11 13 0.038
647 284 13 15 0.038
0 480 12 22 0.038
231 325 12 15 0.038
372 106 11 15 0.038
781 456 17 19 0.038
587 92 11 14 0.037
98 90 10 14 0.037
845 236 12 15 0.037
502 263 11 13 0.037
254 148 11 14 0.037
47 95 9 13 0.036
900 328 13 15 0.036
161 265 13 16 0.035
233 95 11 14 0.035
515 106 12 15 0.035
917 187 12 15 0.035
536 496 17 15 0.035
692 402 14 19 0.035
666 147 12 14 0.035
473 404 14 17 0.034
261 67 10 13 0.034
387 156 12 16 0.034
22 291 11 16 0.034
657 121 10 14 0.034
406 344 14 17 0.034
542 497 19 14 0.034
349 325 12 16 0.034
888 316 12 19 0.034
78 221 13 15 0.033
479 90 11 13 0.033
746 345 13 17 0.033
48 390 13 16 0.033
609 161 12 16 0.033
778 460 17 19 0.033
968 282 13 15 0.032
215 71 11 12 0.032
126 380 11 14 0.032
27 154 14 17 0.032
774 223 13 17 0.032
87 335 12 15 0.032
374 278 11 14 0.032
473 284 14 17 0.032
740 38 11 15 0.031
652 312 14 16 0.031
283 441 14 17 0.031
932 290 13 16 0.031
903 169 14 16 0.031
667 78 12 14 0.031
616 149 11 17 0.031
273 437 12 15 0.030
81 326 12 15 0.030
83 447 15 18 0.030
73 282 12 15 0.030
640 498 17 13 0.029
575 125 11 14 0.029
571 276 14 18 0.029
317 273 12 16 0.028
895 344 12 17 0.028
163 454 15 17 0.028
467 240 12 17 0.028
639 321 11 13 0.028
407 407 14 16 0.028
305 382 12 17 0.028
943 290 13 17 0.028
536 276 13 17 0.028
12 95 11 13 0.028
284 131 12 13 0.027
290 209 11 15 0.027
454 395 14 16 0.027
154 27 10 12 0.027
394 147 14 16 0.027
967 85 11 13 0.027
947 194 12 16 0.027
805 340 13 16 0.027
461 245 12 16 0.027
346 106 11 13 0.027
738 354 13 18 0.027
3 220 8 18 0.027
463 235 12 17 0.027
418 401 14 16 0.027
1004 81 11 15 0.027
387 204 13 16 0.027
656 50 11 15 0.027
50 131 10 13 0.027
435 442 15 18 0.027
758 100 12 13 0.027
457 243 12 16 0.026
162 271 13 16 0.026
566 160 12 17 0.026
536 105 12 15 0.026
16 318 12 16 0.026
957 329 12 15 0.026
383 389 13 18 0.026
1003 184 11 14 0.026
531 335 14 15 0.026
911 209 11 13 0.026
611 158 12 15 0.025
849 284 12 15 0.025
457 118 10 13 0.025
686 105 11 13 0.025
468 390 14 18 0.025
948 296 13 16 0.025
936 217 14 18 0.025
203 503 15 9 0.025
687 298 13 14 0.024
48 140 10 13 0.024
447 295 12 17 0.024
107 79 11 14 0.024
585 430 16 17 0.024
831 194 14 17 0.024
259 135 13 15 0.024
375 88 11 14 0.024
726 444 13 17 0.024
1000 218 13 18 0.023
988 188 11 14 0.023
686 239 14 16 0.023
16 425 16 19 0.023
587 367 13 17 0.023
635 112 11 15 0.023
540 256 12 15 0.023
623 411 14 16 0.023
406 116 12 15 0.022
676 426 12 17 0.022
692 418 14 19 0.022
664 278 12 15 0.022
452 288 11 18 0.022
518 499 17 12 0.022
923 500 18 12 0.022
695 71 11 14 0.022
784 204 12 16 0.022
580 423 16 18 0.022
546 317 14 16 0.022
113 478 13 18 0.022
67 398 12 15 0.021
474 245 13 17 0.021
288 458 13 17 0.021
649 48 11 14 0.021
509 212 12 16 0.021
978 270 12 16 0.021
551 353 14 17 0.021
241 296 11 16 0.021
660 54 11 14 0.021
619 295 11 15 0.020
387 312 12 15 0.020
379 177 12 16 0.020
242 235 11 14 0.020
967 94 12 14 0.020
943 101 12 14 0.020
678 284 12 17 0.020
267 108 11 14 0.020
219 383 11 13 0.019
161 450 13 17 0.019
35 461 15 18 0.019
414 97 11 14 0.019
542 350 20 24 0.019
550 226 13 15 0.019
891 173 12 16 0.019
372 267 12 14 0.019
551 340 14 17 0.019
20 415 15 17 0.019
887 88 11 12 0.019
656 96 11 14 0.019
66 359 11 14 0.019
376 266 10 12 0.019
287 444 15 16 0.019
540 241 12 16 0.019
946 250 13 17 0.019
801 449 15 18 0.019
296 397 13 15 0.018
376 381 13 17 0.018
239 450 12 14 0.018
958 124 11 14 0.018
534 359 15 19 0.018
654 46 10 15 0.018
642 125 11 15 0.018
825 189 13 17 0.018
478 235 12 15 0.018
289 469 13 19 0.018
69 506 16 6 0.018
46 346 13 16 0.018
417 309 13 17 0.018
711 456 16 19 0.018
565 186 14 17 0.018
78 153 11 16 0.018
747 351 13 19 0.018
338 420 13 16 0.018
687 414 15 18 0.018
368 84 11 14 0.017
438 105 13 16 0.017
746 308 13 17 0.017
954 84 10 12 0.017
383 358 13 18 0.017
190 270 12 15 0.017
480 181 12 15 0.017
239 189 12 14 0.017
625 403 12 15 0.017
310 236 11 15 0.017
579 459 17 19 0.017
171 421 12 15 0.017
343 431 15 18 0.017
571 487 19 19 0.017
550 318 14 17 0.017
664 76 11 15 0.017
381 395 14 16 0.017
517 276 19 22 0.017
567 273 14 17 0.017
750 221 11 14 0.017
3 139 10 13 0.016
499 76 10 14 0.016
540 85 11 13 0.016
925 287 12 14 0.016
107 471 13 17 0.016
345 148 12 16 0.016
898 293 13 18 0.016
335 59 11 15 0.016
381 201 13 17 0.016
808 123 12 15 0.016
132 78 10 14 0.016
425 172 10 13 0.016
84 410 12 15 0.016
496 445 13 19 0.016
643 319 12 17 0.016
492 277 12 16 0.016
666 89 12 16 0.016
74 92 11 13 0.016
881 330 12 16 0.015
434 335 13 15 0.015
215 321 14 15 0.015
872 87 10 12 0.015
372 435 13 16 0.015
467 339 14 17 0.015
125 275 12 15 0.015
89 106 10 13 0.015
954 254 14 19 0.015
38 84 10 12 0.015
110 75 11 14 0.015
50 474 13 17 0.015
282 142 12 15 0.015
233 327 13 16 0.015
575 494 21 15 0.015
737 362 12 16 0.015
2 494 14 15 0.015
626 218 13 16 0.015
119 124 12 16 0.014
505 260 11 15 0.014
558 327 14 17 0.014
96 358 12 15 0.014
791 205 14 17 0.014
919 382 15 19 0.014
828 207 13 17 0.014
240 358 11 18 0.014
77 147 12 16 0.014
161 322 12 15 0.014
651 492 19 17 0.014
938 87 9 12 0.014
1015 306 8 18 0.014
947 183 12 16 0.014
402 463 14 16 0.014
302 75 10 13 0.014
703 432 15 19 0.014
287 156 11 13 0.014
82 150 11 15 0.014
333 77 10 13 0.014
70 123 10 15 0.014
208 244 12 15 0.014
80 334 11 15 0.014
76 413 14 18 0.014
694 395 14 18 0.014
351 189 13 17 0.014
172 289 12 16 0.014
736 279 12 16 0.014
548 310 14 18 0.013
410 88 12 12 0.013
535 225 14 16 0.013
734 59 11 15 0.013
340 157 13 18 0.013
343 405 12 16 0.013
998 328 13 17 0.013
802 454 16 19 0.013
228 327 12 16 0.013
837 196 14 16 0.013
348 186 12 15 0.013
214 208 12 14 0.013
1018 290 6 18 0.013
297 301 11 15 0.013
948 468 14 17 0.013
79 126 12 16 0.013
701 179 11 15 0.013
825 173 14 17 0.013
945 192 11 15 0.013
665 222 9 13 0.013
132 231 12 16 0.013
161 327 13 16 0.013
871 260 11 14 0.013
609 407 12 15 0.013
11 93 9 12 0.013
852 227 13 17 0.013
441 325 12 15 0.013
287 435 14 17 0.013
258 297 14 16 0.012
813 124 10 13 0.012
535 178 12 16 0.012
688 439 14 18 0.012
992 306 14 17 0.012
346 193 12 16 0.012
760 280 12 16 0.012
826 273 12 16 0.012
237 299 12 16 0.012
228 323 12 14 0.012
637 437 14 18 0.012
690 427 15 19 0.012
154 333 11 15 0.012
462 472 15 17 0.012
807 229 12 16 0.012
671 428 13 17 0.012
803 333 13 17 0.012
953 192 11 12 0.012
4 346 11 15 0.012
66 434 14 17 0.012
9 346 11 15 0.012
406 357 14 17 0.012
296 201 12 16 0.012
560 436 13 16 0.011
850 268 12 17 0.011
668 444 14 20 0.011
7 397 13 18 0.011
341 277 11 13 0.011
107 446 15 17 0.011
858 238 13 17 0.011
944 153 10 14 0.011
784 300 12 15 0.011
429 500 16 11 0.011
350 265 10 13 0.011
74 158 10 14 0.011
538 160 12 15 0.011
510 218 13 16 0.011
589 372 12 16 0.011
700 267 13 16 0.011
44 263 11 15 0.011
1 387 9 16 0.011
331 108 11 15 0.011
340 92 11 13 0.011
41 289 12 15 0.011
221 99 12 15 0.011
561 454 15 17 0.011
707 230 13 16 0.011
608 497 18 13 0.011
684 298 11 15 0.011
303 70 10 12 0.011
1 391 11 16 0.011
110 473 13 18 0.011
389 124 12 16 0.010
295 244 11 14 0.010
288 476 15 17 0.010
369 498 15 11 0.010
790 298 11 15 0.010
775 99 18 23 0.010
758 234 14 16 0.010
468 63 13 13 0.010
300 305 12 16 0.010
372 453 13 16 0.010
130 493 15 14 0.010
810 422 15 17 0.010
494 289 13 15 0.010
130 369 11 16 0.010
569 498 18 13 0.010
65 443 14 17 0.010
347 392 14 17 0.010
537 446 16 19 0.010
647 307 14 16 0.010
754 227 13 16 0.010
710 265 12 15 0.010
485 99 12 16 0.010
745 227 12 16 0.010
708 449 17 21 0.010
507 145 11 15 0.010
4 217 11 16 0.010
