7_Cheering_Cheering_7_118
118
873 288 112 151 0.882
567 239 96 132 0.873
296 227 97 119 0.856
27 283 103 126 0.849
780 217 96 131 0.833
416 232 98 121 0.785
852 119 22 27 0.526
763 157 21 25 0.409
924 95 23 26 0.401
958 29 21 28 0.338
790 139 19 25 0.334
1000 212 19 27 0.326
826 143 21 30 0.324
212 204 14 19 0.323
1010 108 15 24 0.291
581 23 13 16 0.278
239 159 18 22 0.276
1008 172 16 24 0.270
819 181 21 25 0.265
286 148 17 21 0.256
985 136 17 24 0.249
754 185 21 26 0.231
425 160 21 27 0.202
385 114 17 20 0.199
855 73 23 28 0.193
579 89 19 24 0.182
106 209 21 26 0.178
905 48 19 23 0.172
10 224 47 55 0.159
695 54 16 22 0.157
599 34 16 19 0.152
384 169 18 23 0.146
767 133 17 21 0.142
840 5 21 23 0.136
876 189 26 32 0.123
153 208 16 21 0.111
388 43 17 21 0.106
590 201 28 32 0.101
520 15 13 18 0.100
413 94 19 24 0.099
539 28 15 19 0.099
187 209 18 24 0.094
177 145 16 19 0.093
934 124 20 26 0.087
323 199 22 26 0.084
653 27 15 17 0.084
881 157 19 26 0.074
886 160 22 28 0.070
225 338 26 35 0.069
665 56 16 21 0.068
1005 84 15 20 0.068
26 227 50 59 0.062
439 82 15 21 0.062
533 161 19 23 0.057
657 32 15 18 0.057
290 63 20 24 0.057
47 182 19 20 0.055
12 227 31 39 0.055
242 273 23 30 0.054
537 156 21 25 0.047
939 174 23 28 0.046
0 288 13 42 0.046
387 161 18 26 0.045
953 200 20 26 0.044
330 103 16 21 0.044
626 66 17 21 0.043
583 82 19 25 0.042
529 22 15 20 0.039
167 188 19 22 0.037
674 54 18 23 0.037
651 23 12 16 0.037
1 295 10 26 0.036
539 200 24 31 0.036
530 169 17 21 0.032
102 215 27 35 0.031
154 198 17 24 0.031
320 144 17 22 0.031
0 233 23 58 0.030
543 26 16 19 0.029
543 153 20 23 0.028
554 183 21 26 0.027
507 204 19 22 0.027
161 192 19 24 0.026
664 45 16 21 0.026
689 13 14 20 0.022
45 177 18 20 0.021
1015 23 10 23 0.021
337 129 19 24 0.020
989 12 15 22 0.020
0 315 13 63 0.019
533 27 17 23 0.018
39 221 34 44 0.018
500 77 15 22 0.017
533 151 21 25 0.017
575 98 18 20 0.016
553 173 21 28 0.016
585 195 41 49 0.016
897 169 17 23 0.016
314 48 18 22 0.015
336 121 18 23 0.014
823 140 19 25 0.014
650 31 14 18 0.014
983 141 21 28 0.013
834 4 20 23 0.012
585 75 19 23 0.012
997 83 19 26 0.012
22 229 32 39 0.012
584 20 14 17 0.012
971 -4 17 17 0.011
163 310 23 37 0.011
339 137 19 24 0.011
870 180 37 49 0.011
842 17 19 21 0.011
51 177 17 19 0.011
929 131 18 23 0.011
587 60 19 24 0.010
1 237 14 46 0.010
177 197 18 23 0.010
