7_Cheering_Cheering_7_413
46
928 381 55 68 0.855
730 454 85 103 0.812
618 369 38 49 0.812
843 376 37 47 0.807
485 427 60 88 0.796
748 384 50 59 0.792
341 411 47 63 0.789
429 363 29 37 0.785
544 347 30 38 0.781
734 359 30 39 0.778
48 386 31 36 0.763
321 349 20 25 0.754
167 335 22 29 0.734
68 330 21 26 0.727
383 338 16 21 0.725
271 340 27 36 0.716
156 380 33 53 0.699
249 333 14 18 0.697
341 333 18 22 0.696
38 334 20 25 0.680
202 332 13 16 0.673
1003 371 21 49 0.616
351 283 12 15 0.562
490 391 30 37 0.339
9 342 18 23 0.253
3 338 16 21 0.224
349 334 19 21 0.207
15 343 17 20 0.147
317 336 13 16 0.119
152 371 18 26 0.115
249 329 19 27 0.088
152 373 23 47 0.050
203 361 16 18 0.049
1 347 13 23 0.027
706 428 21 30 0.026
27 337 15 21 0.025
475 336 9 11 0.023
695 133 8 8 0.023
408 343 11 14 0.022
14 347 19 24 0.021
123 352 15 17 0.016
495 398 38 48 0.015
962 368 43 61 0.013
314 341 15 18 0.011
0 361 8 19 0.011
536 341 12 13 0.011
