7_Cheering_Cheering_7_391
51
710 175 17 21 0.735
208 437 47 73 0.640
221 349 17 29 0.602
314 327 14 23 0.588
479 334 14 25 0.437
358 356 20 30 0.385
302 361 17 26 0.331
541 332 15 25 0.226
299 666 95 103 0.210
424 315 11 17 0.203
483 329 13 26 0.152
94 386 27 38 0.119
114 273 21 33 0.112
353 362 19 27 0.086
3 420 25 41 0.054
194 342 14 22 0.053
703 289 12 21 0.048
306 364 18 24 0.046
938 439 39 75 0.040
761 252 13 19 0.037
245 692 139 76 0.035
187 437 56 77 0.032
368 305 12 16 0.031
557 280 11 12 0.029
463 312 12 18 0.028
683 311 15 22 0.027
111 403 23 29 0.027
663 324 18 19 0.026
418 320 15 22 0.024
670 320 20 19 0.024
677 314 18 22 0.023
23 345 17 20 0.023
697 294 15 22 0.021
477 342 14 22 0.020
410 322 17 22 0.020
73 386 38 52 0.018
58 408 30 52 0.018
948 255 15 24 0.017
325 628 84 135 0.017
484 322 12 23 0.016
120 268 19 33 0.016
105 361 25 39 0.014
410 315 14 17 0.013
663 270 14 21 0.012
103 395 28 34 0.012
379 310 13 18 0.012
566 398 17 36 0.011
406 317 14 19 0.011
190 343 14 19 0.011
428 312 10 15 0.011
372 354 18 25 0.010
