7_Cheering_Cheering_7_386
259
211 546 47 52 0.799
763 289 33 43 0.798
766 435 33 38 0.777
789 482 37 59 0.628
660 442 29 35 0.609
306 407 15 19 0.607
221 426 17 22 0.600
62 506 47 69 0.560
415 438 19 24 0.557
255 468 29 39 0.548
355 429 20 24 0.539
287 400 15 19 0.490
393 400 14 18 0.450
297 432 23 26 0.448
256 427 16 21 0.445
804 518 39 65 0.428
564 420 18 19 0.422
433 423 17 22 0.395
332 455 24 30 0.391
965 329 30 46 0.378
410 403 15 19 0.377
798 498 39 72 0.366
533 479 131 197 0.345
387 559 39 64 0.341
982 483 42 70 0.340
475 387 12 15 0.314
394 377 13 14 0.227
543 390 11 14 0.220
326 393 15 20 0.216
444 391 15 17 0.207
308 432 21 25 0.207
528 422 14 18 0.203
188 400 13 15 0.202
244 377 14 17 0.174
558 466 48 60 0.169
888 391 33 39 0.166
557 474 71 96 0.160
730 396 17 22 0.159
583 370 12 15 0.159
156 358 12 14 0.158
584 395 13 16 0.141
36 536 42 55 0.141
359 456 21 25 0.138
195 426 16 21 0.138
64 456 22 30 0.136
534 409 13 16 0.135
964 494 46 62 0.132
716 535 28 48 0.121
717 547 39 56 0.118
366 356 12 14 0.116
570 486 48 52 0.111
563 376 10 14 0.109
250 376 15 19 0.106
342 456 24 28 0.104
462 438 20 25 0.095
473 392 14 18 0.090
546 446 27 35 0.085
110 716 124 50 0.085
255 375 14 18 0.085
44 516 49 65 0.085
241 378 12 16 0.085
123 464 17 21 0.084
131 389 13 16 0.082
213 391 12 15 0.079
828 421 17 22 0.075
736 393 13 18 0.073
681 402 21 27 0.072
519 379 9 13 0.071
887 569 38 55 0.070
363 407 15 19 0.069
937 400 28 37 0.067
151 472 26 31 0.066
397 546 40 63 0.064
717 614 47 64 0.063
184 386 12 14 0.062
629 340 12 14 0.061
264 377 14 17 0.057
414 398 13 16 0.057
602 435 22 27 0.056
215 351 11 12 0.055
516 376 10 15 0.054
899 390 41 47 0.052
561 372 11 14 0.052
177 426 16 20 0.052
299 574 40 65 0.050
536 333 10 12 0.050
542 438 21 26 0.048
581 368 10 13 0.048
601 443 18 21 0.046
536 337 10 13 0.044
212 372 14 15 0.044
68 417 20 26 0.043
174 430 18 24 0.043
212 384 13 16 0.043
541 590 57 81 0.043
531 425 18 22 0.042
142 373 12 15 0.042
937 395 40 57 0.042
680 398 18 22 0.041
378 424 17 21 0.040
393 469 27 31 0.039
472 406 15 18 0.038
497 362 11 12 0.038
328 452 34 45 0.037
727 396 14 19 0.037
563 415 15 20 0.036
439 385 13 15 0.036
338 452 18 24 0.036
512 359 10 12 0.036
408 381 11 13 0.036
288 433 18 22 0.035
200 353 11 14 0.035
155 494 39 51 0.034
546 383 11 14 0.034
368 360 12 14 0.034
1006 438 18 45 0.034
165 354 11 13 0.033
507 391 12 15 0.033
545 468 99 143 0.033
365 384 13 17 0.033
959 324 28 40 0.032
0 539 18 52 0.031
591 397 12 14 0.031
363 399 14 17 0.031
0 377 9 15 0.031
525 382 11 15 0.031
180 419 15 20 0.031
479 405 16 21 0.031
389 461 26 30 0.029
563 364 9 11 0.029
212 350 11 13 0.029
157 468 21 26 0.028
723 559 42 54 0.028
606 429 20 25 0.028
740 390 11 15 0.028
597 503 41 42 0.027
223 394 13 16 0.027
242 426 16 21 0.026
164 461 24 30 0.025
554 457 38 50 0.025
599 424 18 22 0.025
307 390 14 15 0.025
439 453 20 25 0.024
365 433 20 24 0.024
493 404 15 20 0.024
584 450 28 34 0.024
138 361 12 14 0.024
664 411 15 20 0.023
560 360 9 12 0.023
668 367 9 11 0.023
221 454 21 25 0.023
500 360 11 14 0.023
703 341 11 13 0.023
952 504 37 52 0.022
484 380 10 13 0.022
365 390 14 18 0.022
123 464 24 30 0.022
502 393 12 16 0.022
360 392 14 17 0.022
705 337 14 18 0.022
459 444 20 24 0.021
317 409 16 21 0.021
362 358 12 14 0.021
837 416 25 31 0.020
605 476 36 44 0.020
564 401 12 15 0.020
816 395 24 29 0.020
828 413 26 32 0.019
452 446 18 23 0.019
859 390 27 34 0.019
75 391 14 18 0.019
835 419 18 23 0.019
435 379 11 14 0.019
865 380 42 50 0.019
626 413 15 18 0.019
516 358 9 12 0.018
54 384 12 14 0.018
301 475 25 36 0.018
436 417 14 18 0.018
418 383 11 13 0.018
988 339 24 36 0.018
553 402 13 18 0.018
554 444 21 26 0.017
504 388 13 15 0.017
980 436 34 53 0.017
865 412 26 31 0.017
664 369 9 10 0.017
594 442 18 22 0.017
553 353 9 12 0.017
537 545 97 139 0.017
256 402 12 14 0.016
162 369 13 15 0.016
593 333 10 12 0.016
613 422 18 21 0.016
485 408 17 21 0.016
370 417 17 21 0.016
322 391 14 17 0.015
1 411 11 21 0.015
847 393 52 63 0.015
216 398 13 16 0.015
602 449 29 37 0.015
627 334 11 14 0.015
71 394 13 17 0.015
296 594 34 66 0.014
687 344 9 11 0.014
870 374 25 30 0.014
540 356 9 13 0.014
166 440 17 24 0.014
400 523 37 49 0.014
517 428 17 21 0.014
136 367 12 15 0.014
354 395 13 16 0.014
1001 396 21 47 0.014
951 490 37 45 0.013
627 405 14 19 0.013
170 438 19 24 0.013
237 373 12 16 0.013
478 353 8 10 0.013
356 460 27 31 0.013
591 427 19 21 0.013
976 291 26 29 0.013
444 404 13 17 0.013
422 438 18 23 0.013
297 424 17 21 0.013
525 404 12 15 0.013
1005 289 18 31 0.012
424 341 10 12 0.012
634 335 11 16 0.012
396 435 17 20 0.012
818 405 19 22 0.012
506 489 35 49 0.012
64 159 19 20 0.012
852 409 26 32 0.012
161 471 29 35 0.012
947 400 28 35 0.011
536 439 39 49 0.011
383 689 60 54 0.011
521 420 15 20 0.011
508 480 49 71 0.011
566 354 11 14 0.011
640 405 13 18 0.011
989 386 23 35 0.011
700 343 10 11 0.011
165 456 20 25 0.011
780 471 58 85 0.011
499 356 10 10 0.011
274 380 12 14 0.011
386 458 21 25 0.011
184 396 20 27 0.011
364 364 12 14 0.011
518 405 13 17 0.011
432 458 19 24 0.011
576 398 14 17 0.010
49 398 47 73 0.010
0 467 13 38 0.010
221 458 26 33 0.010
402 455 20 25 0.010
929 421 26 38 0.010
310 383 13 15 0.010
