22_Picnic_Picnic_22_310
67
647 224 44 57 0.824
600 185 21 30 0.761
269 210 48 63 0.759
855 219 28 30 0.734
452 209 22 34 0.723
522 273 19 29 0.669
765 193 16 29 0.542
148 276 12 15 0.489
689 193 21 31 0.475
826 216 9 11 0.366
112 275 10 13 0.348
181 280 12 17 0.325
499 237 6 7 0.315
40 282 13 17 0.304
106 304 13 14 0.200
103 302 12 15 0.152
916 211 10 14 0.150
987 233 23 35 0.146
29 248 9 12 0.135
762 190 15 26 0.135
747 218 6 7 0.134
657 186 21 25 0.127
418 237 6 7 0.124
555 237 5 5 0.111
829 218 7 9 0.109
106 496 59 83 0.099
191 210 7 9 0.084
8 273 12 20 0.077
94 302 12 17 0.069
416 235 9 11 0.068
729 225 6 7 0.062
255 238 16 29 0.055
220 238 29 38 0.052
234 220 8 9 0.052
908 233 19 26 0.048
659 188 26 30 0.043
108 272 11 15 0.042
420 236 7 9 0.041
919 208 10 13 0.039
870 186 6 7 0.034
553 237 5 5 0.033
735 239 6 8 0.029
89 304 11 16 0.028
914 208 9 13 0.028
675 190 26 32 0.027
23 255 11 14 0.027
731 229 5 8 0.027
555 235 8 9 0.026
130 265 9 10 0.023
504 238 5 6 0.023
497 239 6 6 0.023
262 231 21 36 0.022
160 290 10 13 0.022
519 464 72 77 0.022
1 580 22 33 0.020
946 242 18 27 0.019
245 234 27 37 0.018
196 210 9 10 0.018
701 203 12 17 0.017
869 185 9 10 0.017
729 227 5 7 0.016
232 220 7 8 0.016
730 227 8 11 0.014
966 208 16 22 0.014
671 197 30 38 0.013
989 206 15 23 0.011
45 278 11 16 0.011
