22_Picnic_Picnic_22_541
102
86 626 49 67 0.701
361 1113 11 14 0.360
681 151 12 14 0.337
905 843 17 19 0.319
552 105 14 18 0.229
577 46 14 17 0.224
58 874 61 75 0.121
713 1066 8 10 0.120
264 1080 8 10 0.093
982 83 8 9 0.089
611 1075 9 10 0.080
941 78 12 16 0.074
487 87 15 19 0.062
431 1073 8 10 0.061
555 109 13 16 0.056
209 301 74 75 0.052
898 886 16 17 0.044
960 132 7 9 0.043
428 1075 9 10 0.042
238 319 48 47 0.041
255 971 74 79 0.041
582 45 13 17 0.041
489 93 16 18 0.039
339 1191 12 17 0.038
483 82 16 19 0.038
486 1194 7 10 0.035
717 1067 7 9 0.034
679 1083 7 8 0.034
558 106 14 16 0.033
794 79 11 13 0.032
264 1084 10 13 0.031
481 888 11 14 0.030
837 45 17 20 0.028
212 258 25 28 0.028
928 75 11 14 0.027
428 1071 9 10 0.027
753 59 9 12 0.026
492 84 14 18 0.026
944 88 10 12 0.026
448 1128 13 16 0.026
923 69 15 17 0.026
792 86 12 17 0.026
634 813 73 74 0.025
694 147 11 15 0.025
240 1092 7 10 0.025
842 48 18 21 0.025
452 1126 9 13 0.025
262 1098 14 19 0.024
902 886 19 19 0.023
752 1309 11 13 0.023
791 82 11 14 0.023
168 338 16 20 0.022
638 79 16 19 0.022
257 322 36 37 0.022
480 55 12 15 0.020
166 333 16 20 0.020
790 96 12 14 0.020
613 1100 7 9 0.019
981 81 11 13 0.019
611 1071 7 9 0.018
612 1077 10 12 0.018
897 847 17 20 0.018
710 282 10 11 0.018
574 41 13 17 0.018
793 76 9 11 0.017
721 1143 6 8 0.017
482 1193 11 13 0.017
743 36 8 9 0.017
439 1075 7 9 0.016
932 78 13 16 0.016
725 17 9 12 0.016
643 82 15 19 0.015
524 143 10 12 0.015
848 48 17 19 0.015
283 232 8 9 0.015
217 346 44 37 0.014
681 1078 7 8 0.014
1012 85 7 9 0.014
717 53 13 17 0.014
484 76 12 18 0.014
954 0 19 6 0.013
770 283 8 10 0.012
284 229 8 10 0.012
436 1135 9 11 0.012
999 130 7 9 0.012
492 155 9 11 0.012
634 84 14 17 0.012
711 42 8 10 0.011
1000 133 8 9 0.011
727 14 9 12 0.011
700 149 10 13 0.011
1012 82 6 8 0.011
344 1189 12 17 0.011
896 137 7 9 0.011
148 1105 13 16 0.011
800 81 9 13 0.011
965 140 7 8 0.010
941 72 13 16 0.010
642 76 16 19 0.010
958 130 11 13 0.010
712 45 8 9 0.010
293 1223 9 12 0.010
