22_Picnic_Picnic_22_732
431
338 610 13 17 0.666
849 618 14 17 0.640
282 600 12 18 0.635
59 655 16 20 0.557
525 601 10 15 0.553
426 572 10 13 0.552
216 626 13 20 0.545
725 581 11 14 0.530
149 588 10 15 0.516
191 603 11 16 0.511
225 585 10 14 0.491
216 609 10 13 0.479
607 608 10 16 0.467
407 568 10 12 0.459
790 545 8 11 0.454
760 623 10 14 0.451
668 623 17 19 0.443
517 562 9 12 0.429
368 565 9 11 0.415
212 547 9 12 0.401
296 543 9 11 0.393
594 578 10 14 0.391
112 561 9 11 0.391
723 610 11 15 0.373
23 566 11 13 0.369
326 582 9 12 0.356
485 561 9 11 0.347
580 558 9 11 0.344
368 585 10 12 0.317
172 522 6 8 0.312
160 536 8 10 0.300
150 520 7 8 0.281
468 532 7 8 0.260
89 525 6 8 0.252
584 540 8 10 0.251
254 536 7 8 0.244
710 567 9 13 0.244
7 516 6 8 0.225
451 538 7 9 0.222
562 541 9 11 0.213
54 658 15 18 0.211
823 554 8 9 0.197
627 599 9 12 0.195
511 523 6 7 0.194
248 584 9 12 0.191
108 559 9 12 0.189
550 521 7 8 0.188
455 556 8 9 0.187
856 555 7 10 0.184
417 618 10 16 0.181
586 542 8 10 0.178
638 546 8 8 0.174
540 570 7 10 0.172
770 534 8 11 0.158
246 553 7 9 0.153
713 570 10 13 0.144
221 596 10 14 0.144
186 544 7 9 0.142
702 547 9 10 0.142
401 531 7 8 0.140
783 529 6 8 0.139
126 524 6 8 0.135
616 548 7 9 0.132
588 571 10 12 0.130
569 513 6 7 0.128
156 530 9 11 0.127
359 543 7 8 0.126
105 522 6 7 0.124
243 571 9 13 0.122
360 527 6 8 0.122
633 527 6 7 0.121
528 535 7 8 0.119
326 526 6 8 0.116
420 536 7 9 0.116
731 641 14 19 0.116
419 615 10 16 0.114
234 549 7 10 0.111
77 517 7 8 0.111
832 535 8 10 0.108
289 522 6 8 0.103
239 535 6 8 0.102
542 572 8 10 0.101
185 561 8 11 0.100
1018 566 6 13 0.100
343 527 6 7 0.098
197 526 7 8 0.098
171 567 8 9 0.097
268 546 7 10 0.096
256 534 7 8 0.096
320 524 6 7 0.094
193 506 6 8 0.093
277 510 5 7 0.092
431 545 7 9 0.088
658 586 9 12 0.086
123 525 6 8 0.085
505 541 7 9 0.085
215 536 8 10 0.085
551 546 8 10 0.085
548 549 9 9 0.083
145 499 6 7 0.083
319 554 7 10 0.082
365 590 10 14 0.081
26 525 6 8 0.081
933 511 5 7 0.080
318 557 7 9 0.080
530 548 7 10 0.080
501 557 9 11 0.079
813 519 6 7 0.079
447 621 11 16 0.079
324 524 6 8 0.076
222 519 5 7 0.076
203 569 10 12 0.075
128 526 7 8 0.073
90 525 8 10 0.072
698 529 6 8 0.072
487 502 5 7 0.071
40 595 11 14 0.071
240 573 9 13 0.071
880 546 8 9 0.070
630 509 6 7 0.070
716 535 7 9 0.069
316 576 8 11 0.069
259 540 7 9 0.067
745 632 11 14 0.067
397 597 8 11 0.065
785 534 7 9 0.064
889 533 8 8 0.064
743 635 12 14 0.064
379 529 6 8 0.064
909 509 5 6 0.064
105 494 5 6 0.063
620 529 6 8 0.063
353 560 7 9 0.062
428 505 5 7 0.062
86 523 8 10 0.062
203 526 7 9 0.061
824 556 9 10 0.061
247 549 8 11 0.061
63 520 6 7 0.060
345 530 6 7 0.060
963 511 6 7 0.060
675 502 5 6 0.058
577 558 9 12 0.056
864 578 8 12 0.056
582 513 6 7 0.056
481 562 8 10 0.056
237 515 5 7 0.056
66 518 7 8 0.056
451 517 7 7 0.056
429 522 6 8 0.056
471 532 7 8 0.055
708 559 10 12 0.055
23 526 6 7 0.054
889 511 6 7 0.054
700 527 7 7 0.053
360 534 5 9 0.052
417 539 7 10 0.052
29 558 10 13 0.052
238 514 6 7 0.052
197 493 5 6 0.050
259 499 6 7 0.050
640 542 8 10 0.050
820 552 8 10 0.049
336 557 7 9 0.048
884 667 10 14 0.048
69 507 6 8 0.047
859 564 9 13 0.047
610 608 11 15 0.047
862 527 7 8 0.047
90 504 5 7 0.047
61 534 8 9 0.046
935 509 5 7 0.046
826 540 8 10 0.046
50 548 7 10 0.046
65 656 13 18 0.045
593 522 6 7 0.045
71 568 8 10 0.045
398 532 6 7 0.045
985 500 5 7 0.044
462 580 7 10 0.044
670 516 6 7 0.044
503 550 9 11 0.044
748 526 6 8 0.044
52 547 8 11 0.043
618 545 9 11 0.042
575 513 5 6 0.042
69 510 5 7 0.042
177 564 9 12 0.042
113 511 6 7 0.041
73 569 9 10 0.041
485 501 6 7 0.041
36 522 6 7 0.041
630 568 8 10 0.040
414 623 10 16 0.040
0 632 7 14 0.040
356 546 7 9 0.039
321 522 8 10 0.039
195 602 11 16 0.039
717 515 6 8 0.038
323 522 5 7 0.038
260 560 8 10 0.038
87 568 8 11 0.037
136 576 10 12 0.037
348 580 9 12 0.037
235 522 6 8 0.037
962 510 6 7 0.037
281 509 5 7 0.035
512 521 6 7 0.035
72 493 5 6 0.035
415 517 6 7 0.034
915 529 6 8 0.034
224 504 5 6 0.034
630 523 8 10 0.034
146 533 7 8 0.034
954 531 11 15 0.034
343 533 6 9 0.034
359 537 8 10 0.033
429 508 6 6 0.033
618 532 6 9 0.033
791 548 8 11 0.033
779 516 6 6 0.033
68 566 8 11 0.032
994 523 7 8 0.032
777 514 6 7 0.032
630 599 9 12 0.032
86 502 5 7 0.032
424 528 7 8 0.031
396 592 9 13 0.031
818 536 7 8 0.031
896 575 8 14 0.030
75 492 6 6 0.030
860 553 9 11 0.030
33 489 5 6 0.030
41 530 6 7 0.029
238 518 6 7 0.029
529 508 6 6 0.029
510 523 9 11 0.029
262 559 8 10 0.029
623 509 6 7 0.029
180 534 9 11 0.029
337 519 6 7 0.028
873 510 6 7 0.028
556 579 8 11 0.028
616 506 6 7 0.028
852 491 5 6 0.027
120 496 4 6 0.027
40 518 5 7 0.027
871 510 6 7 0.027
652 513 6 7 0.027
688 513 6 8 0.027
328 580 9 12 0.027
682 575 9 11 0.026
761 496 6 6 0.026
926 538 8 10 0.026
881 670 13 14 0.026
787 548 9 11 0.026
726 608 10 14 0.026
370 603 10 15 0.026
142 521 8 10 0.026
598 525 7 8 0.026
77 567 9 12 0.026
79 566 10 11 0.026
517 528 7 9 0.025
714 516 6 7 0.025
820 555 8 10 0.025
277 585 7 11 0.025
3 500 5 6 0.024
552 526 8 10 0.024
627 571 8 11 0.024
632 570 8 10 0.024
272 588 7 10 0.024
658 529 6 8 0.024
1 639 8 16 0.024
253 500 5 6 0.023
57 544 9 11 0.023
886 533 9 10 0.023
527 604 12 14 0.023
726 500 6 6 0.023
680 570 9 12 0.023
325 586 9 13 0.023
677 562 7 10 0.023
625 539 9 11 0.023
61 547 9 12 0.023
650 513 6 7 0.022
243 554 9 12 0.022
873 494 5 6 0.022
1004 603 9 13 0.022
460 583 8 10 0.021
48 660 15 16 0.021
607 506 5 7 0.021
654 518 6 7 0.021
946 546 8 11 0.021
260 590 9 12 0.021
260 502 5 7 0.021
510 509 6 7 0.021
691 514 6 7 0.021
189 582 9 10 0.021
264 573 7 10 0.021
231 492 5 6 0.020
146 497 6 7 0.020
933 512 7 8 0.020
506 533 8 11 0.020
262 569 8 10 0.020
863 489 6 6 0.020
306 560 8 10 0.020
661 626 14 16 0.020
273 516 6 7 0.020
647 560 7 9 0.020
1009 600 9 14 0.019
75 520 8 11 0.019
87 564 9 11 0.019
92 496 5 5 0.019
999 540 8 9 0.019
953 531 8 11 0.019
793 524 6 8 0.019
450 620 12 17 0.019
630 490 5 6 0.019
990 567 8 11 0.019
463 484 5 7 0.019
861 489 6 6 0.019
512 554 10 11 0.018
475 520 6 6 0.018
882 539 7 10 0.018
729 637 11 17 0.018
977 521 7 8 0.018
542 507 5 7 0.018
725 501 5 6 0.018
606 504 5 6 0.018
540 509 6 6 0.018
703 504 6 6 0.018
513 507 5 6 0.017
970 514 7 8 0.017
191 511 8 10 0.017
628 586 8 12 0.017
589 581 10 14 0.017
129 519 5 9 0.017
489 534 7 8 0.017
706 581 10 13 0.017
762 624 12 14 0.017
27 513 5 6 0.017
846 515 6 8 0.017
928 537 8 10 0.017
129 500 5 7 0.017
592 518 5 7 0.017
986 501 6 8 0.017
1018 543 6 9 0.017
342 523 8 10 0.017
917 463 6 6 0.017
741 523 6 7 0.016
918 461 6 7 0.016
83 528 7 9 0.016
108 590 10 12 0.016
894 571 9 13 0.016
465 503 5 7 0.016
795 520 6 7 0.016
387 524 6 7 0.016
476 558 8 10 0.016
133 578 9 11 0.016
11 546 8 11 0.016
691 625 11 15 0.016
210 510 6 7 0.016
106 536 6 8 0.016
653 507 5 7 0.015
183 493 5 6 0.015
750 510 6 7 0.015
748 511 6 6 0.015
43 495 5 6 0.015
947 544 10 13 0.015
7 545 7 11 0.015
352 561 8 12 0.015
888 510 8 10 0.015
180 505 6 7 0.014
901 522 7 8 0.014
866 577 10 13 0.014
1015 568 9 16 0.014
359 511 6 7 0.014
592 505 6 7 0.014
920 462 6 7 0.014
703 582 9 13 0.014
124 498 5 7 0.014
553 503 5 6 0.013
595 491 4 6 0.013
559 575 8 11 0.013
875 502 5 7 0.013
60 515 5 7 0.013
998 521 6 7 0.013
849 531 7 9 0.013
248 496 5 6 0.013
206 494 5 5 0.013
291 530 7 10 0.013
973 539 8 11 0.013
848 525 7 9 0.013
259 497 6 6 0.012
62 651 14 19 0.012
666 551 7 9 0.012
902 507 5 6 0.012
673 500 8 10 0.012
779 521 7 10 0.012
660 532 7 8 0.012
984 591 8 13 0.012
2 536 5 9 0.012
17 496 5 6 0.012
377 511 6 7 0.012
484 525 6 7 0.012
716 538 8 9 0.012
8 555 8 12 0.012
996 536 8 10 0.012
540 495 5 5 0.012
685 514 6 7 0.012
66 515 8 10 0.011
964 513 8 10 0.011
4 496 5 7 0.011
391 500 5 6 0.011
502 562 8 11 0.011
698 504 5 7 0.011
600 566 7 12 0.011
681 563 8 12 0.011
362 504 5 6 0.011
387 515 6 7 0.011
501 501 5 6 0.011
388 584 9 12 0.011
677 571 8 11 0.011
995 567 8 11 0.011
397 501 5 6 0.010
828 489 6 6 0.010
686 554 8 9 0.010
281 512 8 10 0.010
335 502 5 7 0.010
510 586 9 12 0.010
18 500 5 7 0.010
177 541 7 9 0.010
