22_Picnic_Picnic_22_140
26
419 347 26 30 0.776
313 340 26 33 0.762
568 369 23 28 0.756
785 382 27 35 0.744
921 427 18 28 0.585
634 386 25 27 0.562
920 371 17 30 0.486
870 375 24 28 0.395
74 415 17 32 0.385
854 407 20 39 0.296
435 433 23 34 0.189
93 544 21 23 0.089
629 377 25 29 0.088
620 449 19 35 0.084
653 364 16 19 0.051
624 370 20 24 0.049
145 397 16 27 0.026
448 424 22 32 0.024
926 425 18 27 0.020
866 375 18 25 0.017
786 372 19 24 0.016
152 402 15 26 0.016
868 368 22 27 0.012
925 371 21 31 0.011
457 427 17 25 0.011
443 412 24 38 0.011
