17_Ceremony_Ceremony_17_452
66
311 369 21 30 0.741
933 390 17 24 0.660
979 393 14 23 0.555
306 335 17 20 0.387
220 380 15 24 0.338
985 420 18 24 0.319
408 365 18 25 0.254
65 343 17 20 0.197
678 340 18 25 0.185
902 381 15 21 0.159
977 390 12 21 0.154
577 344 18 22 0.151
353 435 19 23 0.096
627 387 15 17 0.087
669 349 14 18 0.070
377 363 13 19 0.065
625 407 19 23 0.064
798 335 15 19 0.063
69 335 15 17 0.056
736 384 13 17 0.054
819 385 17 29 0.052
665 355 11 16 0.051
620 495 18 23 0.047
463 388 12 14 0.044
842 383 14 21 0.038
59 337 25 32 0.037
72 330 15 16 0.036
201 430 27 31 0.034
733 389 14 18 0.030
628 391 17 19 0.028
974 385 13 19 0.026
380 363 15 23 0.024
384 354 16 23 0.023
715 453 17 23 0.022
69 348 18 22 0.021
659 385 13 17 0.020
914 380 14 21 0.019
499 349 17 20 0.019
833 383 14 23 0.019
681 409 19 24 0.018
683 340 19 26 0.018
1016 328 7 20 0.018
771 374 25 33 0.018
481 342 12 15 0.017
726 424 17 23 0.017
369 372 15 22 0.017
421 371 14 19 0.016
460 388 10 12 0.016
358 395 17 20 0.016
685 406 20 24 0.016
625 413 18 24 0.015
225 377 13 22 0.015
791 328 13 20 0.015
922 384 13 21 0.015
642 440 12 15 0.014
377 356 15 21 0.013
723 431 17 24 0.013
15 339 11 17 0.013
195 297 13 21 0.012
704 397 16 20 0.012
687 398 15 19 0.012
210 432 23 27 0.011
443 340 13 19 0.011
643 435 21 30 0.011
971 383 11 17 0.011
811 385 21 33 0.010
