17_Ceremony_Ceremony_17_220
60
582 288 12 15 0.701
485 299 12 16 0.659
379 302 10 13 0.638
428 311 9 12 0.556
651 285 12 16 0.465
715 203 19 25 0.346
900 391 12 21 0.200
552 377 14 18 0.145
163 385 9 13 0.142
58 368 11 15 0.126
106 368 12 15 0.122
655 286 11 16 0.081
214 378 9 14 0.080
955 394 12 15 0.080
446 366 11 13 0.077
457 385 14 21 0.060
49 393 11 14 0.053
431 310 9 12 0.052
4 389 11 13 0.052
345 370 10 15 0.051
91 379 13 18 0.038
646 284 10 15 0.037
136 376 8 11 0.034
99 370 13 15 0.033
211 380 10 14 0.030
449 368 11 15 0.029
342 369 10 14 0.029
904 389 15 21 0.028
900 385 13 20 0.027
50 384 12 16 0.026
267 338 6 6 0.024
149 381 11 12 0.022
675 275 10 15 0.021
216 376 7 12 0.020
284 378 11 15 0.019
308 387 12 18 0.018
371 382 9 17 0.018
319 384 11 18 0.018
436 370 9 14 0.017
303 389 13 18 0.016
46 374 11 15 0.016
287 338 5 6 0.015
95 384 13 17 0.015
453 388 13 21 0.015
211 375 9 13 0.015
86 377 13 18 0.014
428 315 8 12 0.014
530 382 10 16 0.013
646 279 11 14 0.012
281 381 12 17 0.012
462 386 15 21 0.012
453 367 10 15 0.012
316 389 13 20 0.012
43 373 11 14 0.012
265 337 6 7 0.011
906 395 16 20 0.011
377 376 9 14 0.011
368 376 11 17 0.011
307 340 6 9 0.010
312 386 13 19 0.010
