17_Ceremony_Ceremony_17_218
54
514 520 46 62 0.856
642 474 45 56 0.855
389 529 41 51 0.854
46 515 42 52 0.852
197 431 42 54 0.849
763 462 41 59 0.844
248 498 42 57 0.843
135 553 41 49 0.843
55 312 34 42 0.842
364 410 37 43 0.831
326 483 36 46 0.830
253 385 34 40 0.829
40 418 35 43 0.828
940 485 37 43 0.828
891 507 42 48 0.828
999 362 26 41 0.823
963 422 33 38 0.822
11 366 36 44 0.821
856 421 32 42 0.821
640 323 29 35 0.820
155 367 34 40 0.820
292 319 31 39 0.819
705 426 34 39 0.819
493 401 32 39 0.818
548 433 33 39 0.818
462 460 34 38 0.817
870 374 32 38 0.813
182 310 32 41 0.810
823 326 31 37 0.807
67 458 43 52 0.805
925 350 31 37 0.803
564 331 26 34 0.802
723 302 26 34 0.802
763 363 28 35 0.794
631 437 32 38 0.782
368 362 32 36 0.755
513 330 28 33 0.752
802 462 30 39 0.733
1008 545 16 45 0.726
909 676 68 64 0.661
2 698 61 71 0.630
785 463 36 49 0.469
46 427 39 47 0.232
467 441 34 44 0.230
807 445 35 45 0.085
58 721 152 47 0.053
-1 681 22 71 0.039
448 288 21 25 0.037
-3 708 45 69 0.036
505 337 32 44 0.030
0 665 12 40 0.020
2 670 7 21 0.015
1 676 9 40 0.015
1 723 102 45 0.014
