17_Ceremony_Ceremony_17_944
71
516 425 11 15 0.673
473 428 12 15 0.649
841 455 12 17 0.623
758 452 10 15 0.600
813 457 11 17 0.599
199 465 11 16 0.577
173 469 11 16 0.575
276 474 11 16 0.526
235 459 11 16 0.525
1 525 16 27 0.523
153 466 10 14 0.485
955 550 21 40 0.408
635 447 9 16 0.295
155 468 12 14 0.214
876 600 29 50 0.192
188 466 12 16 0.186
184 466 12 16 0.182
158 539 13 18 0.129
275 533 12 19 0.102
706 542 23 26 0.095
9 537 17 25 0.084
703 459 9 16 0.067
876 529 14 23 0.066
142 470 9 12 0.063
883 606 30 48 0.062
349 391 5 6 0.058
131 569 17 33 0.053
587 500 8 12 0.047
14 542 16 21 0.047
162 536 13 19 0.044
9 511 10 13 0.041
243 549 12 21 0.035
552 451 7 9 0.034
280 529 13 19 0.031
1013 555 11 30 0.029
230 464 10 13 0.028
444 451 5 6 0.023
343 531 12 13 0.023
222 553 16 20 0.022
867 598 27 49 0.021
146 459 8 11 0.021
229 553 16 21 0.021
228 459 11 14 0.020
716 458 10 16 0.020
82 542 14 21 0.019
351 390 5 6 0.018
135 557 21 37 0.018
151 543 15 22 0.018
447 453 4 6 0.018
208 534 12 19 0.017
685 497 8 13 0.017
128 579 16 26 0.016
846 457 11 16 0.015
610 480 7 11 0.015
545 437 7 11 0.015
824 527 14 23 0.014
164 530 13 18 0.014
545 431 7 11 0.014
474 451 9 14 0.014
603 429 5 6 0.013
152 536 19 26 0.013
819 539 15 26 0.012
491 437 9 11 0.012
278 538 13 17 0.012
72 537 13 22 0.011
348 389 7 9 0.011
553 453 8 11 0.011
290 524 13 19 0.011
505 414 8 10 0.010
169 524 13 16 0.010
140 549 20 33 0.010
