17_Ceremony_Ceremony_17_46
57
109 121 20 26 0.695
266 142 15 24 0.625
67 133 15 19 0.620
749 242 9 11 0.454
386 257 7 8 0.106
752 243 9 10 0.098
683 139 7 9 0.092
355 277 11 14 0.078
454 146 7 9 0.069
811 309 9 12 0.068
889 364 13 16 0.066
818 296 8 9 0.064
706 229 7 8 0.054
709 135 7 7 0.047
427 139 6 7 0.044
708 131 6 8 0.040
885 364 15 20 0.040
816 298 9 11 0.037
882 368 15 21 0.034
814 302 9 11 0.032
488 154 7 8 0.030
894 366 12 16 0.029
698 167 9 11 0.028
700 164 8 10 0.028
454 133 7 8 0.027
451 148 9 11 0.025
461 132 7 8 0.025
475 147 6 8 0.024
709 127 6 7 0.023
448 171 9 11 0.023
425 139 5 7 0.023
667 146 6 7 0.023
230 374 10 13 0.023
62 132 16 21 0.023
476 143 7 8 0.021
878 373 14 20 0.020
666 148 6 6 0.019
229 371 9 11 0.019
722 156 6 8 0.018
443 157 7 9 0.018
352 278 10 13 0.018
231 377 11 15 0.018
888 362 11 12 0.017
709 230 6 7 0.017
724 158 6 8 0.016
767 260 7 9 0.015
697 113 6 6 0.015
202 199 19 27 0.014
766 263 7 9 0.014
491 154 6 6 0.013
476 152 7 8 0.013
71 129 14 21 0.013
769 259 6 8 0.012
433 138 6 8 0.011
442 135 6 7 0.011
480 141 5 6 0.011
445 161 7 10 0.011
