17_Ceremony_Ceremony_17_1005
26
320 239 199 275 0.858
863 183 54 69 0.810
673 191 53 62 0.781
545 145 52 63 0.781
961 182 57 71 0.773
784 179 53 70 0.745
827 115 49 64 0.734
876 480 66 71 0.427
438 104 29 34 0.404
472 94 28 35 0.246
666 116 33 43 0.144
912 1679 30 34 0.131
927 208 39 56 0.095
854 1672 42 42 0.051
366 117 34 39 0.036
880 1677 37 36 0.035
1000 249 25 59 0.030
370 96 32 37 0.030
374 88 27 32 0.026
1012 135 30 55 0.017
768 181 50 64 0.016
466 133 36 42 0.015
945 193 53 63 0.014
902 492 69 59 0.012
1002 134 33 45 0.011
0 245 30 57 0.011
