17_Ceremony_Ceremony_17_470
29
482 252 47 62 0.841
352 170 51 75 0.838
940 268 55 69 0.835
79 253 45 50 0.817
581 282 47 58 0.816
229 223 41 51 0.813
727 211 49 59 0.773
642 297 24 27 0.652
681 290 27 35 0.646
142 272 15 18 0.620
714 268 33 45 0.592
183 270 30 29 0.259
18 293 29 34 0.184
207 300 40 51 0.110
12 286 25 35 0.056
874 331 19 23 0.052
1014 323 9 40 0.035
471 294 17 21 0.028
0 283 9 22 0.027
29 301 23 27 0.026
0 283 12 31 0.023
715 259 24 36 0.016
881 335 24 26 0.014
911 337 14 18 0.013
1017 331 6 26 0.013
878 329 18 20 0.011
4 278 19 28 0.011
278 263 11 13 0.011
184 262 38 45 0.011
