17_Ceremony_Ceremony_17_803
73
651 86 88 120 0.823
320 22 102 133 0.808
942 173 25 30 0.804
574 138 16 19 0.757
605 144 20 24 0.752
173 142 18 24 0.729
626 108 15 18 0.718
1 50 96 283 0.717
598 122 15 19 0.712
93 141 22 28 0.710
631 150 21 26 0.704
150 122 15 19 0.691
441 115 15 19 0.679
528 115 14 17 0.659
125 124 18 22 0.652
505 115 14 17 0.629
418 115 13 15 0.626
539 154 20 26 0.605
567 116 13 16 0.599
162 105 13 16 0.560
490 129 15 20 0.542
195 129 14 19 0.540
113 143 17 21 0.526
90 111 14 17 0.515
481 120 13 17 0.510
557 129 13 18 0.501
212 126 13 16 0.494
484 123 15 19 0.421
204 108 11 13 0.327
161 69 9 11 0.307
240 122 12 18 0.304
222 116 11 14 0.299
563 123 13 17 0.202
203 129 15 18 0.196
571 118 14 16 0.188
202 113 10 14 0.181
242 114 10 15 0.141
108 104 12 14 0.127
164 110 14 16 0.121
214 93 9 12 0.108
243 113 7 10 0.089
604 131 17 22 0.069
394 140 16 19 0.064
388 124 9 10 0.053
110 110 13 15 0.053
109 121 15 19 0.040
231 109 9 11 0.034
180 113 9 12 0.033
401 137 13 17 0.026
165 262 59 147 0.025
227 129 12 16 0.024
207 133 14 17 0.022
640 130 12 18 0.022
399 149 15 20 0.022
187 77 8 9 0.020
552 116 11 13 0.019
462 112 9 11 0.018
463 114 9 12 0.018
405 157 14 19 0.016
176 111 9 12 0.015
186 120 10 15 0.015
244 121 15 21 0.014
208 124 18 23 0.014
391 145 17 20 0.014
433 103 11 15 0.014
556 0 8 8 0.013
400 155 15 20 0.013
368 98 28 36 0.012
459 119 12 14 0.012
247 113 10 14 0.011
169 72 10 12 0.010
141 127 14 18 0.010
220 143 14 17 0.010
