17_Ceremony_Ceremony_17_171
46
256 242 69 85 0.836
25 224 58 70 0.836
935 376 89 149 0.827
580 0 33 40 0.823
962 166 62 100 0.820
93 123 34 46 0.818
519 321 90 117 0.816
646 308 97 136 0.815
266 55 35 46 0.813
246 151 36 47 0.812
479 166 50 67 0.809
152 47 32 43 0.804
397 305 88 100 0.800
335 143 49 61 0.793
7 130 39 45 0.789
199 234 58 77 0.785
515 84 45 53 0.780
634 154 57 65 0.774
150 232 51 66 0.774
526 20 35 45 0.772
764 53 45 68 0.766
291 30 31 42 0.765
303 156 35 51 0.745
721 70 47 64 0.736
666 75 42 55 0.730
355 267 57 86 0.706
454 135 45 61 0.690
859 240 61 75 0.605
144 84 20 30 0.435
738 199 74 98 0.362
690 183 49 58 0.271
615 83 35 46 0.253
1 238 7 45 0.112
716 189 69 85 0.107
710 0 33 28 0.091
455 71 39 43 0.076
978 -5 46 72 0.053
564 3 38 45 0.040
603 88 38 44 0.028
107 199 45 64 0.025
841 263 71 93 0.021
608 164 36 48 0.018
627 1 40 45 0.012
737 0 34 26 0.012
359 296 43 61 0.011
708 7 40 47 0.011
