17_Ceremony_Ceremony_17_271
76
732 370 20 29 0.694
572 380 17 26 0.647
602 372 19 27 0.636
255 383 18 25 0.496
515 387 22 25 0.433
594 372 20 28 0.316
744 452 18 23 0.289
485 368 15 21 0.244
75 397 11 13 0.146
967 452 12 16 0.099
136 519 12 16 0.081
57 447 10 12 0.072
537 586 29 35 0.065
479 238 11 14 0.053
876 456 13 17 0.051
388 382 10 12 0.044
936 460 11 14 0.043
175 598 35 51 0.038
577 353 8 11 0.037
472 567 28 40 0.036
393 564 24 35 0.032
970 454 12 17 0.029
434 578 34 45 0.028
880 454 14 17 0.027
404 281 12 13 0.027
634 307 7 7 0.027
657 244 6 7 0.026
476 237 11 13 0.025
607 310 6 7 0.025
509 436 25 27 0.022
621 313 6 7 0.021
672 244 6 7 0.021
911 437 12 15 0.020
466 576 31 42 0.020
524 389 17 22 0.020
332 316 7 8 0.019
478 578 27 37 0.017
479 562 21 30 0.017
543 580 25 32 0.017
636 309 6 7 0.016
512 392 20 23 0.016
559 272 9 10 0.015
602 444 21 21 0.015
345 315 7 8 0.015
504 366 16 21 0.014
331 318 7 7 0.014
547 361 9 13 0.014
718 309 6 8 0.014
499 361 17 21 0.013
550 426 13 17 0.013
638 604 20 31 0.013
220 336 10 11 0.013
566 262 8 10 0.013
131 518 11 13 0.012
130 524 13 17 0.012
233 600 32 36 0.012
566 274 7 10 0.012
403 283 9 12 0.012
468 237 11 14 0.012
268 383 12 16 0.011
135 527 13 18 0.011
739 453 17 23 0.011
570 329 6 7 0.011
634 311 6 8 0.011
640 248 6 7 0.011
565 268 7 10 0.011
579 258 7 9 0.011
547 283 8 10 0.011
607 371 16 23 0.011
202 549 22 31 0.011
380 570 27 36 0.011
747 460 17 20 0.010
401 558 20 35 0.010
531 579 28 31 0.010
129 530 13 17 0.010
687 246 7 8 0.010
