17_Ceremony_Ceremony_17_765
41
90 472 38 57 0.801
377 400 20 31 0.724
717 286 13 17 0.688
81 304 11 15 0.684
795 287 14 19 0.680
876 299 13 18 0.677
925 297 13 19 0.673
669 288 12 18 0.670
398 291 11 13 0.667
375 288 11 14 0.666
325 296 11 13 0.665
239 305 12 14 0.663
138 308 11 14 0.658
831 312 12 16 0.631
557 276 10 16 0.624
187 314 10 14 0.572
453 284 10 15 0.510
422 292 10 12 0.347
11 403 14 23 0.279
82 409 14 25 0.141
178 440 15 32 0.120
134 309 11 13 0.092
457 284 10 15 0.079
426 290 9 12 0.074
15 401 12 22 0.069
228 392 11 22 0.063
110 411 14 20 0.048
345 384 7 9 0.040
423 288 9 10 0.027
422 296 9 12 0.025
235 343 12 12 0.025
151 385 15 18 0.024
108 405 14 19 0.022
96 410 15 21 0.021
643 207 5 6 0.020
265 436 19 37 0.019
64 429 15 28 0.019
154 398 16 20 0.017
371 377 11 14 0.014
238 393 14 21 0.012
372 379 12 17 0.011
