17_Ceremony_Ceremony_17_592
68
6 370 17 20 0.704
163 251 31 39 0.693
301 283 15 19 0.684
510 287 13 16 0.672
59 308 17 20 0.664
593 320 11 14 0.605
692 184 30 48 0.605
197 338 17 18 0.493
708 351 9 10 0.450
790 340 11 13 0.444
552 303 12 14 0.404
555 322 10 10 0.317
552 308 11 14 0.225
268 342 13 16 0.197
400 281 17 23 0.139
727 320 11 13 0.131
856 127 27 33 0.122
103 318 12 15 0.108
172 247 29 38 0.095
593 286 12 14 0.084
506 318 9 11 0.078
360 178 53 68 0.071
272 339 13 19 0.071
207 308 12 16 0.069
572 317 8 11 0.066
598 319 10 12 0.055
182 254 19 27 0.054
386 168 21 25 0.052
276 331 12 16 0.050
538 328 8 10 0.042
279 328 11 16 0.041
544 325 9 12 0.036
708 347 10 12 0.033
217 325 13 16 0.028
717 375 11 15 0.023
724 315 16 20 0.023
715 342 11 14 0.022
380 169 28 37 0.021
686 197 32 44 0.020
611 325 7 9 0.020
611 196 16 19 0.020
255 308 12 14 0.019
424 338 15 18 0.017
213 318 13 17 0.016
244 345 13 16 0.016
574 321 8 10 0.016
724 324 12 14 0.016
280 289 9 10 0.015
343 206 15 18 0.015
600 291 11 15 0.014
270 293 9 11 0.014
222 326 12 15 0.013
769 350 10 14 0.013
460 323 10 13 0.013
72 332 13 14 0.012
596 284 13 16 0.011
203 310 13 18 0.011
557 264 8 10 0.011
426 303 12 15 0.011
698 189 22 30 0.011
372 142 17 24 0.011
732 319 11 14 0.011
403 312 12 17 0.011
858 135 35 39 0.010
850 133 29 41 0.010
705 347 8 10 0.010
249 345 13 15 0.010
92 344 11 16 0.010
