47_Matador_Bullfighter_matadorbullfighting_47_443
59
952 257 16 18 0.655
778 227 15 18 0.652
834 266 14 16 0.650
194 251 20 25 0.607
902 202 16 20 0.606
422 216 16 19 0.601
583 201 16 20 0.591
859 164 14 16 0.589
975 195 12 16 0.570
351 197 15 20 0.540
370 213 16 19 0.514
315 202 15 19 0.502
414 194 15 18 0.441
781 207 12 14 0.345
619 244 14 17 0.335
761 261 12 16 0.272
357 219 15 19 0.244
875 254 12 17 0.233
821 206 14 18 0.232
671 264 14 18 0.200
90 227 13 17 0.172
554 258 22 23 0.127
679 261 14 16 0.110
191 165 16 18 0.109
992 261 14 19 0.081
686 258 13 16 0.080
3 230 12 15 0.060
764 263 13 17 0.050
828 207 14 16 0.048
546 258 25 26 0.043
320 201 15 20 0.042
820 200 14 18 0.038
722 264 13 15 0.030
68 189 15 18 0.028
542 254 22 24 0.027
817 204 14 18 0.025
552 309 26 31 0.025
1000 183 11 14 0.025
1015 231 9 21 0.024
1015 184 8 17 0.023
533 253 24 23 0.021
590 203 14 18 0.018
674 268 14 17 0.017
502 226 17 19 0.017
236 212 11 13 0.016
1015 199 8 19 0.016
89 218 13 16 0.015
558 330 28 30 0.015
1016 204 8 20 0.014
766 222 12 16 0.014
564 257 17 20 0.013
561 344 26 24 0.012
504 255 22 24 0.012
619 216 14 17 0.012
688 238 13 18 0.012
1003 181 11 16 0.012
1009 186 11 17 0.012
726 261 13 16 0.011
834 205 13 16 0.010
