47_Matador_Bullfighter_matadorbullfighting_47_536
76
476 317 20 24 0.665
777 285 20 27 0.645
334 282 23 28 0.633
623 270 19 25 0.593
969 339 18 21 0.577
832 323 19 22 0.553
110 408 25 28 0.500
898 337 19 23 0.448
397 285 21 26 0.442
74 188 11 14 0.423
726 318 17 20 0.268
700 195 10 12 0.265
447 197 11 14 0.255
404 218 19 19 0.219
3 188 11 14 0.210
546 291 21 27 0.188
1011 346 13 18 0.167
920 354 16 19 0.163
646 292 19 23 0.136
155 429 22 26 0.107
1 194 11 15 0.103
940 310 14 17 0.103
896 328 19 23 0.098
70 188 11 14 0.096
854 197 9 11 0.091
907 346 18 22 0.086
10 431 22 28 0.084
557 299 21 25 0.065
948 311 15 16 0.050
666 213 9 11 0.047
910 323 14 19 0.043
910 318 14 17 0.039
705 195 9 12 0.039
942 352 17 20 0.038
693 292 14 17 0.030
7 428 19 26 0.030
407 191 12 13 0.029
82 187 9 14 0.027
644 284 17 23 0.026
894 341 19 22 0.025
3 395 17 27 0.025
11 421 23 28 0.024
401 218 15 18 0.023
955 312 14 17 0.023
463 301 16 20 0.022
990 353 15 17 0.022
168 308 21 26 0.022
412 218 16 18 0.022
997 347 15 18 0.021
546 285 19 24 0.021
241 390 24 30 0.020
147 423 21 26 0.020
403 292 19 24 0.019
9 409 22 27 0.019
444 199 12 14 0.018
566 301 20 25 0.018
410 313 18 22 0.017
387 283 22 27 0.017
993 357 15 17 0.016
152 418 22 26 0.016
798 302 12 15 0.016
671 244 11 13 0.016
852 200 9 11 0.014
567 328 19 24 0.014
720 303 16 19 0.014
945 251 13 15 0.014
717 290 13 16 0.013
842 290 16 20 0.013
565 319 21 26 0.013
106 402 23 29 0.013
666 218 10 14 0.011
1012 318 11 18 0.011
415 315 19 22 0.011
993 365 14 16 0.011
44 382 21 25 0.010
0 187 16 19 0.010
