54_Rescue_rescuepeople_54_135
69
873 482 61 70 0.798
503 1 51 67 0.776
329 46 37 47 0.701
869 210 24 42 0.668
51 558 61 55 0.558
944 216 19 38 0.522
998 235 24 25 0.413
959 461 36 59 0.378
155 177 21 28 0.236
687 202 36 47 0.223
88 227 29 32 0.213
669 567 46 77 0.195
84 105 8 9 0.138
454 -5 44 58 0.137
431 363 33 46 0.129
949 476 44 72 0.125
116 374 38 56 0.107
81 231 31 35 0.086
691 218 34 46 0.077
787 609 64 55 0.077
256 162 24 36 0.073
686 126 10 13 0.073
739 416 39 55 0.067
39 611 57 47 0.054
293 344 39 50 0.044
151 189 18 26 0.043
644 27 10 11 0.041
335 56 37 60 0.039
961 372 32 43 0.035
75 263 27 31 0.035
87 104 8 9 0.034
0 260 18 41 0.031
70 395 47 53 0.026
543 503 38 54 0.026
1004 31 20 78 0.026
600 269 27 32 0.025
124 357 37 63 0.024
256 136 12 16 0.024
341 110 40 69 0.022
148 195 18 25 0.022
283 142 13 16 0.020
1010 412 14 36 0.020
117 109 9 10 0.019
74 176 16 25 0.018
738 409 28 48 0.018
59 398 38 43 0.017
928 375 39 53 0.017
254 154 21 33 0.016
962 411 38 55 0.015
923 388 33 48 0.015
942 371 41 53 0.015
261 138 12 15 0.015
196 354 42 56 0.015
71 163 13 18 0.014
1 289 20 56 0.014
260 170 27 36 0.013
27 322 36 50 0.013
279 141 19 25 0.013
120 108 9 11 0.012
702 42 8 9 0.012
698 337 18 25 0.012
102 225 19 26 0.011
746 426 42 56 0.011
82 266 29 35 0.011
573 355 28 36 0.011
995 243 25 26 0.011
124 108 8 10 0.011
939 213 17 36 0.010
295 128 12 14 0.010
