54_Rescue_rescuepeople_54_581
170
907 370 11 14 0.673
92 337 10 12 0.663
691 373 10 13 0.652
169 352 10 13 0.644
481 316 11 14 0.637
539 317 10 12 0.626
317 339 10 13 0.623
804 193 9 12 0.623
974 422 11 13 0.622
642 365 11 13 0.621
742 371 10 12 0.620
841 368 11 13 0.620
1013 373 10 12 0.619
537 368 11 12 0.615
963 308 11 12 0.614
263 330 11 13 0.612
692 192 9 11 0.610
887 311 10 13 0.602
653 198 9 11 0.601
214 330 10 13 0.599
625 186 9 13 0.598
507 181 9 12 0.593
360 342 10 12 0.593
541 337 10 13 0.592
748 198 10 12 0.590
435 182 9 12 0.586
937 197 9 11 0.583
792 364 9 11 0.580
288 191 9 11 0.579
919 315 10 12 0.577
597 354 10 14 0.575
194 184 9 10 0.571
235 353 10 11 0.561
816 367 9 12 0.559
875 378 10 12 0.556
57 348 10 12 0.556
0 333 10 14 0.550
323 197 8 10 0.547
362 361 9 10 0.547
235 194 9 11 0.545
98 358 10 11 0.545
883 195 9 11 0.543
210 202 9 10 0.540
481 354 10 13 0.532
107 194 9 11 0.529
854 181 8 11 0.525
384 187 9 11 0.524
405 179 9 11 0.521
421 330 10 14 0.509
817 182 8 11 0.508
305 191 8 11 0.450
998 366 10 12 0.445
960 196 8 10 0.431
481 179 8 10 0.422
111 221 7 9 0.421
453 192 8 10 0.410
976 201 8 10 0.409
427 204 8 10 0.394
374 353 11 14 0.381
118 385 7 10 0.371
33 185 9 11 0.347
1007 371 10 12 0.345
9 191 8 9 0.343
367 357 10 12 0.339
674 199 7 9 0.338
905 207 9 11 0.331
807 191 9 12 0.325
971 187 8 10 0.316
962 194 9 11 0.311
208 330 9 11 0.310
1017 311 7 13 0.302
4 334 10 12 0.295
701 357 9 10 0.272
414 352 9 11 0.264
472 196 9 11 0.260
620 363 9 11 0.243
252 186 8 10 0.242
96 348 9 13 0.233
334 354 8 11 0.227
914 199 8 9 0.212
547 181 8 10 0.209
922 207 8 10 0.203
244 335 8 11 0.196
844 191 8 10 0.195
971 191 9 11 0.184
888 353 10 13 0.171
203 328 9 12 0.145
978 371 10 13 0.135
925 416 9 11 0.131
966 195 10 11 0.131
921 204 8 10 0.130
478 182 9 12 0.128
117 380 9 12 0.125
37 185 8 11 0.123
372 356 10 12 0.121
751 199 9 10 0.118
233 374 9 10 0.114
886 194 8 10 0.110
297 191 8 11 0.106
438 181 9 11 0.102
411 331 10 12 0.097
916 314 9 13 0.093
409 333 8 10 0.080
534 431 9 11 0.076
359 360 9 12 0.076
424 205 8 9 0.070
867 336 8 11 0.062
935 195 9 11 0.057
206 202 9 10 0.056
8 189 7 9 0.056
11 189 8 9 0.055
392 357 9 11 0.055
621 187 9 11 0.055
395 358 8 11 0.054
915 197 8 9 0.044
390 360 9 10 0.041
884 311 10 13 0.039
398 176 8 10 0.036
697 363 9 12 0.036
548 436 9 11 0.035
279 365 6 7 0.034
455 333 9 11 0.034
636 316 8 11 0.034
425 330 10 13 0.032
840 192 8 9 0.031
298 189 9 10 0.031
829 361 9 11 0.030
1014 376 10 13 0.028
774 200 9 11 0.028
1013 313 8 12 0.027
104 193 8 12 0.027
897 337 8 10 0.025
453 334 8 11 0.025
672 224 7 9 0.024
539 433 11 12 0.024
90 335 10 13 0.024
878 376 10 13 0.023
596 239 5 7 0.023
813 369 10 12 0.022
232 353 9 11 0.021
232 194 8 10 0.021
365 229 6 7 0.020
872 378 8 11 0.019
88 356 8 11 0.019
234 197 8 10 0.018
313 339 10 12 0.018
912 194 8 11 0.018
806 197 8 10 0.016
554 190 9 13 0.016
1012 307 8 14 0.015
463 188 8 10 0.015
231 372 8 10 0.015
712 377 9 11 0.015
276 362 7 10 0.014
654 195 8 10 0.014
548 179 10 13 0.014
632 315 9 12 0.014
969 188 8 9 0.014
384 353 9 12 0.014
454 360 7 9 0.013
197 361 8 9 0.012
435 325 9 11 0.012
698 374 9 12 0.012
191 358 8 10 0.011
430 337 9 13 0.011
743 363 9 11 0.011
113 195 8 10 0.011
932 334 9 12 0.011
594 238 8 10 0.011
565 200 9 12 0.010
