54_Rescue_firemanrescue_54_939
25
156 106 79 107 0.861
65 579 18 31 0.620
579 597 14 16 0.453
438 632 9 11 0.410
472 617 10 13 0.406
121 568 24 29 0.176
488 635 9 10 0.076
476 615 10 13 0.055
347 606 11 15 0.053
418 656 10 12 0.050
70 576 17 29 0.044
468 616 10 13 0.032
511 644 9 11 0.024
569 275 67 83 0.016
185 692 8 9 0.016
383 643 11 14 0.016
371 660 10 13 0.015
517 620 9 11 0.014
675 506 9 11 0.013
272 238 20 22 0.012
196 497 14 16 0.011
905 524 12 14 0.011
712 644 10 12 0.011
575 600 12 16 0.011
381 679 11 15 0.011
