54_Rescue_rescuepeople_54_159
108
888 28 29 35 0.694
808 36 19 23 0.677
776 102 20 24 0.659
353 116 20 26 0.648
635 114 20 24 0.631
811 61 19 24 0.617
715 86 21 25 0.617
300 206 18 24 0.599
781 32 19 23 0.592
591 95 21 25 0.570
689 110 26 33 0.536
422 229 18 20 0.510
793 78 21 26 0.503
800 102 23 28 0.499
520 180 19 25 0.447
628 174 33 42 0.441
805 12 17 20 0.312
855 56 17 20 0.305
750 53 19 24 0.293
847 11 18 21 0.255
742 94 19 24 0.247
752 132 27 32 0.242
568 84 17 19 0.192
785 101 22 27 0.158
530 89 19 19 0.153
550 172 19 24 0.145
905 7 17 21 0.117
746 90 17 22 0.113
658 119 18 23 0.100
863 33 15 20 0.087
677 114 21 26 0.076
913 75 21 24 0.075
732 19 14 18 0.066
711 18 19 22 0.059
912 8 16 21 0.057
789 84 18 21 0.055
529 60 21 25 0.054
573 88 16 22 0.052
762 24 15 18 0.052
429 230 17 20 0.051
704 111 19 26 0.050
698 115 23 28 0.037
831 83 18 23 0.036
526 92 19 22 0.035
398 318 20 24 0.035
733 94 20 25 0.033
564 89 17 20 0.033
765 28 18 21 0.031
622 171 26 33 0.030
734 23 16 19 0.030
530 69 20 24 0.030
830 76 17 22 0.030
728 128 18 23 0.028
738 18 14 18 0.028
652 129 18 23 0.026
525 178 19 25 0.026
707 14 17 20 0.025
759 139 23 28 0.025
809 22 16 19 0.025
776 10 14 16 0.024
552 356 20 23 0.023
484 427 26 29 0.022
902 12 21 24 0.022
513 104 16 22 0.022
751 101 18 23 0.021
761 131 21 26 0.021
543 200 17 20 0.020
694 43 22 23 0.020
672 34 17 21 0.020
828 91 17 22 0.019
772 22 15 18 0.019
769 136 21 26 0.019
390 240 14 19 0.018
758 49 19 23 0.017
807 8 17 17 0.017
323 127 17 22 0.017
546 180 18 23 0.017
825 85 18 23 0.016
449 53 20 22 0.016
904 2 14 14 0.016
917 79 22 25 0.016
759 28 16 19 0.016
451 169 17 21 0.016
514 179 19 25 0.015
739 30 15 19 0.015
641 176 29 39 0.015
357 400 24 29 0.015
708 98 20 24 0.015
858 83 17 21 0.014
782 139 25 31 0.014
408 149 12 13 0.014
851 7 17 20 0.013
703 82 16 19 0.012
688 97 19 24 0.012
66 175 34 41 0.012
778 7 14 14 0.012
863 42 16 22 0.012
654 107 16 20 0.012
734 29 16 20 0.012
665 61 19 23 0.012
692 91 17 20 0.011
793 94 35 45 0.011
942 0 13 9 0.011
555 170 18 22 0.011
840 8 15 19 0.011
307 209 16 22 0.011
916 3 13 16 0.011
29 219 28 30 0.010
