26_Soldier_Drilling_Soldiers_Drilling_26_832
49
437 218 58 73 0.816
788 224 61 76 0.793
551 264 44 58 0.765
706 300 18 21 0.304
648 286 15 18 0.302
42 304 12 15 0.260
178 321 13 16 0.161
105 303 12 15 0.126
11 334 13 15 0.115
348 305 12 15 0.097
302 314 11 13 0.086
175 318 13 16 0.084
206 324 13 16 0.081
217 311 11 14 0.078
382 312 11 13 0.069
13 311 11 13 0.051
46 305 12 14 0.050
978 322 28 35 0.047
67 319 12 14 0.043
643 287 15 19 0.041
1012 262 12 63 0.039
170 318 12 14 0.039
250 314 11 13 0.038
903 286 23 31 0.034
288 477 60 46 0.032
241 317 11 13 0.030
254 314 10 11 0.030
57 313 12 14 0.029
378 313 12 14 0.029
709 296 18 21 0.025
182 322 14 17 0.025
654 287 13 18 0.024
181 318 13 16 0.023
297 336 14 17 0.022
983 324 19 24 0.022
268 316 11 14 0.022
261 316 11 12 0.020
15 331 12 15 0.019
360 317 12 15 0.019
245 314 11 12 0.018
234 321 12 14 0.018
215 308 12 13 0.018
106 307 13 16 0.017
744 271 33 44 0.016
344 304 12 16 0.015
970 326 41 49 0.013
885 275 44 55 0.012
732 298 31 37 0.011
910 288 16 20 0.011
