26_Soldier_Drilling_Soldiers_Drilling_26_223
33
913 112 37 46 0.817
720 103 33 39 0.804
616 96 28 35 0.798
515 78 34 40 0.791
203 123 23 28 0.773
278 111 27 35 0.756
18 129 21 24 0.740
126 150 19 22 0.715
384 109 26 32 0.710
408 95 24 32 0.708
91 130 21 25 0.692
164 141 20 23 0.631
461 109 22 30 0.330
366 132 12 16 0.329
67 137 14 20 0.283
669 141 23 34 0.193
112 141 13 18 0.182
565 138 15 18 0.070
405 107 23 30 0.059
573 140 16 18 0.051
61 140 15 19 0.042
364 128 12 17 0.039
666 140 19 27 0.027
389 99 32 40 0.021
672 152 21 28 0.018
464 102 22 28 0.017
137 149 15 18 0.017
665 149 23 34 0.016
74 143 14 20 0.016
560 139 16 18 0.014
363 127 19 24 0.013
494 97 19 25 0.013
62 133 13 16 0.010
