26_Soldier_Drilling_Soldiers_Drilling_26_262
161
759 326 23 29 0.801
474 310 24 28 0.783
619 316 25 30 0.783
919 281 29 35 0.769
274 293 24 29 0.761
802 285 23 29 0.759
966 235 21 26 0.758
852 290 24 29 0.756
954 292 25 30 0.756
127 263 22 26 0.751
763 248 20 25 0.747
78 259 24 29 0.744
59 255 20 25 0.738
865 252 20 24 0.737
449 272 21 27 0.735
725 281 24 30 0.733
575 274 23 28 0.731
534 267 26 28 0.731
1002 265 22 35 0.724
300 263 20 25 0.722
37 273 22 25 0.721
610 274 21 28 0.720
782 272 21 26 0.707
693 277 23 28 0.695
637 282 22 25 0.694
223 263 20 25 0.694
390 261 18 25 0.694
343 256 21 27 0.691
218 231 17 19 0.691
169 212 13 17 0.688
6 261 21 26 0.685
592 242 14 17 0.684
649 234 15 19 0.683
404 194 14 16 0.682
440 219 15 18 0.669
485 242 14 18 0.667
473 230 13 16 0.658
429 262 19 25 0.654
509 267 20 25 0.652
302 214 15 17 0.644
372 219 13 16 0.643
168 262 27 32 0.635
250 216 13 16 0.634
124 238 17 19 0.624
89 215 15 16 0.622
527 219 14 16 0.619
585 227 12 15 0.608
325 217 16 20 0.608
496 224 13 16 0.566
219 210 13 15 0.563
152 250 15 19 0.548
602 223 15 16 0.545
332 268 15 21 0.519
113 222 13 16 0.505
239 260 20 25 0.489
685 222 13 15 0.477
589 233 14 17 0.470
399 227 11 14 0.450
680 221 13 17 0.393
46 233 16 16 0.384
205 251 14 17 0.381
104 258 17 21 0.377
692 249 19 22 0.370
419 260 18 22 0.320
37 251 17 19 0.313
353 229 14 16 0.295
804 246 16 19 0.289
833 252 17 20 0.269
599 225 15 18 0.269
977 279 16 21 0.266
480 236 14 18 0.244
521 243 17 20 0.232
410 255 15 19 0.209
826 288 16 23 0.188
322 261 13 17 0.185
181 228 14 16 0.175
43 236 15 19 0.175
129 45 9 11 0.166
677 220 11 15 0.159
283 49 10 13 0.158
267 212 11 14 0.156
924 252 22 24 0.156
154 254 17 22 0.142
71 258 22 28 0.106
379 287 14 25 0.105
389 221 12 15 0.105
719 240 18 21 0.103
688 252 15 17 0.099
0 258 10 21 0.099
56 215 13 14 0.097
367 285 22 29 0.096
318 49 8 10 0.091
134 68 32 39 0.090
110 260 17 21 0.086
991 252 20 25 0.082
899 275 16 24 0.072
263 254 14 18 0.068
930 248 19 23 0.060
263 241 16 21 0.060
840 272 18 24 0.057
516 270 20 25 0.056
501 226 12 15 0.053
524 234 16 18 0.052
25 207 11 15 0.051
62 214 10 14 0.049
355 495 39 56 0.049
716 247 20 23 0.047
127 46 13 18 0.047
714 261 18 23 0.045
716 237 16 20 0.044
117 220 13 16 0.042
347 225 14 16 0.041
53 214 12 15 0.040
228 45 9 11 0.040
347 232 15 16 0.040
806 248 19 22 0.039
708 269 21 26 0.037
839 250 16 21 0.037
59 68 16 20 0.036
269 209 11 14 0.035
897 283 14 20 0.035
514 252 19 23 0.034
904 264 20 25 0.034
654 233 13 18 0.034
404 224 12 15 0.033
987 270 18 25 0.033
0 268 13 22 0.032
689 254 19 21 0.032
40 212 12 15 0.029
453 219 12 14 0.028
383 279 17 24 0.028
141 226 12 16 0.027
917 255 20 25 0.027
814 285 20 25 0.026
267 226 11 17 0.026
37 217 12 15 0.025
36 206 11 15 0.023
296 216 14 17 0.023
53 232 13 16 0.022
892 277 17 24 0.021
185 52 10 11 0.018
0 613 16 44 0.018
899 246 13 21 0.018
282 612 40 53 0.018
136 79 21 26 0.016
416 239 13 17 0.016
878 310 18 21 0.015
718 265 19 24 0.014
281 240 12 15 0.014
173 213 13 15 0.013
567 130 6 7 0.013
385 289 14 24 0.013
631 110 6 7 0.012
338 267 19 24 0.012
315 48 8 11 0.012
56 236 16 19 0.011
415 233 12 15 0.011
724 244 18 21 0.011
356 281 20 25 0.010
145 228 11 15 0.010
284 232 11 14 0.010
