26_Soldier_Drilling_Soldiers_Drilling_26_1022
112
260 419 26 40 0.495
140 314 19 22 0.465
87 495 20 25 0.354
81 306 18 23 0.347
643 451 9 11 0.308
494 456 10 12 0.271
30 455 23 29 0.264
609 449 9 11 0.253
560 456 10 12 0.169
683 460 11 13 0.155
580 446 9 10 0.146
612 449 9 11 0.137
720 452 11 13 0.119
248 315 16 18 0.113
739 452 9 11 0.112
108 303 18 22 0.111
693 453 9 12 0.109
774 452 10 11 0.091
816 437 10 12 0.089
624 443 7 8 0.085
708 451 9 11 0.084
815 527 13 16 0.073
388 348 13 16 0.067
19 294 15 18 0.066
760 452 9 10 0.061
682 464 10 12 0.061
50 291 14 18 0.054
112 299 18 23 0.054
207 311 18 22 0.052
764 503 12 15 0.050
740 454 11 13 0.048
607 451 10 11 0.044
614 453 8 10 0.043
285 329 17 22 0.041
206 318 17 23 0.040
528 462 8 9 0.038
713 450 10 13 0.037
174 299 16 19 0.036
249 320 18 21 0.035
666 446 8 10 0.033
526 457 9 11 0.032
628 447 8 10 0.031
813 435 8 10 0.031
584 446 8 10 0.031
516 435 6 8 0.031
24 505 21 28 0.031
532 462 7 9 0.031
528 446 7 8 0.030
308 348 17 21 0.028
111 309 17 22 0.027
721 449 9 10 0.027
285 322 16 20 0.027
936 509 16 19 0.026
203 325 17 21 0.024
704 570 8 11 0.024
248 326 17 21 0.024
545 436 6 7 0.023
148 315 16 20 0.021
185 307 17 20 0.021
283 336 16 19 0.021
487 455 10 13 0.021
732 457 10 13 0.020
858 472 11 13 0.020
482 456 11 13 0.020
78 302 17 23 0.019
578 441 9 10 0.019
509 441 5 6 0.018
741 450 7 9 0.018
253 412 28 39 0.017
748 514 11 15 0.017
120 295 17 20 0.017
562 433 7 7 0.017
478 457 8 10 0.017
664 442 7 10 0.016
317 329 14 18 0.016
801 500 13 17 0.016
797 444 8 9 0.016
734 450 7 9 0.016
892 550 17 22 0.015
834 424 7 8 0.015
696 449 7 10 0.015
775 448 8 10 0.015
760 449 8 10 0.015
780 438 10 12 0.015
720 467 12 15 0.014
525 462 7 8 0.014
777 455 11 14 0.014
260 306 15 18 0.014
755 532 10 13 0.014
538 448 7 8 0.014
547 438 6 8 0.013
336 346 15 20 0.013
684 437 6 8 0.013
113 317 17 21 0.013
193 324 16 20 0.013
867 425 9 12 0.013
726 466 10 13 0.013
882 493 12 16 0.012
617 467 8 11 0.012
219 318 16 19 0.012
336 330 12 15 0.012
842 450 11 13 0.012
560 432 6 7 0.012
479 453 6 9 0.012
210 327 17 22 0.011
523 450 6 7 0.011
264 304 12 16 0.011
810 451 10 11 0.011
241 337 16 20 0.011
816 442 9 12 0.011
679 461 8 12 0.010
746 518 11 14 0.010
