26_Soldier_Drilling_Soldiers_Drilling_26_204
228
372 257 25 34 0.711
437 196 20 25 0.671
452 140 15 20 0.606
600 117 11 14 0.601
943 169 12 17 0.526
664 237 21 28 0.523
500 104 12 14 0.514
194 78 10 12 0.488
1015 124 9 14 0.483
586 85 10 12 0.385
966 149 14 17 0.384
239 69 9 11 0.382
622 153 13 19 0.378
168 64 9 10 0.364
902 178 14 17 0.336
988 161 11 15 0.325
925 109 10 12 0.321
630 77 9 11 0.319
859 120 11 14 0.318
942 113 10 13 0.270
740 109 12 14 0.267
921 228 17 22 0.265
993 186 15 17 0.261
735 377 24 37 0.260
990 121 10 13 0.250
346 50 7 8 0.245
886 148 13 17 0.224
652 81 9 12 0.219
1012 293 12 35 0.212
664 124 13 17 0.208
991 210 15 18 0.199
906 206 16 21 0.198
966 118 10 12 0.178
713 121 12 20 0.169
757 100 10 12 0.159
774 112 11 13 0.158
495 81 8 10 0.157
662 120 12 17 0.153
1011 145 10 13 0.150
893 273 18 22 0.139
932 110 11 13 0.138
287 54 8 9 0.135
1015 176 9 17 0.126
831 134 14 15 0.124
660 112 11 16 0.120
968 201 15 20 0.111
804 115 10 11 0.105
475 130 12 16 0.105
984 204 15 18 0.105
985 157 12 17 0.102
582 84 10 12 0.099
973 131 12 13 0.099
968 119 11 13 0.098
899 181 14 19 0.097
827 135 14 16 0.093
969 116 10 12 0.090
854 325 19 25 0.080
828 111 11 14 0.078
735 91 8 10 0.078
1008 234 16 20 0.077
686 122 13 16 0.077
953 271 18 29 0.076
284 51 9 11 0.075
288 50 9 11 0.075
578 97 11 13 0.073
473 134 12 16 0.069
684 174 17 20 0.065
671 91 10 12 0.065
549 54 7 9 0.064
371 57 6 7 0.064
702 86 8 10 0.064
702 89 9 11 0.063
314 55 7 8 0.062
576 98 9 13 0.062
714 79 8 10 0.062
655 106 10 12 0.061
777 113 12 14 0.059
679 126 14 18 0.059
583 142 16 21 0.058
581 37 9 11 0.053
350 49 7 8 0.050
519 51 7 8 0.050
837 185 21 26 0.050
711 79 8 9 0.049
674 89 9 11 0.049
893 354 16 24 0.047
674 92 10 13 0.047
363 179 20 20 0.046
316 56 8 8 0.045
822 137 13 14 0.045
885 144 12 16 0.045
914 114 10 13 0.043
239 64 9 11 0.042
499 96 10 13 0.042
791 213 16 22 0.040
715 174 14 21 0.039
625 148 14 18 0.039
671 238 21 28 0.038
610 151 15 19 0.038
859 145 12 15 0.037
420 53 6 7 0.037
909 118 11 13 0.037
908 211 16 23 0.037
705 84 9 11 0.035
970 196 12 15 0.035
397 54 6 7 0.035
734 105 11 13 0.035
657 82 11 13 0.034
975 114 10 12 0.033
422 53 6 8 0.033
829 106 11 13 0.033
948 261 18 28 0.032
797 268 14 21 0.032
860 288 27 29 0.031
498 54 7 8 0.031
276 53 7 9 0.030
944 173 13 17 0.029
812 88 8 10 0.028
635 166 14 18 0.028
937 203 13 17 0.027
627 80 9 11 0.027
781 226 17 28 0.027
786 217 17 26 0.027
945 256 15 19 0.027
716 82 9 11 0.026
488 69 7 8 0.026
789 222 18 28 0.026
844 182 16 21 0.026
584 150 14 18 0.026
890 114 9 12 0.026
651 158 13 17 0.025
893 113 10 11 0.025
948 169 14 18 0.024
486 70 7 8 0.024
162 68 9 11 0.024
891 117 10 12 0.024
730 316 22 28 0.023
797 129 12 14 0.023
689 119 11 14 0.023
797 217 18 25 0.023
489 70 8 10 0.023
347 47 8 9 0.023
709 172 16 21 0.023
948 331 22 30 0.023
804 132 12 15 0.022
159 71 9 11 0.022
492 83 9 12 0.022
791 90 7 9 0.022
965 243 15 21 0.021
698 91 9 12 0.021
243 74 8 10 0.021
898 191 15 20 0.021
627 162 15 19 0.021
849 183 16 21 0.020
813 95 7 9 0.020
732 130 13 16 0.020
679 118 11 15 0.020
805 124 13 16 0.020
817 100 9 11 0.020
699 188 18 24 0.020
636 118 10 13 0.020
686 174 21 28 0.020
909 153 11 14 0.020
800 122 11 14 0.019
898 123 11 13 0.019
660 126 12 16 0.019
879 147 14 17 0.019
900 106 9 11 0.019
758 81 8 9 0.018
891 152 12 14 0.018
226 113 9 12 0.018
847 139 11 14 0.018
995 121 10 11 0.017
700 181 17 22 0.017
256 59 8 9 0.017
937 109 10 12 0.017
931 134 11 14 0.017
604 105 9 12 0.017
643 115 10 13 0.017
763 84 8 9 0.016
858 134 11 15 0.016
868 90 10 12 0.016
292 41 9 12 0.016
645 161 13 18 0.016
515 65 8 11 0.016
1002 212 13 17 0.016
759 160 18 27 0.016
308 54 9 10 0.015
809 373 15 19 0.015
793 92 8 9 0.015
719 172 16 19 0.015
958 248 17 24 0.015
796 95 8 9 0.015
517 54 7 10 0.015
940 205 14 16 0.015
1008 136 10 15 0.015
437 265 26 37 0.014
763 365 25 38 0.014
846 282 21 25 0.014
921 201 13 17 0.014
901 109 11 12 0.014
864 114 11 13 0.014
653 152 12 18 0.014
888 279 20 25 0.014
710 221 24 30 0.013
741 365 33 46 0.013
756 82 9 11 0.013
750 132 12 15 0.013
898 207 17 22 0.013
158 75 9 11 0.013
899 248 16 20 0.012
865 328 21 26 0.012
479 54 6 7 0.012
656 158 14 16 0.012
759 83 8 9 0.012
739 282 21 23 0.012
803 216 22 27 0.012
520 53 7 9 0.012
661 119 19 25 0.011
749 299 17 22 0.011
836 177 16 23 0.011
591 85 10 12 0.011
693 190 18 21 0.011
895 279 19 22 0.011
685 250 21 28 0.011
780 119 13 15 0.010
843 158 13 16 0.010
913 149 11 14 0.010
