49_Greeting_peoplegreeting_49_53
49
327 644 68 91 0.842
796 395 64 80 0.826
768 661 70 98 0.825
436 336 58 76 0.821
219 330 47 74 0.778
85 383 57 81 0.773
568 170 42 62 0.764
685 380 48 68 0.745
666 215 49 67 0.743
346 332 46 71 0.734
328 225 43 64 0.723
171 284 40 63 0.711
705 292 40 60 0.701
850 283 42 66 0.642
825 329 46 65 0.623
112 341 46 69 0.622
225 218 36 55 0.604
232 260 37 56 0.561
508 280 45 54 0.415
223 144 21 25 0.343
362 0 21 13 0.283
403 0 23 8 0.223
682 248 48 71 0.206
230 227 44 67 0.185
810 356 57 79 0.177
769 371 41 65 0.096
809 125 19 23 0.058
554 4 31 43 0.054
606 0 17 10 0.051
503 263 44 54 0.032
359 1 20 18 0.030
340 617 59 81 0.030
366 1 21 18 0.027
385 162 29 35 0.027
565 8 23 32 0.025
253 205 41 53 0.024
356 308 56 68 0.021
538 -1 49 62 0.019
322 159 23 28 0.019
743 84 20 25 0.019
353 610 50 62 0.017
801 121 23 28 0.017
761 621 56 63 0.016
620 41 19 25 0.015
688 164 20 26 0.015
308 114 16 18 0.012
388 153 26 31 0.012
266 197 35 45 0.012
570 0 18 18 0.011
