49_Greeting_peoplegreeting_49_387
28
636 234 32 47 0.778
252 272 19 23 0.748
522 218 29 50 0.648
691 241 27 41 0.617
413 287 7 10 0.260
415 287 7 8 0.144
374 286 5 6 0.120
563 256 10 17 0.076
371 285 5 7 0.072
656 343 25 33 0.052
378 286 5 7 0.049
287 287 9 12 0.046
423 288 7 8 0.037
566 255 10 16 0.031
411 290 7 8 0.024
276 274 11 13 0.023
684 243 23 38 0.021
102 127 7 8 0.020
363 286 5 6 0.016
563 261 12 18 0.014
441 279 6 8 0.013
440 281 6 7 0.012
155 288 4 5 0.012
371 284 8 9 0.012
432 289 6 6 0.011
449 276 7 9 0.010
290 289 7 9 0.010
228 272 11 16 0.010
