49_Greeting_peoplegreeting_49_810
33
504 141 84 96 0.814
742 176 29 36 0.594
811 173 24 29 0.578
276 164 60 91 0.527
255 38 37 44 0.238
263 154 54 94 0.154
953 112 20 26 0.143
981 198 21 23 0.108
969 0 34 32 0.095
245 43 36 37 0.074
926 167 18 22 0.062
936 202 15 19 0.035
296 185 45 67 0.031
882 182 16 21 0.030
266 34 37 47 0.027
898 19 20 25 0.027
998 288 15 20 0.027
887 186 17 20 0.025
978 79 21 31 0.021
896 243 16 21 0.020
979 71 18 28 0.019
786 202 14 16 0.017
1010 59 14 24 0.017
981 205 20 24 0.017
897 247 19 24 0.016
122 494 55 67 0.015
499 93 34 39 0.014
983 240 18 22 0.013
891 223 12 14 0.012
807 164 32 44 0.011
166 206 50 75 0.011
901 16 21 22 0.011
742 125 23 34 0.010
