19_Couple_Couple_19_743
31
523 276 34 40 0.793
403 302 32 40 0.779
696 410 29 36 0.773
670 393 28 33 0.756
155 310 29 36 0.751
859 299 33 42 0.750
803 301 35 38 0.734
448 306 29 35 0.718
181 473 22 34 0.692
126 315 29 37 0.679
634 323 22 27 0.662
759 211 23 28 0.599
280 412 20 39 0.594
318 211 24 27 0.588
521 468 17 27 0.277
603 317 18 23 0.095
734 199 16 23 0.066
684 399 32 40 0.066
512 475 20 25 0.062
476 298 36 42 0.034
595 298 19 22 0.032
605 311 21 24 0.031
683 570 23 39 0.027
626 296 19 21 0.024
525 463 16 26 0.024
486 458 21 28 0.013
871 332 27 26 0.012
599 323 20 23 0.012
594 318 20 23 0.012
731 206 17 22 0.011
502 321 13 15 0.011
