43_Row_Boat_Canoe_43_325
58
990 363 16 20 0.708
918 421 16 20 0.680
798 414 17 23 0.655
692 396 18 21 0.628
185 385 16 19 0.569
321 401 11 20 0.548
374 328 10 12 0.517
495 381 15 18 0.458
385 380 15 21 0.381
143 380 14 19 0.370
450 406 14 17 0.369
468 346 9 11 0.323
570 408 15 16 0.307
422 352 9 11 0.297
603 400 15 20 0.271
159 333 9 11 0.196
595 351 8 10 0.145
315 358 9 10 0.142
546 357 9 11 0.129
135 377 13 19 0.120
252 384 15 18 0.118
130 357 9 12 0.106
442 402 15 20 0.091
658 351 8 10 0.089
227 351 9 12 0.082
568 403 13 17 0.071
133 372 11 17 0.070
134 366 11 17 0.067
681 382 13 17 0.054
403 401 13 16 0.054
490 377 13 16 0.053
439 406 15 19 0.052
498 364 11 13 0.049
437 401 14 17 0.044
445 388 13 17 0.044
609 395 15 21 0.040
494 368 12 15 0.038
445 393 13 18 0.037
499 383 15 17 0.031
320 486 17 17 0.021
689 361 9 10 0.020
796 409 14 22 0.020
251 377 15 18 0.018
572 391 15 18 0.018
904 390 12 21 0.016
502 365 10 11 0.015
257 386 16 17 0.015
606 405 16 20 0.014
439 382 12 17 0.014
906 396 11 21 0.014
656 349 11 15 0.014
155 470 16 23 0.013
490 457 17 18 0.013
129 361 9 14 0.011
566 412 15 18 0.011
576 411 16 17 0.011
789 369 9 12 0.011
450 389 12 16 0.010
