20_Family_Group_Family_Group_20_64
36
616 388 70 96 0.876
172 304 53 63 0.866
488 165 51 64 0.866
308 321 64 83 0.862
464 316 62 88 0.860
719 326 57 73 0.858
654 122 50 64 0.849
887 309 51 60 0.842
277 26 40 49 0.836
176 431 55 68 0.835
317 160 48 54 0.834
758 485 75 83 0.834
755 278 51 63 0.832
6 369 64 74 0.830
51 135 50 60 0.815
610 317 48 59 0.813
339 279 54 62 0.810
152 232 45 46 0.809
251 181 39 42 0.793
797 56 45 49 0.790
542 168 41 51 0.777
847 479 55 56 0.695
978 202 30 46 0.614
734 305 57 73 0.450
1013 404 11 64 0.234
1000 208 19 41 0.087
331 289 54 72 0.087
1014 98 10 46 0.037
0 270 12 81 0.035
988 195 31 55 0.034
1007 218 16 27 0.032
968 203 31 49 0.031
1014 245 11 39 0.022
661 257 25 31 0.017
1008 412 15 48 0.015
1014 113 10 45 0.012
