20_Family_Group_Family_Group_20_759
40
759 227 51 63 0.854
222 157 41 52 0.848
657 117 45 57 0.843
358 66 47 60 0.842
100 104 45 56 0.841
501 80 42 56 0.841
574 294 46 59 0.838
308 288 52 62 0.834
445 305 44 52 0.832
103 251 50 62 0.830
602 378 40 48 0.817
799 99 45 58 0.815
523 292 32 39 0.236
440 408 20 25 0.222
732 450 26 30 0.203
971 469 38 55 0.124
414 25 7 8 0.082
307 635 25 30 0.075
486 26 5 6 0.048
544 50 5 6 0.046
299 628 29 34 0.035
806 463 33 35 0.032
513 50 5 6 0.031
524 50 4 5 0.028
302 641 29 33 0.019
475 26 6 6 0.019
428 27 6 6 0.017
473 27 6 7 0.017
819 455 28 29 0.017
287 616 24 28 0.016
510 50 6 6 0.015
519 25 5 5 0.015
546 50 5 6 0.014
404 26 7 7 0.013
1009 243 16 63 0.013
488 451 17 19 0.012
420 26 7 8 0.012
273 316 32 54 0.011
1004 -1 20 58 0.011
573 26 5 6 0.010
