20_Family_Group_Family_Group_20_636
70
885 94 19 23 0.744
947 63 19 24 0.709
732 107 15 18 0.702
621 106 15 20 0.701
348 102 12 16 0.648
301 89 15 20 0.641
431 116 13 17 0.615
191 127 18 24 0.610
464 101 14 17 0.609
663 117 15 17 0.607
713 85 14 18 0.602
390 108 14 17 0.584
553 95 14 18 0.522
838 79 14 24 0.519
268 110 18 24 0.519
509 104 15 18 0.488
805 78 15 18 0.452
775 125 13 21 0.390
199 124 16 20 0.371
856 119 14 22 0.336
347 150 22 30 0.335
233 116 12 18 0.277
255 99 13 18 0.260
999 134 18 21 0.257
911 129 13 23 0.244
564 165 13 22 0.226
274 113 17 22 0.198
476 121 13 17 0.162
260 100 15 19 0.137
507 85 12 14 0.112
650 162 12 22 0.102
148 115 11 13 0.096
993 134 17 22 0.075
943 103 15 22 0.071
152 115 11 15 0.069
507 89 14 17 0.069
260 139 15 21 0.055
509 80 12 14 0.054
126 137 13 18 0.049
154 49 8 10 0.047
206 124 13 17 0.043
264 124 17 24 0.037
773 118 12 19 0.037
981 120 15 21 0.035
428 113 13 15 0.034
495 108 13 18 0.033
1005 136 15 19 0.033
558 94 13 17 0.030
562 162 12 21 0.025
438 100 10 13 0.024
229 112 11 17 0.023
497 110 15 19 0.022
133 173 15 23 0.021
253 96 12 15 0.021
127 121 8 9 0.020
344 104 13 16 0.020
441 98 10 14 0.019
45 181 20 35 0.019
1009 129 13 21 0.019
530 86 8 10 0.017
185 125 17 23 0.016
584 154 14 19 0.015
112 124 9 12 0.013
938 104 14 21 0.013
209 56 9 10 0.013
125 174 16 24 0.012
861 114 12 18 0.011
97 123 7 9 0.011
991 139 15 19 0.011
644 163 14 21 0.011
