20_Family_Group_Family_Group_20_62
29
335 128 35 46 0.851
107 104 39 48 0.849
538 166 33 46 0.846
628 169 36 46 0.845
717 138 34 45 0.838
189 162 42 52 0.836
309 174 35 45 0.836
241 124 34 45 0.834
762 185 36 46 0.828
866 205 39 49 0.827
241 217 40 50 0.827
560 308 34 42 0.827
448 167 36 46 0.823
645 305 32 40 0.823
840 151 32 44 0.817
415 135 35 47 0.816
630 385 31 37 0.816
622 124 33 44 0.799
516 132 32 42 0.798
443 243 37 46 0.797
366 205 28 35 0.792
726 234 27 33 0.771
971 105 11 13 0.293
968 107 11 12 0.197
975 106 11 13 0.033
990 168 9 11 0.027
1003 156 8 11 0.023
996 160 11 13 0.020
435 155 33 47 0.019
