20_Family_Group_Family_Group_20_799
55
902 491 85 103 0.840
538 170 102 146 0.834
112 626 80 101 0.811
513 505 117 147 0.729
393 360 24 34 0.700
846 364 14 17 0.611
350 347 9 11 0.307
233 334 9 11 0.305
434 349 9 12 0.285
301 342 9 12 0.277
60 313 10 12 0.275
252 343 9 10 0.225
241 336 9 11 0.135
197 346 8 9 0.093
185 332 9 11 0.085
190 336 8 9 0.085
296 341 10 13 0.081
355 346 9 12 0.080
418 346 12 13 0.075
193 341 9 10 0.067
840 362 14 17 0.065
418 348 14 17 0.058
136 328 10 13 0.057
404 345 19 24 0.051
391 742 38 54 0.049
970 359 11 16 0.042
349 351 9 10 0.038
132 330 13 16 0.038
255 338 9 11 0.037
132 335 13 18 0.031
456 349 10 13 0.031
130 331 9 12 0.030
235 330 8 10 0.025
222 341 8 9 0.023
187 330 7 9 0.022
83 166 20 28 0.022
463 347 9 15 0.021
172 343 11 19 0.021
135 327 8 11 0.020
130 345 16 20 0.019
382 316 7 9 0.018
458 346 10 13 0.018
55 313 10 13 0.017
171 348 15 23 0.016
380 310 7 8 0.016
177 342 13 17 0.015
458 350 10 16 0.014
128 345 12 16 0.014
852 362 13 17 0.014
972 359 14 20 0.013
292 356 10 13 0.013
245 329 8 10 0.012
445 376 11 17 0.012
-1 324 8 15 0.011
527 217 17 23 0.011
