20_Family_Group_Family_Group_20_294
28
791 187 35 47 0.830
465 303 31 37 0.828
654 217 29 37 0.824
485 205 32 43 0.822
844 253 32 40 0.819
777 272 34 41 0.817
679 258 31 38 0.817
280 218 35 43 0.811
701 195 31 38 0.811
388 313 29 36 0.810
239 335 29 37 0.804
562 275 32 39 0.804
652 361 31 37 0.803
354 229 33 48 0.803
584 228 29 34 0.802
174 182 33 40 0.801
551 361 28 35 0.801
743 246 30 42 0.793
137 385 40 50 0.788
536 175 31 37 0.770
397 184 30 37 0.762
213 233 37 46 0.757
384 223 32 43 0.686
118 265 30 33 0.628
817 226 37 47 0.117
671 239 33 44 0.085
122 252 31 40 0.027
928 239 4 5 0.010
