20_Family_Group_Family_Group_20_1015
38
518 348 84 105 0.865
381 278 72 107 0.847
646 314 96 120 0.843
222 361 23 30 0.652
1000 274 19 23 0.312
971 228 16 19 0.238
935 257 12 15 0.236
913 232 18 30 0.145
982 278 18 23 0.138
955 257 15 17 0.129
269 375 19 22 0.118
266 340 24 30 0.099
921 243 16 24 0.072
979 232 15 18 0.063
120 340 20 21 0.060
965 243 16 20 0.047
986 236 14 20 0.047
781 264 15 19 0.040
990 245 11 17 0.034
254 387 17 23 0.034
272 378 20 24 0.028
910 238 17 31 0.026
955 262 19 22 0.024
938 291 25 31 0.024
257 382 16 21 0.021
21 296 15 25 0.021
10 334 39 67 0.019
289 361 20 24 0.018
220 368 18 24 0.015
989 253 11 15 0.013
914 305 34 69 0.013
0 261 39 147 0.013
932 253 19 25 0.012
1 252 19 76 0.011
5 328 30 64 0.011
898 221 36 51 0.010
0 277 16 43 0.010
1 280 22 68 0.010
