47_Matador_Bullfighter_matadorbullfighting_47_443
104
195 252 19 24 0.674
778 228 14 17 0.657
583 202 14 19 0.636
901 202 17 20 0.621
835 267 13 15 0.618
953 257 15 18 0.614
351 198 15 19 0.599
315 202 14 19 0.587
974 195 12 17 0.582
858 165 14 17 0.576
421 217 16 17 0.566
874 254 12 16 0.526
370 214 16 19 0.505
413 196 14 16 0.452
671 266 12 15 0.278
779 207 13 15 0.235
1013 206 10 17 0.228
544 259 25 28 0.223
357 218 15 19 0.222
428 175 13 16 0.203
989 262 13 18 0.170
761 225 12 15 0.145
567 184 14 17 0.134
191 166 16 19 0.131
831 207 13 16 0.128
682 262 13 16 0.104
416 201 16 17 0.100
501 234 20 24 0.096
686 260 12 15 0.081
89 229 12 17 0.076
535 253 20 25 0.075
798 237 10 14 0.070
823 209 13 15 0.064
944 173 9 12 0.054
450 219 14 18 0.052
620 244 13 18 0.051
793 236 12 16 0.051
995 256 13 18 0.050
930 194 12 16 0.049
500 227 18 24 0.048
237 213 12 13 0.044
798 259 11 15 0.043
828 211 11 15 0.042
1014 181 9 16 0.039
797 248 12 16 0.038
737 235 13 15 0.037
618 217 13 15 0.035
612 287 13 16 0.033
432 183 15 18 0.031
532 243 17 22 0.031
994 262 15 20 0.029
998 252 13 20 0.028
533 251 40 49 0.028
463 252 15 19 0.025
448 188 15 19 0.025
925 197 12 16 0.025
756 291 10 13 0.024
759 261 12 15 0.024
527 239 17 21 0.023
878 252 12 17 0.023
429 274 20 23 0.022
190 173 16 18 0.022
663 265 13 16 0.021
500 241 19 23 0.021
721 260 13 16 0.021
840 267 12 15 0.020
454 223 13 18 0.020
178 174 13 15 0.019
507 245 20 23 0.019
704 297 7 8 0.018
514 340 20 27 0.017
555 259 19 22 0.016
615 220 12 17 0.016
988 257 13 18 0.016
1008 182 12 14 0.016
705 193 12 15 0.016
468 327 21 26 0.015
621 192 12 15 0.015
932 253 10 13 0.015
460 242 16 21 0.015
717 237 14 15 0.015
531 250 18 23 0.015
729 237 13 15 0.015
722 254 12 16 0.014
688 239 11 14 0.014
675 269 12 15 0.014
580 228 15 18 0.014
619 279 12 15 0.013
900 210 15 18 0.013
683 252 13 16 0.013
523 236 16 19 0.012
447 194 15 19 0.012
548 310 22 26 0.012
390 242 15 19 0.012
820 201 13 15 0.011
321 201 14 19 0.011
800 266 11 15 0.011
835 210 12 16 0.011
502 222 17 21 0.011
520 272 54 68 0.011
136 225 14 18 0.010
705 294 8 9 0.010
997 197 12 16 0.010
1014 234 10 16 0.010
