47_Matador_Bullfighter_matadorbullfighting_47_236
91
391 273 90 108 0.838
717 107 21 24 0.691
267 204 18 23 0.685
279 119 18 21 0.669
34 190 19 23 0.667
749 46 16 21 0.666
388 190 23 27 0.657
67 196 18 21 0.645
86 106 18 23 0.640
945 49 17 20 0.629
386 138 20 21 0.606
112 194 20 23 0.600
351 195 19 23 0.593
679 41 17 22 0.593
992 95 20 26 0.576
155 135 17 21 0.574
831 128 21 23 0.557
589 126 18 22 0.534
790 114 18 23 0.494
547 203 19 22 0.474
157 177 17 20 0.469
122 177 18 19 0.454
0 182 9 22 0.452
728 182 19 21 0.436
268 69 15 17 0.434
602 190 20 23 0.433
439 126 15 19 0.393
56 167 15 18 0.345
418 124 15 20 0.345
126 182 16 20 0.251
254 182 15 20 0.250
431 125 17 20 0.219
703 175 17 21 0.204
426 124 17 19 0.176
986 1 18 17 0.156
905 137 19 22 0.154
215 204 15 19 0.135
233 203 16 20 0.131
455 183 21 26 0.112
223 203 17 19 0.106
343 197 20 22 0.102
104 138 16 18 0.098
92 114 17 21 0.098
522 113 18 22 0.081
261 69 14 17 0.063
639 172 19 23 0.062
777 268 18 23 0.053
781 116 17 23 0.049
118 176 16 19 0.046
162 201 16 21 0.044
318 202 19 22 0.042
854 156 15 19 0.042
750 86 20 22 0.041
40 170 16 18 0.040
218 206 16 19 0.039
324 200 17 19 0.037
636 180 17 20 0.036
162 194 17 21 0.033
644 212 18 20 0.032
259 65 14 17 0.032
524 107 16 20 0.027
795 123 18 21 0.024
880 103 18 22 0.023
235 118 15 19 0.022
75 190 15 20 0.021
1001 96 16 21 0.020
185 234 13 15 0.020
240 116 13 18 0.018
91 182 15 19 0.018
382 1065 324 282 0.018
96 140 15 19 0.018
539 107 14 20 0.017
453 136 13 16 0.016
704 184 18 21 0.016
82 111 18 23 0.014
184 102 14 17 0.014
311 211 18 21 0.014
1003 781 20 97 0.014
383 132 18 22 0.013
92 145 15 19 0.013
416 140 14 18 0.013
980 3 16 17 0.013
1012 130 12 25 0.013
147 118 15 19 0.012
62 160 16 20 0.012
644 166 19 22 0.011
774 122 16 21 0.011
186 106 15 19 0.011
50 210 16 18 0.011
842 127 17 20 0.011
675 38 15 20 0.010
