47_Matador_Bullfighter_matadorbullfighting_47_207
54
885 482 18 22 0.701
744 424 17 21 0.680
922 478 17 22 0.669
577 400 19 25 0.662
377 417 22 26 0.594
719 486 21 25 0.589
1004 474 18 21 0.430
600 470 21 25 0.366
871 520 12 14 0.314
818 481 18 22 0.291
61 340 19 22 0.287
404 502 29 36 0.253
464 427 20 25 0.223
444 426 18 22 0.140
456 426 22 25 0.131
787 479 18 23 0.104
471 428 18 23 0.101
254 418 15 22 0.091
249 421 17 23 0.070
555 418 12 16 0.066
806 481 19 24 0.057
398 496 24 30 0.053
787 441 16 20 0.046
414 510 30 36 0.043
510 472 16 22 0.042
242 424 17 22 0.041
788 519 15 19 0.036
781 476 18 22 0.032
875 518 12 15 0.029
530 472 17 23 0.027
797 485 18 23 0.026
657 478 17 23 0.025
824 487 17 21 0.023
1011 521 14 21 0.020
59 338 15 20 0.020
1001 463 18 21 0.020
941 359 12 15 0.019
414 433 13 16 0.018
913 540 12 14 0.018
236 426 15 21 0.017
7 493 6 8 0.016
785 470 15 21 0.015
461 422 18 22 0.014
965 485 16 19 0.014
837 539 14 16 0.014
553 409 18 22 0.014
23 529 6 9 0.013
66 353 18 22 0.012
554 424 16 23 0.011
801 471 15 19 0.011
714 489 18 23 0.011
395 489 53 67 0.011
593 472 20 24 0.010
571 569 38 47 0.010
