47_Matador_Bullfighter_Matador_Bullfighter_47_761
53
185 39 28 34 0.726
348 40 27 32 0.723
41 119 28 36 0.715
74 33 30 37 0.711
471 29 30 39 0.709
197 122 29 34 0.706
237 30 32 38 0.681
596 47 25 32 0.655
886 114 28 36 0.646
562 15 27 31 0.551
351 117 30 38 0.540
703 123 31 38 0.444
701 48 30 33 0.397
1008 132 14 34 0.293
701 31 30 33 0.195
1 87 30 33 0.174
476 135 35 38 0.146
245 1 27 24 0.144
815 17 25 26 0.092
386 134 28 32 0.087
766 2 29 24 0.063
22 60 25 28 0.063
462 130 37 41 0.055
826 145 28 27 0.053
279 549 26 35 0.049
703 28 22 26 0.042
3 116 24 29 0.041
274 132 35 36 0.040
862 61 26 31 0.039
13 69 29 34 0.038
668 91 29 32 0.034
51 63 21 25 0.031
58 0 21 11 0.028
808 3 30 25 0.028
1001 133 17 31 0.025
559 8 27 29 0.020
687 111 33 38 0.018
488 140 31 33 0.018
170 116 29 34 0.017
695 132 33 37 0.017
813 0 22 21 0.016
695 56 32 33 0.015
395 136 22 26 0.015
850 131 29 35 0.015
704 112 34 38 0.013
861 23 21 26 0.013
453 128 33 35 0.013
671 143 30 33 0.012
815 5 30 30 0.012
15 148 31 32 0.011
766 13 21 24 0.011
335 0 20 10 0.010
565 27 30 32 0.010
