47_Matador_Bullfighter_Matador_Bullfighter_47_912
180
848 120 29 38 0.767
631 112 23 32 0.749
731 64 25 30 0.747
843 56 29 38 0.747
738 11 20 26 0.742
776 124 29 34 0.739
602 101 22 27 0.738
684 58 22 25 0.737
629 18 20 24 0.735
325 95 23 25 0.731
567 1 18 22 0.729
916 0 31 37 0.729
237 21 18 20 0.702
656 6 17 22 0.701
181 45 18 21 0.700
717 123 26 32 0.696
594 165 22 28 0.694
730 304 38 58 0.689
777 6 24 30 0.685
248 175 22 36 0.685
689 24 20 23 0.684
545 56 20 24 0.684
676 6 16 21 0.682
477 18 19 21 0.681
380 36 19 22 0.679
434 26 19 25 0.678
120 18 15 19 0.676
847 346 45 64 0.670
880 114 36 49 0.657
818 -3 22 22 0.654
93 35 17 21 0.633
511 19 19 20 0.614
496 105 21 25 0.594
277 2 15 18 0.587
33 20 16 17 0.579
371 101 20 23 0.577
385 14 16 20 0.555
93 304 34 60 0.532
61 14 16 19 0.509
596 49 19 21 0.505
967 45 40 57 0.486
948 278 51 73 0.442
910 60 28 39 0.414
831 216 36 49 0.409
87 -1 12 12 0.396
534 45 17 22 0.386
0 22 11 16 0.375
858 23 23 28 0.371
193 34 14 16 0.329
112 -1 12 12 0.272
159 -1 12 11 0.260
953 406 31 70 0.253
158 20 14 17 0.251
188 37 17 20 0.236
346 51 14 14 0.225
359 -1 15 14 0.222
487 84 16 21 0.209
956 418 38 74 0.201
749 112 22 27 0.181
768 -3 15 18 0.174
893 84 33 50 0.160
216 27 10 13 0.159
765 109 21 27 0.156
790 84 26 28 0.156
433 1 16 17 0.153
965 435 47 79 0.153
993 256 31 73 0.135
691 113 22 28 0.133
3 20 12 15 0.118
91 -2 13 13 0.117
542 387 43 52 0.114
577 410 36 33 0.109
158 2 13 16 0.108
439 3 15 16 0.100
152 51 15 18 0.099
841 450 40 64 0.098
62 0 10 11 0.093
786 93 27 33 0.089
952 317 49 55 0.089
560 30 14 18 0.086
241 0 8 10 0.083
108 0 12 13 0.081
428 0 16 16 0.078
208 0 9 9 0.074
728 -1 13 13 0.072
365 0 12 13 0.068
164 -2 11 12 0.066
647 213 46 53 0.066
36 2 12 13 0.061
38 1 8 10 0.058
1 16 9 14 0.058
858 2 17 22 0.053
823 -6 22 22 0.052
480 112 19 24 0.052
61 4 11 14 0.048
59 9 14 18 0.047
310 16 15 20 0.047
538 45 20 23 0.047
389 10 17 19 0.046
17 6 10 13 0.046
432 180 20 23 0.044
230 7 10 11 0.043
404 7 14 17 0.043
379 388 22 52 0.042
318 233 34 30 0.041
118 -1 10 10 0.038
639 76 18 20 0.036
536 52 19 21 0.035
21 8 11 13 0.034
959 57 41 55 0.034
686 30 26 23 0.033
430 110 17 22 0.033
226 10 11 12 0.032
186 3 11 13 0.032
148 1 10 11 0.031
504 102 18 24 0.031
7 538 102 82 0.031
767 -1 12 11 0.030
11 23 12 17 0.030
496 383 32 49 0.030
743 322 41 56 0.030
203 0 9 9 0.028
0 116 20 24 0.028
62 20 16 19 0.028
268 0 10 11 0.027
183 3 10 12 0.027
256 7 10 12 0.027
423 16 14 20 0.026
979 30 35 50 0.026
423 182 25 27 0.026
2 4 8 11 0.026
198 37 14 18 0.025
715 522 55 82 0.025
601 47 17 20 0.024
954 336 48 50 0.024
353 0 16 18 0.023
365 190 26 36 0.023
262 1 10 10 0.023
349 0 14 15 0.023
649 -3 14 17 0.022
644 -2 14 13 0.022
860 -1 20 18 0.021
743 113 20 25 0.020
961 83 34 44 0.019
473 122 22 27 0.018
984 61 34 54 0.017
411 11 15 19 0.017
92 16 11 13 0.016
787 90 21 24 0.016
637 1 15 18 0.016
731 -2 17 15 0.016
585 163 21 28 0.016
408 5 14 14 0.015
61 501 69 89 0.015
1003 251 22 63 0.015
307 -2 15 13 0.014
565 23 15 18 0.014
546 106 19 23 0.014
688 128 22 26 0.014
88 136 20 26 0.014
951 299 37 62 0.014
416 179 22 27 0.014
152 21 13 14 0.013
718 544 63 79 0.013
245 404 42 38 0.012
564 30 16 21 0.012
257 15 12 13 0.012
482 89 16 21 0.012
490 193 21 27 0.012
571 150 18 25 0.012
73 3 11 15 0.012
271 2 13 15 0.011
501 393 46 50 0.011
440 25 17 22 0.011
724 47 16 20 0.011
345 186 28 34 0.011
853 3 17 20 0.011
687 116 19 25 0.011
754 256 31 41 0.011
271 15 10 13 0.010
