47_Matador_Bullfighter_Matador_Bullfighter_47_631
25
732 81 38 65 0.700
353 34 77 72 0.204
829 8 24 28 0.134
953 2 22 29 0.132
723 13 18 22 0.118
768 3 21 24 0.116
878 12 21 23 0.101
976 109 24 28 0.070
681 67 38 54 0.055
745 7 21 23 0.051
982 68 23 27 0.049
556 55 20 24 0.041
336 59 75 69 0.025
978 93 24 33 0.023
942 0 28 34 0.023
91 47 17 20 0.022
501 0 27 32 0.015
75 106 20 24 0.015
831 18 21 25 0.015
916 122 20 25 0.015
947 121 23 27 0.014
701 10 23 26 0.013
200 52 24 28 0.012
688 10 22 26 0.011
568 1 20 23 0.011
