47_Matador_Bullfighter_matadorbullfighting_47_511
759
638 295 8 11 0.571
765 273 9 12 0.557
412 255 9 11 0.497
857 187 8 10 0.485
68 107 8 11 0.484
972 133 8 9 0.483
992 97 7 9 0.464
166 22 7 8 0.456
69 81 8 9 0.445
160 100 7 9 0.430
35 162 7 9 0.419
64 17 7 8 0.417
884 48 6 8 0.415
384 80 7 8 0.408
554 66 7 8 0.404
272 35 7 8 0.402
719 78 7 8 0.399
242 129 7 9 0.398
950 151 8 10 0.398
938 576 10 17 0.393
919 110 6 8 0.387
178 126 7 9 0.385
7 75 7 9 0.381
267 67 7 9 0.381
383 49 6 8 0.381
666 90 6 8 0.375
471 48 7 8 0.374
113 104 8 8 0.374
498 61 6 8 0.374
533 80 7 8 0.372
14 53 7 9 0.371
236 66 6 8 0.363
458 16 6 7 0.362
32 70 7 9 0.358
177 57 6 9 0.358
748 65 7 8 0.356
59 50 7 9 0.349
182 31 7 8 0.348
215 74 7 9 0.348
125 77 7 9 0.347
100 86 7 8 0.345
604 49 7 8 0.345
363 32 7 9 0.336
429 16 7 8 0.335
34 92 7 9 0.332
699 26 6 8 0.330
935 110 6 8 0.330
222 36 7 8 0.329
1004 123 7 9 0.329
566 36 6 7 0.328
544 50 6 8 0.328
161 77 7 8 0.325
957 75 6 8 0.325
210 50 6 8 0.323
369 4 6 7 0.322
409 82 7 8 0.320
908 83 6 8 0.319
247 36 6 7 0.317
771 101 7 8 0.315
786 510 11 13 0.313
474 66 6 8 0.311
521 107 7 8 0.309
450 47 6 8 0.309
960 170 7 8 0.307
791 87 6 8 0.305
147 42 8 8 0.303
907 53 6 7 0.303
773 128 7 8 0.303
518 49 7 8 0.301
666 34 6 7 0.300
697 75 7 7 0.300
628 41 6 7 0.299
832 90 6 8 0.299
702 45 6 8 0.298
68 565 12 15 0.296
406 26 7 8 0.295
119 45 6 8 0.294
362 436 10 14 0.293
873 77 7 8 0.291
938 37 6 8 0.290
1 164 8 10 0.289
226 133 8 10 0.286
829 54 6 7 0.285
658 50 6 8 0.282
143 15 7 7 0.282
809 90 6 8 0.281
1006 147 7 9 0.281
677 60 7 7 0.280
324 60 7 9 0.280
936 191 8 9 0.280
612 23 6 7 0.279
886 96 6 8 0.279
805 37 6 7 0.278
943 54 7 8 0.275
603 104 7 8 0.275
335 30 7 9 0.273
89 24 7 8 0.271
109 26 7 9 0.270
936 18 6 8 0.269
128 28 7 8 0.269
863 138 6 8 0.267
407 83 7 8 0.267
61 2 7 7 0.267
860 523 9 17 0.265
824 114 6 8 0.264
672 11 6 8 0.262
965 20 6 7 0.261
571 96 7 9 0.261
523 35 6 7 0.260
964 95 6 7 0.259
846 57 6 7 0.253
799 107 6 7 0.253
861 98 6 8 0.250
913 144 7 8 0.249
787 34 6 7 0.249
481 80 7 9 0.248
31 54 7 8 0.248
825 26 6 8 0.244
895 129 6 8 0.240
973 170 7 8 0.239
339 88 7 9 0.238
9 152 7 9 0.238
320 124 7 8 0.237
738 83 7 7 0.237
305 85 7 9 0.234
575 52 7 8 0.233
965 116 7 8 0.233
92 53 6 8 0.230
479 13 6 8 0.229
851 116 7 8 0.227
639 112 7 8 0.225
783 55 6 7 0.223
367 4 5 7 0.223
345 56 6 8 0.221
325 6 6 8 0.221
497 7 7 8 0.220
458 113 6 7 0.219
236 575 13 15 0.217
269 7 6 7 0.215
624 7 6 7 0.215
869 43 6 8 0.215
762 275 9 10 0.215
520 34 6 8 0.212
252 21 6 8 0.212
796 128 6 8 0.212
555 21 6 7 0.209
725 48 6 7 0.209
369 108 8 9 0.209
493 49 6 7 0.206
324 19 7 8 0.204
807 57 6 8 0.202
189 45 7 8 0.202
959 113 7 9 0.201
1 0 6 7 0.200
438 86 6 7 0.198
248 163 7 9 0.198
937 76 6 7 0.196
1008 36 6 7 0.195
153 65 7 8 0.195
205 91 7 8 0.195
301 53 6 8 0.192
756 91 7 8 0.192
655 119 7 8 0.191
268 111 7 9 0.189
724 33 6 8 0.188
1011 7 7 8 0.187
198 4 6 7 0.186
390 34 6 8 0.185
781 146 6 8 0.184
443 2 6 8 0.183
856 75 6 7 0.182
535 79 7 8 0.181
294 41 6 8 0.179
867 44 6 7 0.178
955 74 7 8 0.178
146 577 10 15 0.177
231 26 6 7 0.177
513 79 6 8 0.176
858 27 6 7 0.176
592 22 6 7 0.171
135 106 7 8 0.170
985 78 6 7 0.170
87 32 7 8 0.169
250 7 6 7 0.169
436 85 6 8 0.169
884 1 6 7 0.168
1005 534 11 15 0.165
225 86 7 9 0.165
831 55 6 7 0.165
103 380 10 14 0.164
569 8 5 7 0.164
358 83 7 9 0.163
626 69 6 9 0.162
21 591 10 16 0.162
705 122 6 8 0.161
427 51 7 8 0.161
1 116 7 9 0.158
391 4 6 7 0.158
659 52 6 7 0.157
368 106 7 9 0.157
253 86 7 8 0.157
224 35 6 8 0.157
873 120 6 8 0.156
22 137 7 8 0.156
573 97 7 9 0.155
180 33 7 8 0.154
460 99 6 8 0.153
991 42 6 8 0.152
92 1 6 7 0.149
311 34 6 7 0.149
501 35 6 8 0.149
37 109 8 9 0.148
964 169 8 9 0.147
180 77 7 8 0.147
196 109 7 8 0.146
70 562 13 16 0.146
294 2 6 8 0.146
90 1 6 7 0.145
278 127 7 8 0.143
110 0 6 7 0.143
969 40 5 7 0.143
264 66 7 8 0.142
399 120 7 8 0.141
728 21 5 7 0.141
485 119 7 8 0.140
978 217 7 8 0.139
477 14 7 9 0.138
33 112 8 8 0.136
753 24 6 8 0.135
253 7 6 7 0.135
538 34 6 7 0.135
177 0 6 6 0.133
192 45 6 8 0.133
668 10 6 8 0.133
116 142 8 9 0.133
990 496 12 15 0.132
306 75 6 9 0.132
49 31 7 9 0.131
588 107 6 8 0.131
343 105 7 8 0.129
48 27 6 8 0.129
250 35 6 7 0.127
124 65 7 9 0.126
556 106 6 8 0.126
306 81 7 9 0.126
606 104 7 8 0.126
688 41 6 7 0.125
89 109 7 9 0.124
46 75 6 7 0.124
915 44 6 7 0.123
342 54 7 9 0.123
65 108 8 10 0.122
1007 145 8 10 0.122
78 69 7 9 0.122
990 32 5 7 0.121
30 35 6 8 0.120
191 91 6 8 0.119
41 106 7 10 0.119
465 80 7 8 0.118
965 97 6 7 0.118
23 138 8 10 0.118
305 5 6 7 0.117
34 12 6 7 0.117
698 14 6 7 0.117
256 7 6 7 0.116
501 29 6 9 0.116
91 111 7 9 0.115
107 61 6 8 0.115
189 90 7 8 0.114
605 124 7 9 0.114
321 59 7 9 0.114
802 7 6 7 0.113
829 647 16 19 0.113
295 3 7 8 0.111
769 100 7 8 0.111
7 150 8 10 0.111
506 104 6 9 0.111
146 14 6 8 0.111
590 22 6 7 0.109
122 10 6 7 0.109
408 27 6 8 0.108
500 25 6 8 0.108
236 446 10 13 0.106
244 164 7 9 0.105
875 75 6 8 0.105
1008 86 5 8 0.105
245 563 11 13 0.104
726 20 6 7 0.104
654 75 6 8 0.101
161 0 6 6 0.101
109 59 6 8 0.101
156 132 7 9 0.100
7 154 8 10 0.100
918 46 6 7 0.100
9 23 6 7 0.099
634 295 9 11 0.099
21 134 7 9 0.099
417 2 6 7 0.098
103 75 6 9 0.097
482 83 6 8 0.097
343 22 6 7 0.096
887 33 6 8 0.096
186 90 6 9 0.095
762 2 5 7 0.095
683 114 7 8 0.095
762 594 12 14 0.095
801 28 5 7 0.094
138 129 6 9 0.094
884 97 6 8 0.093
931 148 6 7 0.093
156 135 7 8 0.092
427 15 7 9 0.092
177 85 7 9 0.091
184 30 6 7 0.091
606 484 11 16 0.091
433 17 6 8 0.090
442 84 6 8 0.090
427 55 7 8 0.090
841 84 7 8 0.090
360 32 7 9 0.089
874 19 5 7 0.089
470 4 6 7 0.088
607 123 7 8 0.088
179 -1 6 6 0.088
424 50 7 8 0.087
858 99 6 9 0.087
730 1 5 7 0.087
139 0 6 6 0.087
551 105 6 7 0.087
740 102 7 8 0.087
635 108 6 8 0.087
61 7 7 9 0.086
331 59 7 8 0.086
326 9 6 7 0.085
113 549 10 12 0.085
4 160 8 10 0.085
838 137 6 8 0.084
432 60 6 8 0.084
345 121 7 9 0.084
132 608 15 19 0.084
678 0 6 7 0.084
890 97 7 8 0.084
159 139 7 8 0.083
1006 84 5 7 0.083
389 37 6 8 0.082
454 72 6 8 0.082
569 37 6 8 0.081
824 108 6 7 0.081
426 47 6 9 0.080
600 6 5 7 0.080
764 1 5 6 0.080
828 11 6 6 0.080
587 37 7 8 0.080
33 64 7 9 0.079
140 129 8 9 0.079
476 34 7 9 0.078
893 111 6 8 0.078
12 154 7 9 0.078
487 -1 6 6 0.078
728 66 6 8 0.077
609 596 13 14 0.076
299 52 7 8 0.076
489 1 7 7 0.076
729 64 6 8 0.076
628 88 6 7 0.075
783 0 5 6 0.075
314 33 6 9 0.075
936 38 6 7 0.075
684 133 7 9 0.074
138 107 7 9 0.073
939 191 7 9 0.073
159 -1 5 5 0.073
905 52 6 8 0.072
358 435 11 14 0.072
1005 211 7 9 0.072
747 4 6 7 0.071
934 573 11 18 0.071
284 22 6 7 0.070
767 66 7 8 0.070
592 79 7 9 0.070
141 -1 6 6 0.069
856 72 6 8 0.069
644 2 5 7 0.068
930 4 6 6 0.068
214 76 7 9 0.068
965 93 7 9 0.068
464 90 6 9 0.067
593 73 7 8 0.067
921 24 5 7 0.067
218 3 6 6 0.067
592 76 7 9 0.066
403 30 6 8 0.066
286 54 6 8 0.066
897 77 7 8 0.066
429 -1 5 6 0.066
346 2 5 6 0.066
921 109 8 9 0.066
215 9 6 7 0.065
451 74 7 8 0.065
357 81 7 8 0.065
213 10 6 7 0.065
96 115 7 9 0.064
508 122 7 8 0.064
346 19 6 7 0.063
895 447 9 14 0.063
421 61 6 8 0.063
686 135 7 9 0.063
787 55 6 7 0.062
942 139 7 9 0.062
676 129 6 7 0.061
898 18 5 7 0.060
655 50 6 8 0.059
964 63 6 7 0.059
698 30 6 8 0.059
899 2 5 6 0.058
670 90 7 8 0.058
540 119 7 8 0.058
771 1 6 7 0.058
282 109 7 8 0.058
603 125 7 7 0.058
762 271 8 10 0.057
769 68 6 7 0.057
749 122 6 8 0.057
973 41 6 7 0.057
472 54 7 10 0.057
365 87 6 8 0.057
100 112 7 9 0.057
632 40 6 7 0.056
571 7 6 7 0.056
692 92 6 8 0.056
8 20 5 8 0.056
588 77 7 8 0.056
424 1 6 7 0.055
350 3 5 6 0.055
955 160 8 10 0.055
525 67 6 8 0.054
384 104 6 7 0.054
81 560 12 15 0.054
232 23 6 7 0.054
406 101 7 8 0.054
484 1 6 7 0.054
379 45 7 9 0.053
244 167 7 9 0.053
936 84 6 8 0.052
869 1 6 6 0.052
893 129 6 9 0.051
604 13 6 8 0.051
665 32 6 8 0.051
835 87 6 9 0.051
598 78 7 9 0.050
185 77 6 8 0.050
715 97 6 8 0.050
679 129 7 9 0.050
698 10 5 7 0.050
934 21 6 7 0.050
798 128 7 8 0.050
959 98 6 8 0.050
973 217 8 9 0.050
1008 83 6 7 0.050
306 143 6 8 0.050
409 121 6 7 0.050
19 108 7 9 0.048
968 62 6 8 0.048
805 5 6 7 0.048
564 104 8 10 0.048
209 17 6 7 0.047
75 61 7 9 0.047
979 269 7 8 0.047
433 32 6 8 0.047
345 118 7 9 0.047
20 188 7 8 0.047
962 117 8 9 0.046
90 589 13 18 0.046
341 105 7 9 0.046
650 86 6 8 0.046
961 88 6 8 0.046
37 9 6 7 0.045
522 2 5 7 0.044
549 57 7 9 0.044
173 125 7 8 0.044
737 584 13 14 0.044
967 41 6 8 0.044
886 113 7 8 0.044
145 74 6 8 0.044
470 102 7 8 0.044
254 60 7 9 0.044
1010 96 6 8 0.043
603 81 7 8 0.043
941 46 8 9 0.043
595 4 5 6 0.043
160 158 7 8 0.042
460 101 8 10 0.042
95 86 9 9 0.042
581 2 5 6 0.042
978 168 6 9 0.042
566 122 6 8 0.042
808 109 6 7 0.041
106 4 6 8 0.041
784 2 6 7 0.041
988 493 11 15 0.041
511 107 8 9 0.041
890 34 6 7 0.040
1006 614 13 26 0.040
171 0 5 5 0.040
936 33 7 10 0.039
134 -1 6 5 0.039
611 485 12 16 0.039
243 4 5 6 0.039
44 104 7 9 0.039
33 9 6 8 0.039
846 40 6 7 0.038
18 34 7 8 0.038
187 560 11 14 0.038
13 544 11 15 0.038
248 85 6 8 0.038
822 -1 6 5 0.038
810 -1 5 5 0.038
280 129 8 10 0.037
397 117 7 9 0.037
345 55 8 11 0.037
592 -1 5 5 0.037
625 87 6 8 0.037
902 0 5 7 0.037
980 123 7 8 0.036
934 13 6 8 0.036
5 0 6 6 0.036
2 109 6 10 0.036
627 36 7 10 0.036
13 22 6 7 0.035
985 124 6 8 0.035
1005 117 7 9 0.035
861 188 8 10 0.035
795 147 7 7 0.035
441 120 6 8 0.034
748 29 6 7 0.034
679 0 5 5 0.034
222 -1 5 6 0.034
556 5 5 6 0.034
660 118 7 8 0.034
93 0 5 5 0.034
23 53 8 9 0.034
809 86 6 8 0.033
440 83 7 10 0.033
861 528 11 15 0.033
1 31 6 8 0.033
570 122 5 8 0.033
116 44 7 10 0.033
226 90 8 10 0.032
680 131 8 10 0.032
460 123 7 8 0.032
441 102 6 8 0.032
0 196 6 7 0.032
756 29 6 7 0.032
673 129 6 8 0.031
3 115 9 10 0.030
436 -1 6 6 0.030
697 78 6 8 0.030
932 91 7 8 0.030
5 584 9 15 0.030
180 39 8 10 0.030
49 161 8 9 0.030
1010 5 6 7 0.030
569 40 7 10 0.030
67 47 7 8 0.029
101 116 7 9 0.029
89 37 7 11 0.029
135 131 7 9 0.029
812 76 6 8 0.029
17 111 7 9 0.029
767 125 6 8 0.029
222 106 6 8 0.028
48 138 7 8 0.028
999 43 5 8 0.028
222 94 7 9 0.028
131 195 8 9 0.028
138 125 8 11 0.027
961 107 8 10 0.027
765 56 6 8 0.027
83 103 7 9 0.026
77 556 12 15 0.026
998 187 7 8 0.026
29 646 14 20 0.026
293 22 6 7 0.026
702 126 7 8 0.026
802 579 12 15 0.026
519 7 6 7 0.026
885 0 6 5 0.025
920 56 6 7 0.025
734 117 6 8 0.025
189 557 11 14 0.025
325 64 6 8 0.025
822 0 6 6 0.025
104 148 7 8 0.025
855 184 8 11 0.025
524 7 6 7 0.025
279 88 7 8 0.025
996 495 10 16 0.024
199 93 8 9 0.024
940 20 7 8 0.024
790 134 7 9 0.024
915 14 5 6 0.024
635 122 6 8 0.023
683 111 7 8 0.023
861 22 5 7 0.023
117 167 7 9 0.022
280 137 7 9 0.022
1000 573 10 14 0.022
940 17 6 8 0.022
529 119 7 8 0.022
352 61 6 8 0.022
240 444 10 14 0.022
714 2 5 6 0.022
709 124 7 8 0.022
279 53 6 9 0.021
247 39 6 8 0.021
219 435 11 13 0.021
893 450 8 13 0.020
998 61 6 7 0.020
763 0 5 5 0.020
392 121 6 8 0.020
72 17 6 8 0.020
225 98 7 9 0.020
726 32 7 10 0.020
831 7 5 7 0.020
816 560 13 15 0.020
830 99 7 10 0.020
899 446 10 13 0.019
893 124 8 10 0.019
1001 619 14 22 0.019
159 155 7 8 0.019
39 29 8 9 0.019
805 96 7 9 0.019
799 -1 5 4 0.019
359 1 8 9 0.019
179 2 7 8 0.019
65 83 7 9 0.019
646 2 6 7 0.019
901 0 5 4 0.019
241 172 7 8 0.019
848 108 8 10 0.019
286 67 6 8 0.019
86 593 14 18 0.018
441 89 8 10 0.018
913 147 7 10 0.018
858 518 10 17 0.018
344 123 8 10 0.018
859 27 7 9 0.018
731 0 5 5 0.018
772 25 6 7 0.018
636 120 7 8 0.018
189 609 13 17 0.018
889 49 8 9 0.018
642 60 6 8 0.018
962 76 7 9 0.018
858 191 8 9 0.017
512 84 6 7 0.017
687 22 6 7 0.017
872 38 8 10 0.017
353 123 6 8 0.017
967 2 6 7 0.016
116 -1 6 6 0.016
657 121 9 9 0.016
607 583 13 15 0.016
782 56 7 10 0.016
84 565 11 15 0.016
324 626 13 18 0.016
879 85 8 10 0.016
524 63 7 8 0.016
281 143 6 8 0.016
971 18 7 7 0.015
398 9 6 8 0.015
990 135 7 8 0.015
688 72 7 8 0.015
698 68 6 9 0.015
130 195 6 8 0.015
888 72 6 8 0.015
941 72 8 10 0.015
95 139 7 8 0.015
798 116 7 9 0.015
1007 45 6 8 0.014
88 140 7 8 0.014
985 494 11 15 0.014
125 409 10 14 0.014
234 442 11 13 0.014
424 135 6 7 0.014
577 73 6 8 0.014
840 0 6 5 0.014
64 567 11 15 0.014
771 34 6 8 0.014
813 563 13 16 0.014
582 -1 5 5 0.014
706 86 6 8 0.014
118 626 15 20 0.014
296 590 12 16 0.014
377 71 6 8 0.014
464 167 8 10 0.014
901 549 8 12 0.014
107 0 7 9 0.013
733 115 6 7 0.013
461 129 6 7 0.013
728 113 6 7 0.013
952 17 8 9 0.013
349 0 5 5 0.013
411 339 9 11 0.013
144 77 7 9 0.013
981 15 6 7 0.013
373 28 6 7 0.013
11 548 11 14 0.013
750 119 6 8 0.013
935 569 11 17 0.013
410 60 6 8 0.013
644 296 7 10 0.013
187 551 11 15 0.012
295 13 8 11 0.012
334 140 7 8 0.012
933 132 7 8 0.012
333 115 8 10 0.012
601 565 13 16 0.012
480 -1 5 6 0.012
434 101 7 8 0.012
293 108 6 8 0.012
343 567 12 15 0.012
276 130 8 10 0.012
181 560 12 16 0.012
321 105 6 8 0.012
722 -1 5 5 0.012
605 480 12 15 0.012
725 574 12 14 0.012
733 582 12 15 0.012
929 121 6 8 0.012
713 582 11 13 0.012
729 576 12 15 0.011
570 138 6 7 0.011
192 612 13 17 0.011
858 526 10 17 0.011
629 35 5 7 0.011
302 142 6 8 0.011
665 144 6 8 0.011
567 126 8 9 0.011
429 139 6 7 0.011
448 7 8 9 0.011
106 550 11 14 0.011
731 137 7 8 0.011
461 167 8 11 0.011
231 645 16 19 0.011
607 592 13 15 0.011
852 190 7 10 0.011
790 506 11 14 0.011
991 65 6 7 0.010
416 -1 5 6 0.010
112 155 8 10 0.010
588 137 6 7 0.010
165 572 11 15 0.010
731 627 14 19 0.010
856 15 5 6 0.010
75 625 12 20 0.010
764 72 6 8 0.010
17 537 10 14 0.010
601 574 14 14 0.010
