2_Demonstration_Protesters_2_92
63
257 427 58 74 0.788
245 301 31 37 0.739
689 341 33 41 0.720
742 354 55 64 0.702
827 329 34 46 0.650
86 520 72 138 0.641
199 325 25 40 0.591
429 301 14 19 0.588
380 313 22 30 0.535
651 301 23 29 0.533
93 295 12 15 0.488
346 333 20 25 0.478
966 306 31 41 0.463
591 322 17 26 0.421
465 299 24 28 0.414
69 343 35 48 0.388
117 311 21 23 0.338
935 314 22 32 0.323
321 322 21 32 0.202
948 311 27 37 0.176
163 317 15 20 0.167
1 306 24 40 0.164
658 298 24 32 0.163
36 281 12 15 0.145
89 430 52 67 0.142
187 294 14 17 0.130
497 325 21 26 0.077
604 317 19 27 0.058
929 362 24 42 0.056
972 312 33 42 0.048
1 310 15 45 0.045
184 291 13 16 0.043
958 315 26 42 0.041
327 330 17 23 0.035
585 319 15 24 0.029
9 308 28 34 0.027
41 283 11 13 0.025
98 295 13 17 0.024
30 284 13 15 0.023
139 309 13 17 0.022
4 312 32 48 0.021
595 328 18 25 0.021
193 296 14 16 0.019
374 308 17 21 0.018
376 321 17 23 0.017
124 523 47 98 0.016
89 295 12 14 0.016
492 325 16 23 0.014
144 305 12 15 0.014
371 305 14 20 0.014
33 278 10 12 0.014
738 310 15 18 0.014
982 320 30 41 0.013
931 338 34 49 0.013
13 320 42 56 0.013
121 316 19 24 0.012
543 310 18 25 0.012
670 302 21 27 0.012
3 304 18 28 0.011
962 324 29 40 0.011
412 307 14 19 0.011
976 331 30 36 0.011
206 317 30 37 0.010
