2_Demonstration_Protesters_2_493
380
720 132 35 44 0.823
385 146 39 48 0.803
649 173 45 56 0.799
772 128 34 44 0.790
455 133 40 45 0.788
555 131 35 44 0.784
-1 401 82 172 0.783
922 159 37 47 0.780
302 153 40 50 0.768
876 210 45 52 0.766
91 111 26 32 0.753
847 140 33 43 0.746
867 91 26 33 0.745
161 80 22 26 0.743
986 149 38 58 0.721
340 89 21 25 0.716
314 84 22 28 0.709
19 98 25 29 0.708
293 68 20 25 0.700
938 128 33 45 0.700
830 181 33 45 0.700
279 115 27 32 0.698
68 62 21 26 0.696
257 98 22 27 0.692
433 69 20 25 0.687
202 79 22 27 0.686
267 73 22 27 0.684
662 62 20 23 0.683
136 104 21 27 0.683
212 116 20 26 0.683
544 76 19 22 0.675
638 51 18 22 0.673
218 64 18 22 0.673
80 88 21 25 0.661
737 91 20 24 0.658
521 65 17 20 0.653
32 68 23 28 0.648
522 88 21 24 0.639
386 72 20 24 0.624
14 59 16 19 0.617
720 79 18 21 0.614
569 51 14 18 0.607
950 54 17 21 0.607
963 68 19 25 0.607
481 59 21 24 0.602
321 57 16 20 0.602
705 50 15 19 0.596
410 114 24 30 0.587
187 57 15 19 0.586
636 106 23 28 0.583
129 64 13 17 0.581
133 84 19 23 0.575
845 47 16 20 0.574
918 75 24 29 0.573
803 20 12 15 0.572
605 83 22 28 0.567
586 58 17 22 0.563
926 48 18 21 0.544
245 81 19 25 0.540
710 110 26 30 0.534
229 84 19 26 0.527
0 88 15 28 0.525
255 45 14 16 0.525
97 56 13 16 0.523
522 117 25 30 0.523
750 194 36 39 0.523
746 47 15 18 0.520
277 40 12 14 0.512
545 51 14 18 0.512
333 42 12 15 0.510
827 73 29 31 0.510
35 51 13 15 0.503
186 116 25 29 0.498
344 115 30 39 0.497
305 47 15 18 0.494
888 50 17 21 0.489
648 91 23 27 0.479
5 133 23 31 0.473
0 49 12 18 0.469
380 32 11 14 0.466
565 30 12 14 0.455
583 128 23 33 0.448
549 110 27 32 0.444
824 9 11 14 0.429
664 47 16 18 0.425
375 96 26 32 0.424
437 35 13 14 0.423
420 35 11 15 0.420
787 59 16 20 0.409
621 21 9 11 0.408
549 40 13 16 0.402
657 20 10 13 0.402
555 16 9 11 0.400
470 35 10 13 0.396
78 42 11 12 0.395
497 100 20 25 0.388
764 46 13 16 0.374
782 85 20 28 0.366
425 53 15 16 0.364
614 53 16 19 0.357
454 91 22 27 0.352
810 47 14 17 0.350
502 12 9 11 0.347
413 214 33 50 0.347
615 66 18 22 0.342
140 50 12 14 0.338
846 18 10 12 0.325
477 18 8 10 0.322
584 95 19 24 0.316
906 122 27 35 0.309
631 1 9 10 0.308
161 47 10 13 0.308
1008 85 16 33 0.306
605 2 8 10 0.294
696 75 20 25 0.292
22 44 11 12 0.288
460 56 14 16 0.286
111 63 13 17 0.285
484 42 11 14 0.280
918 14 11 12 0.279
224 210 37 48 0.277
520 39 12 13 0.277
247 63 15 17 0.274
783 7 10 12 0.272
388 50 15 18 0.270
705 11 10 12 0.269
470 116 23 27 0.261
175 60 15 18 0.257
937 67 19 26 0.254
522 19 8 10 0.250
755 7 9 11 0.243
488 90 21 27 0.239
369 53 13 16 0.221
616 133 21 31 0.215
364 84 19 23 0.212
945 57 18 24 0.211
702 90 21 24 0.210
408 89 17 21 0.202
236 46 12 15 0.201
609 41 12 14 0.196
692 35 11 14 0.194
836 157 35 47 0.191
734 1 9 10 0.188
465 0 7 9 0.185
874 15 9 13 0.184
401 23 8 11 0.184
755 28 12 15 0.182
424 139 20 27 0.181
499 11 9 10 0.179
48 38 10 11 0.179
189 37 10 11 0.177
340 100 27 35 0.172
172 39 9 11 0.171
122 38 8 10 0.168
176 39 10 12 0.168
709 29 12 15 0.166
633 50 16 21 0.164
974 94 18 24 0.163
143 37 8 9 0.162
689 24 10 12 0.162
716 50 13 17 0.156
455 85 20 24 0.156
690 31 11 13 0.155
502 54 14 17 0.154
355 22 9 12 0.153
492 61 17 19 0.152
443 21 8 9 0.146
285 41 14 15 0.137
655 1 8 9 0.135
708 10 10 11 0.134
101 54 12 15 0.132
566 83 14 20 0.130
96 29 9 11 0.127
66 39 10 12 0.126
725 55 13 15 0.126
105 61 14 17 0.125
688 80 21 25 0.125
367 45 13 15 0.125
396 77 20 22 0.124
368 58 15 19 0.123
220 187 39 46 0.122
151 66 13 16 0.121
370 49 12 14 0.120
232 47 13 16 0.116
211 31 9 11 0.113
442 137 31 35 0.113
175 108 26 30 0.111
499 4 7 8 0.111
587 44 13 16 0.106
664 169 34 43 0.103
186 36 9 11 0.100
421 21 9 10 0.100
818 64 19 24 0.099
415 14 7 9 0.097
318 32 9 11 0.097
358 25 10 12 0.096
1007 266 18 66 0.095
142 40 9 12 0.094
408 107 22 28 0.091
223 51 12 13 0.091
564 6 7 8 0.089
885 75 18 20 0.089
148 34 8 10 0.088
689 0 8 8 0.086
585 0 7 8 0.084
403 22 8 9 0.081
418 235 40 62 0.079
503 50 12 15 0.078
907 67 17 22 0.078
257 29 8 9 0.077
510 77 15 19 0.077
819 34 11 14 0.075
3 11 9 11 0.075
432 35 14 15 0.072
396 13 8 8 0.072
193 59 14 17 0.068
754 21 10 13 0.068
901 21 10 14 0.068
584 85 18 23 0.067
815 81 19 25 0.067
394 12 7 8 0.067
607 1 8 9 0.062
621 69 16 21 0.062
372 23 8 11 0.062
44 35 9 11 0.061
500 29 9 11 0.060
548 34 10 12 0.060
171 36 9 11 0.060
320 29 8 10 0.060
1010 9 11 15 0.060
760 5 8 10 0.059
183 27 7 9 0.057
134 27 6 8 0.057
870 6 9 12 0.056
870 5 7 9 0.056
54 37 10 11 0.055
293 302 52 61 0.055
802 79 17 24 0.055
148 27 8 8 0.055
152 27 7 8 0.055
451 98 22 28 0.054
200 22 7 8 0.054
80 30 7 8 0.053
352 24 9 11 0.051
659 1 8 8 0.051
773 90 19 25 0.050
66 112 22 25 0.050
837 5 9 11 0.050
242 31 9 11 0.049
481 38 12 14 0.049
845 26 11 14 0.048
656 96 19 25 0.047
55 81 17 22 0.047
754 66 16 20 0.046
665 84 18 23 0.045
19 24 8 9 0.044
1014 107 10 43 0.044
413 41 11 15 0.044
365 2 6 7 0.043
602 4 8 9 0.043
203 22 7 9 0.043
289 20 7 9 0.042
679 52 14 17 0.041
444 35 11 13 0.040
901 26 12 16 0.040
653 20 10 13 0.040
284 27 8 9 0.040
702 0 7 8 0.039
94 57 12 18 0.039
236 35 9 10 0.038
364 62 16 18 0.038
892 71 17 22 0.038
342 63 13 17 0.037
281 32 10 11 0.035
462 0 7 8 0.034
210 33 11 12 0.034
986 325 39 112 0.033
719 6 8 9 0.031
264 56 14 16 0.031
901 16 9 12 0.030
912 11 11 12 0.030
1012 38 11 19 0.030
165 26 8 8 0.030
106 81 17 22 0.029
243 27 7 9 0.029
497 3 8 8 0.028
757 69 17 20 0.028
469 24 8 11 0.028
445 109 21 27 0.027
271 28 7 8 0.027
447 18 7 9 0.027
259 30 9 10 0.026
866 32 12 14 0.025
223 13 6 8 0.025
573 19 9 11 0.025
210 37 9 11 0.025
906 59 16 21 0.025
1008 16 12 16 0.025
102 28 8 10 0.025
564 78 14 18 0.024
998 36 12 16 0.024
771 0 7 8 0.024
265 158 30 35 0.024
275 166 25 30 0.024
969 94 17 22 0.024
588 100 18 23 0.024
115 24 7 8 0.023
241 24 7 9 0.023
0 41 9 14 0.023
903 47 11 15 0.023
624 51 13 16 0.023
461 82 18 21 0.023
599 33 10 13 0.022
809 65 17 22 0.022
1009 33 12 20 0.022
206 19 6 8 0.022
1001 85 18 25 0.021
662 3 9 10 0.021
1001 37 14 18 0.021
814 0 9 9 0.020
177 5 7 7 0.020
553 11 8 10 0.019
223 20 8 10 0.019
299 29 8 10 0.019
347 9 6 8 0.019
1011 5 10 12 0.019
812 0 8 8 0.018
843 4 9 10 0.018
38 24 7 8 0.018
673 163 28 37 0.018
980 0 11 9 0.018
351 162 25 28 0.018
418 50 12 16 0.018
872 74 19 25 0.017
302 115 18 24 0.017
678 83 17 22 0.017
0 112 10 24 0.017
323 3 6 8 0.017
235 207 39 49 0.016
436 239 45 60 0.016
329 59 16 18 0.016
547 351 57 101 0.016
346 7 7 7 0.015
497 83 18 21 0.015
319 24 8 9 0.015
268 16 7 7 0.015
103 85 17 22 0.015
447 0 6 6 0.015
713 10 10 13 0.015
838 31 11 13 0.015
819 115 27 33 0.014
892 114 33 43 0.014
329 21 8 9 0.014
517 3 7 7 0.013
423 2 6 7 0.013
173 105 21 26 0.013
11 64 12 17 0.013
934 15 10 13 0.013
377 13 7 8 0.012
955 0 10 10 0.012
874 11 10 12 0.012
749 10 10 12 0.012
894 28 12 17 0.012
260 6 5 6 0.012
867 0 7 9 0.012
142 35 12 13 0.011
802 47 13 16 0.011
945 139 29 40 0.011
537 111 36 44 0.011
0 46 18 25 0.011
544 23 8 11 0.011
1004 94 17 27 0.011
296 17 6 7 0.010
721 109 22 26 0.010
248 14 6 8 0.010
56 17 6 8 0.010
593 406 50 77 0.010
284 52 13 16 0.010
689 4 8 9 0.010
262 11 6 7 0.010
