2_Demonstration_Demonstration_Or_Protest_2_367
33
385 247 73 87 0.861
506 242 47 57 0.821
782 349 51 56 0.784
121 260 26 32 0.759
39 274 27 36 0.741
180 305 35 44 0.692
50 250 19 24 0.678
202 271 17 22 0.666
307 303 22 29 0.640
261 276 25 36 0.634
91 259 17 22 0.619
292 285 15 18 0.398
710 336 47 46 0.217
334 305 15 21 0.159
238 275 14 19 0.146
283 280 18 25 0.079
297 287 14 17 0.064
95 261 18 24 0.050
24 251 12 20 0.049
356 295 19 23 0.045
673 264 44 61 0.042
344 287 14 17 0.042
956 328 69 134 0.035
696 324 50 52 0.028
96 257 15 20 0.022
624 226 36 37 0.016
19 250 11 14 0.013
979 351 45 102 0.012
673 282 33 55 0.011
244 280 17 24 0.011
4 242 11 24 0.011
282 300 14 19 0.011
337 307 17 22 0.011
