2_Demonstration_Demonstration_Or_Protest_2_813
25
835 371 22 29 0.679
539 357 19 26 0.590
259 329 19 37 0.512
335 346 22 30 0.458
658 446 14 19 0.331
345 358 19 28 0.316
474 365 14 25 0.303
701 391 14 16 0.297
494 367 19 30 0.290
91 349 9 10 0.237
889 378 17 28 0.218
693 458 12 17 0.156
717 475 12 14 0.154
709 469 13 16 0.090
891 389 17 25 0.052
689 457 11 17 0.045
351 357 15 22 0.043
351 363 17 25 0.024
720 473 11 14 0.023
333 355 22 30 0.023
661 389 13 16 0.018
333 337 21 29 0.017
33 595 6 7 0.013
254 322 23 35 0.011
92 586 5 7 0.011
