2_Demonstration_Demonstrators_2_170
51
929 173 82 84 0.860
736 140 65 81 0.848
321 118 57 89 0.837
867 191 56 64 0.815
589 105 50 65 0.779
7 121 18 23 0.717
722 122 36 45 0.587
42 117 23 31 0.521
189 114 36 41 0.450
91 128 15 19 0.388
838 153 25 32 0.298
0 109 11 19 0.195
71 116 15 22 0.184
303 136 6 7 0.183
258 131 15 19 0.182
588 71 39 47 0.180
492 169 37 47 0.168
535 147 19 24 0.085
298 135 9 10 0.076
491 124 36 52 0.069
688 170 44 54 0.068
69 114 13 16 0.068
725 122 48 58 0.047
700 151 43 58 0.046
305 135 6 8 0.042
836 144 36 46 0.039
264 130 12 15 0.038
80 123 16 21 0.036
551 153 15 19 0.034
289 134 7 8 0.034
553 151 20 24 0.034
708 126 29 37 0.030
526 142 28 35 0.027
541 148 17 21 0.027
585 73 30 36 0.022
38 114 16 25 0.020
1 106 8 17 0.020
301 138 7 9 0.018
932 127 17 21 0.018
843 126 22 29 0.017
261 134 17 21 0.015
259 125 13 16 0.015
242 128 11 14 0.013
96 128 15 21 0.013
937 120 24 27 0.012
559 153 25 34 0.012
887 131 14 20 0.011
99 122 13 18 0.011
847 123 17 22 0.011
246 131 15 18 0.011
39 126 18 24 0.010
