2_Demonstration_Demonstration_Or_Protest_2_586
131
836 200 30 38 0.768
691 145 29 36 0.766
382 184 27 39 0.752
472 145 25 34 0.751
639 165 22 35 0.736
140 145 23 31 0.733
173 124 18 21 0.696
523 120 16 19 0.680
789 113 13 15 0.665
996 145 18 25 0.655
384 133 16 24 0.647
760 119 18 22 0.645
577 154 21 28 0.631
410 105 13 16 0.604
28 104 12 15 0.588
963 105 14 21 0.559
282 122 13 17 0.558
345 94 11 13 0.547
132 119 13 16 0.545
111 129 14 19 0.538
247 121 14 18 0.536
27 133 17 17 0.518
600 115 11 18 0.505
286 158 18 27 0.491
438 126 14 17 0.485
803 222 19 33 0.479
539 94 10 11 0.448
128 101 11 14 0.445
214 112 12 14 0.423
433 98 10 12 0.416
169 104 9 11 0.359
200 123 11 13 0.330
2 113 12 13 0.325
515 38 11 12 0.319
1 99 10 11 0.319
384 104 8 10 0.316
764 102 11 12 0.271
90 110 10 14 0.268
360 89 8 10 0.240
694 93 10 14 0.218
98 91 8 8 0.209
721 126 10 13 0.206
400 98 8 11 0.201
774 122 12 16 0.196
186 106 9 12 0.186
452 116 17 21 0.177
72 133 14 20 0.174
288 102 9 12 0.171
572 122 14 18 0.167
292 89 7 8 0.147
50 113 11 12 0.141
119 149 17 23 0.136
14 91 8 10 0.134
68 95 8 9 0.131
402 101 10 13 0.127
326 142 13 17 0.121
312 170 15 21 0.119
2 118 13 17 0.113
174 104 10 11 0.109
145 95 8 9 0.094
108 108 10 11 0.078
455 93 10 11 0.072
429 99 10 12 0.071
57 94 8 9 0.068
407 92 9 9 0.068
365 92 8 10 0.067
622 81 6 7 0.064
81 115 13 17 0.060
68 138 15 19 0.056
111 110 9 11 0.053
2 74 7 8 0.051
968 104 12 18 0.048
604 115 10 17 0.044
85 96 8 10 0.044
5 98 10 12 0.043
39 92 7 8 0.041
696 115 12 16 0.037
290 88 7 9 0.037
92 92 9 10 0.035
691 117 16 18 0.035
3 126 13 17 0.034
450 94 9 11 0.033
33 91 8 9 0.033
47 122 12 15 0.032
71 142 15 18 0.032
28 89 7 8 0.030
997 95 9 13 0.029
66 112 9 12 0.028
625 140 10 13 0.027
668 134 11 15 0.026
672 133 14 18 0.026
241 92 7 8 0.024
41 90 6 7 0.023
151 107 8 11 0.023
2 130 12 17 0.023
56 88 7 8 0.023
241 98 8 9 0.022
968 108 14 21 0.022
720 130 12 19 0.022
529 104 10 13 0.021
418 106 12 15 0.021
285 118 10 15 0.021
410 91 7 8 0.020
305 92 6 7 0.018
397 160 14 19 0.018
716 146 14 21 0.017
294 101 9 12 0.017
434 125 14 17 0.017
68 91 7 8 0.017
11 4 10 12 0.017
243 88 7 8 0.016
245 91 10 11 0.015
992 100 8 11 0.015
183 102 8 10 0.015
22 134 18 19 0.014
361 94 8 10 0.014
239 100 7 9 0.014
706 78 7 7 0.013
430 81 9 11 0.013
958 103 15 21 0.013
567 160 20 26 0.013
124 147 16 21 0.012
88 120 10 15 0.012
625 143 12 15 0.012
280 120 11 14 0.012
126 93 7 9 0.011
626 82 6 7 0.011
636 155 18 28 0.011
443 127 15 18 0.011
688 115 13 16 0.010
260 94 7 9 0.010
