2_Demonstration_Political_Rally_2_329
159
481 311 83 105 0.861
136 344 63 72 0.860
307 315 70 78 0.855
744 399 94 118 0.837
932 283 65 74 0.834
124 231 49 61 0.822
868 334 63 75 0.812
268 200 40 44 0.810
693 326 47 50 0.804
464 241 38 43 0.799
648 234 39 49 0.795
802 205 41 50 0.791
925 212 33 39 0.779
195 195 39 43 0.774
131 179 28 33 0.769
833 182 29 34 0.759
0 192 34 44 0.752
615 209 27 35 0.739
879 162 29 38 0.716
849 224 27 37 0.713
499 144 19 21 0.701
771 177 26 32 0.693
664 186 33 36 0.687
61 169 17 23 0.675
417 195 27 36 0.660
327 177 31 34 0.645
299 186 26 30 0.629
479 136 17 19 0.626
959 192 20 25 0.619
58 206 25 42 0.618
566 144 16 21 0.613
973 224 30 36 0.604
999 137 11 15 0.595
782 117 11 14 0.589
768 129 12 15 0.586
845 130 13 16 0.563
543 148 19 24 0.561
903 143 12 15 0.554
465 148 14 17 0.543
743 132 10 13 0.527
949 141 14 16 0.523
1010 239 15 50 0.492
69 152 15 19 0.490
27 148 15 16 0.479
864 137 11 14 0.474
68 134 11 13 0.468
919 148 11 14 0.467
968 146 13 16 0.465
50 132 11 14 0.450
936 136 10 12 0.443
1012 149 11 16 0.427
782 284 39 45 0.394
976 132 11 12 0.390
908 124 10 11 0.369
804 133 10 13 0.367
611 154 15 18 0.333
111 154 11 16 0.330
557 125 9 11 0.330
514 118 8 10 0.319
745 127 11 13 0.312
747 122 11 12 0.302
110 131 10 12 0.279
14 134 9 11 0.277
486 121 8 9 0.270
462 136 10 11 0.265
604 123 9 11 0.250
24 124 8 9 0.246
531 127 8 10 0.233
8 120 8 11 0.222
982 130 11 13 0.190
783 145 15 17 0.183
360 178 19 22 0.183
133 110 10 11 0.180
818 123 9 13 0.174
608 122 11 13 0.169
6 122 9 11 0.155
588 128 9 10 0.155
990 127 10 12 0.152
573 123 8 9 0.151
498 127 9 10 0.140
463 141 12 16 0.135
542 124 8 10 0.132
613 121 11 13 0.132
8 110 7 9 0.112
27 112 7 9 0.105
1012 117 9 11 0.099
700 190 21 26 0.099
985 221 24 31 0.097
579 229 30 32 0.091
533 118 7 10 0.085
13 129 9 12 0.085
521 148 11 16 0.078
71 132 10 12 0.074
510 119 10 10 0.074
2 84 7 8 0.072
536 115 6 8 0.067
999 173 14 19 0.063
604 138 10 13 0.062
87 150 13 18 0.055
43 112 7 9 0.049
690 182 26 30 0.048
584 114 6 9 0.047
587 115 7 8 0.046
533 115 6 8 0.045
37 119 8 9 0.042
485 166 17 17 0.041
782 154 16 18 0.040
935 165 16 18 0.037
173 212 22 27 0.036
12 137 10 14 0.035
729 162 12 17 0.034
1013 114 9 11 0.033
704 196 20 23 0.032
815 122 10 12 0.032
730 157 13 18 0.031
895 142 21 26 0.029
606 144 12 15 0.028
365 170 18 23 0.027
91 157 14 16 0.027
6 106 9 11 0.026
874 140 11 13 0.025
4 83 7 9 0.025
588 131 9 12 0.025
1015 228 9 39 0.025
847 126 11 14 0.025
618 120 9 12 0.024
117 153 13 18 0.024
7 121 12 14 0.024
44 115 8 9 0.023
797 176 17 21 0.023
137 109 10 12 0.021
937 134 11 11 0.021
869 169 21 27 0.021
778 149 15 18 0.019
563 113 6 8 0.019
825 132 9 10 0.019
741 118 10 10 0.018
728 153 11 16 0.018
867 167 18 22 0.018
114 128 9 11 0.018
729 168 13 15 0.017
937 170 17 21 0.016
44 109 7 8 0.016
734 152 13 17 0.015
545 158 20 23 0.015
948 140 12 13 0.014
788 157 15 19 0.014
92 118 8 10 0.014
691 173 23 29 0.013
610 159 17 20 0.013
89 123 9 10 0.013
935 134 9 10 0.011
679 190 28 29 0.011
835 133 10 13 0.011
22 120 11 15 0.011
1002 234 21 43 0.011
128 108 8 10 0.011
1001 182 16 19 0.011
92 114 7 9 0.010
