2_Demonstration_Demonstration_Or_Protest_2_368
89
737 216 29 37 0.780
643 229 19 24 0.724
608 238 24 28 0.672
374 222 17 23 0.654
881 241 19 31 0.654
519 219 17 22 0.639
301 233 13 19 0.639
4 216 17 19 0.622
723 238 14 19 0.583
426 227 13 15 0.579
957 278 12 17 0.575
35 248 14 17 0.548
978 257 14 22 0.529
459 235 14 19 0.520
174 240 15 16 0.517
1008 255 13 17 0.498
573 220 18 20 0.496
205 246 16 17 0.494
73 232 9 12 0.474
54 210 8 11 0.436
563 240 15 19 0.430
778 245 10 12 0.421
150 218 11 14 0.417
87 214 9 11 0.380
94 228 12 16 0.380
829 239 12 14 0.348
128 206 8 9 0.328
950 264 10 12 0.316
191 241 17 17 0.236
508 246 15 18 0.191
869 252 11 16 0.170
249 227 10 12 0.155
88 230 13 14 0.154
124 -1 8 9 0.129
220 229 9 11 0.097
39 249 15 18 0.094
68 198 7 8 0.087
456 227 12 15 0.070
252 231 11 12 0.068
941 268 9 12 0.066
249 225 8 10 0.065
826 241 11 13 0.064
701 258 15 18 0.063
874 236 7 10 0.062
146 221 11 13 0.056
133 217 8 11 0.048
496 235 10 12 0.045
557 240 14 18 0.040
834 241 12 13 0.039
350 231 9 10 0.032
514 222 15 17 0.031
863 253 10 14 0.031
829 245 12 14 0.027
107 204 7 9 0.026
132 206 7 9 0.020
1 199 7 10 0.020
356 230 7 12 0.018
830 206 8 11 0.017
26 197 6 8 0.017
253 249 14 14 0.016
1005 251 18 25 0.016
551 231 12 16 0.016
937 264 10 13 0.016
107 199 8 9 0.015
859 268 10 13 0.015
590 247 13 16 0.015
491 232 10 13 0.014
178 221 8 11 0.014
41 225 10 13 0.014
21 198 7 9 0.014
327 226 9 11 0.014
25 199 7 8 0.014
170 244 15 17 0.014
44 197 7 8 0.013
32 247 11 16 0.013
971 253 9 13 0.013
163 224 10 13 0.012
112 230 12 16 0.012
873 234 12 18 0.012
48 3 9 11 0.012
405 205 11 14 0.012
19 197 7 8 0.011
689 262 15 17 0.011
254 224 9 11 0.011
114 222 10 14 0.011
869 236 9 11 0.011
49 235 11 13 0.010
324 229 9 13 0.010
351 231 12 13 0.010
