2_Demonstration_Political_Rally_2_335
303
672 417 56 67 0.867
787 567 69 83 0.867
212 284 47 61 0.845
310 322 54 66 0.838
109 266 47 52 0.832
379 334 53 59 0.828
474 295 43 52 0.824
705 319 46 58 0.818
84 233 45 54 0.814
823 480 69 73 0.810
353 502 60 74 0.807
555 566 73 93 0.807
447 374 41 59 0.805
250 552 70 84 0.799
5 329 47 57 0.798
480 441 53 67 0.793
753 175 34 42 0.792
571 329 44 53 0.792
332 428 64 65 0.791
606 161 35 39 0.789
738 443 59 81 0.789
276 323 41 55 0.788
171 188 40 44 0.787
943 115 29 36 0.785
405 256 51 67 0.785
895 339 52 64 0.785
281 428 50 62 0.785
129 478 50 75 0.785
271 263 50 60 0.783
878 308 36 52 0.780
0 230 30 45 0.777
475 174 32 38 0.777
1 403 47 63 0.776
234 229 41 44 0.775
848 212 44 46 0.773
159 258 35 46 0.773
193 263 33 46 0.773
74 397 45 60 0.773
920 195 34 41 0.769
66 206 40 44 0.769
62 138 35 38 0.768
109 148 27 31 0.763
328 103 29 36 0.762
617 80 29 34 0.751
881 150 28 37 0.751
700 213 35 42 0.751
445 151 30 42 0.745
779 197 34 45 0.744
556 477 61 73 0.743
340 57 21 28 0.743
893 219 31 38 0.739
756 248 43 48 0.739
339 275 50 60 0.738
609 411 52 50 0.736
579 60 27 29 0.735
550 220 36 41 0.734
0 559 54 91 0.730
34 216 33 43 0.726
658 128 32 36 0.723
580 137 31 36 0.723
146 146 30 40 0.718
120 348 51 64 0.715
858 116 24 30 0.709
273 192 29 38 0.708
69 87 27 33 0.705
355 229 43 43 0.705
0 492 43 61 0.701
732 79 28 34 0.699
247 92 24 36 0.698
364 157 38 39 0.698
520 196 29 40 0.698
663 179 36 38 0.695
743 141 26 33 0.693
241 176 33 35 0.690
933 406 45 56 0.689
32 145 27 33 0.687
988 4 18 23 0.681
338 151 27 36 0.677
688 119 24 30 0.676
0 141 23 38 0.674
845 166 36 42 0.674
537 259 32 42 0.672
833 55 20 24 0.665
485 127 28 34 0.665
160 397 64 75 0.662
864 63 22 28 0.654
661 230 40 45 0.653
0 73 16 23 0.649
28 -1 17 15 0.647
910 7 16 19 0.647
14 32 20 23 0.622
906 62 17 23 0.622
143 228 37 43 0.611
457 654 47 34 0.607
648 80 21 27 0.604
141 99 27 31 0.602
931 30 16 20 0.600
180 24 18 24 0.596
826 427 46 60 0.593
33 35 16 21 0.591
662 37 16 23 0.582
489 243 43 51 0.580
508 376 47 59 0.574
567 115 22 26 0.560
211 10 14 18 0.559
457 112 26 30 0.557
773 155 29 32 0.557
97 526 49 64 0.552
660 527 69 80 0.543
169 74 20 24 0.543
409 92 20 28 0.537
316 193 24 34 0.531
301 102 25 33 0.527
371 203 37 42 0.521
739 26 17 22 0.520
37 77 25 30 0.517
667 63 26 30 0.516
187 113 25 31 0.513
405 64 17 24 0.502
817 73 22 26 0.494
476 30 19 21 0.489
920 97 18 24 0.489
401 429 44 60 0.486
66 63 22 26 0.485
780 54 19 26 0.485
201 627 44 57 0.439
265 146 23 29 0.431
716 74 16 21 0.425
75 182 36 34 0.418
692 302 31 39 0.416
641 234 26 37 0.414
71 193 38 39 0.414
801 123 28 31 0.405
856 50 19 24 0.403
819 106 27 32 0.374
459 263 32 45 0.370
472 56 21 29 0.366
750 56 17 22 0.354
21 77 17 26 0.352
573 190 34 39 0.350
190 55 19 25 0.338
1012 287 12 58 0.338
245 393 45 55 0.336
17 52 19 22 0.321
69 8 18 20 0.309
968 0 13 15 0.289
308 50 14 20 0.286
213 502 49 66 0.279
638 134 23 27 0.274
271 246 42 45 0.265
119 66 18 27 0.259
234 5 12 18 0.259
334 35 15 20 0.258
210 94 20 25 0.254
279 168 30 33 0.248
757 12 13 17 0.246
466 29 15 21 0.239
816 177 23 32 0.222
588 106 22 26 0.213
719 11 12 16 0.200
786 11 13 19 0.193
292 93 22 31 0.191
347 207 29 34 0.191
71 44 20 22 0.189
24 408 48 58 0.178
0 28 10 19 0.176
42 375 43 53 0.166
355 114 23 27 0.155
560 106 24 28 0.139
691 64 15 21 0.137
880 81 18 24 0.137
773 129 27 29 0.136
402 172 37 46 0.119
471 71 20 28 0.118
249 180 36 43 0.113
786 126 31 32 0.112
113 64 19 26 0.112
614 58 17 19 0.112
333 666 43 28 0.112
860 35 16 19 0.104
595 44 14 19 0.095
65 30 17 19 0.091
247 279 50 62 0.088
827 305 32 42 0.087
807 117 27 33 0.086
766 11 15 18 0.082
0 120 14 24 0.078
776 97 22 25 0.075
24 55 20 23 0.073
966 7 14 18 0.070
106 65 18 23 0.069
524 374 49 55 0.067
66 14 18 22 0.064
825 1 12 14 0.062
644 302 33 41 0.060
129 7 16 20 0.059
319 252 28 39 0.058
122 11 14 20 0.057
936 -1 13 12 0.057
280 36 15 19 0.056
915 22 15 19 0.055
820 190 28 35 0.054
175 7 15 19 0.054
362 219 41 41 0.051
101 41 15 20 0.051
129 117 20 25 0.050
125 9 16 20 0.050
537 153 29 34 0.048
969 14 14 20 0.047
687 269 38 38 0.046
120 15 12 17 0.045
182 54 16 20 0.043
906 46 15 20 0.042
677 206 29 30 0.042
784 29 15 19 0.041
36 139 34 42 0.040
167 132 26 29 0.039
785 41 16 23 0.039
935 60 17 21 0.038
1016 287 8 41 0.037
1004 294 20 58 0.037
741 66 25 31 0.037
109 47 16 23 0.036
126 111 19 26 0.036
66 5 17 19 0.035
0 35 10 20 0.034
363 115 21 27 0.033
408 239 41 57 0.030
630 303 38 47 0.029
960 37 15 21 0.029
831 187 28 36 0.028
540 303 32 43 0.028
709 72 19 22 0.028
497 169 35 45 0.027
451 123 26 32 0.027
707 165 26 30 0.027
198 59 16 22 0.026
679 264 31 35 0.026
749 -1 14 14 0.026
908 41 14 19 0.026
447 130 21 27 0.025
822 79 25 27 0.025
930 62 17 23 0.025
170 53 15 18 0.025
134 358 49 64 0.024
409 61 17 23 0.024
545 377 40 51 0.024
464 154 26 32 0.024
819 323 34 50 0.023
690 16 12 14 0.023
249 410 42 53 0.022
1008 312 15 48 0.022
165 149 31 35 0.022
60 60 18 23 0.021
691 11 14 15 0.021
477 64 22 29 0.021
746 52 18 20 0.021
593 96 26 29 0.020
121 47 16 24 0.020
152 14 12 19 0.020
146 16 14 19 0.019
964 33 12 20 0.019
657 36 15 20 0.018
462 57 16 23 0.018
127 69 18 24 0.018
818 101 23 27 0.018
993 47 15 23 0.017
302 52 17 21 0.017
407 223 32 39 0.016
660 292 31 39 0.016
238 5 14 19 0.015
218 213 29 32 0.015
888 6 13 16 0.015
930 -1 13 13 0.015
0 15 11 17 0.014
924 100 18 25 0.014
785 1 13 17 0.014
324 246 32 40 0.013
785 57 20 26 0.013
679 537 63 80 0.013
343 260 68 82 0.013
495 2 15 15 0.013
464 123 25 31 0.013
670 252 36 37 0.013
144 126 34 44 0.013
175 21 17 22 0.013
767 129 22 26 0.012
983 50 18 25 0.012
167 10 15 17 0.012
622 291 27 41 0.012
369 435 62 64 0.012
460 246 33 45 0.012
915 101 20 25 0.012
201 268 32 49 0.012
116 41 16 21 0.011
7 138 33 44 0.011
585 199 31 34 0.011
340 49 19 26 0.011
716 6 19 24 0.011
309 110 20 27 0.010
814 338 34 49 0.010
292 106 24 30 0.010
112 503 52 73 0.010
