2_Demonstration_Demonstration_Or_Protest_2_420
371
476 160 37 44 0.790
403 231 53 78 0.785
310 167 29 45 0.762
597 166 30 50 0.739
811 181 31 44 0.735
210 268 34 54 0.725
0 294 47 57 0.717
719 160 32 45 0.711
908 111 15 19 0.700
554 239 41 55 0.695
111 275 49 73 0.689
515 141 25 35 0.684
419 131 24 32 0.655
72 182 24 43 0.643
641 123 25 33 0.642
211 147 23 31 0.618
372 169 27 37 0.617
258 166 21 32 0.609
387 212 31 42 0.598
980 185 30 41 0.595
745 266 37 65 0.589
977 130 21 27 0.584
18 143 24 33 0.582
574 157 23 39 0.557
771 121 18 23 0.538
631 103 14 20 0.533
840 163 29 50 0.525
115 152 21 32 0.512
910 169 26 29 0.511
694 135 22 30 0.481
603 103 13 18 0.470
656 268 44 60 0.468
989 144 24 31 0.466
30 119 20 24 0.443
64 134 20 30 0.425
860 117 15 16 0.423
1007 97 12 14 0.419
167 103 10 13 0.416
231 100 13 19 0.404
951 99 9 13 0.398
201 124 18 23 0.381
197 197 27 39 0.354
4 133 15 22 0.352
823 113 14 15 0.352
391 131 17 26 0.345
260 131 15 22 0.337
759 109 11 12 0.335
917 94 13 14 0.324
102 100 12 13 0.317
798 126 16 24 0.317
589 163 28 48 0.316
974 110 15 17 0.316
408 103 11 16 0.312
139 127 17 21 0.312
930 210 35 44 0.304
575 89 9 11 0.298
921 237 36 59 0.290
464 92 8 12 0.288
972 114 15 19 0.277
304 100 12 19 0.268
307 253 38 47 0.253
542 122 13 21 0.246
462 107 13 17 0.244
884 93 8 11 0.238
826 310 51 48 0.236
511 87 9 11 0.231
733 135 18 24 0.223
516 110 13 18 0.219
707 95 9 10 0.216
371 95 12 14 0.205
933 107 11 15 0.200
1010 112 12 16 0.194
191 103 10 14 0.192
443 107 12 15 0.184
173 199 26 37 0.182
0 172 18 32 0.181
859 96 10 13 0.181
1008 106 13 17 0.165
927 98 10 13 0.164
705 118 14 16 0.158
227 99 13 16 0.157
224 98 11 15 0.152
528 99 8 9 0.152
1 83 7 9 0.151
201 86 8 9 0.150
933 146 19 22 0.150
970 119 14 18 0.149
780 89 7 8 0.148
768 91 7 9 0.146
388 100 13 16 0.143
752 95 8 10 0.142
153 140 18 24 0.136
736 105 10 12 0.135
982 109 16 19 0.133
873 88 7 9 0.132
125 95 10 12 0.130
165 101 9 13 0.125
244 119 13 19 0.124
788 113 13 14 0.120
547 108 13 15 0.118
901 74 7 8 0.110
970 110 13 15 0.110
254 78 6 8 0.110
489 116 11 16 0.109
70 138 19 31 0.109
968 89 8 10 0.105
391 98 11 14 0.104
409 110 14 18 0.104
1015 84 8 10 0.104
603 89 7 9 0.103
267 99 9 10 0.102
546 112 14 19 0.097
669 89 8 8 0.097
202 151 22 30 0.094
482 277 40 58 0.092
0 218 16 54 0.090
726 84 7 8 0.090
137 124 14 18 0.088
888 127 14 18 0.088
309 106 13 20 0.088
857 77 7 8 0.088
411 106 13 16 0.083
838 150 23 39 0.082
766 78 6 7 0.082
494 95 9 12 0.082
672 87 7 9 0.082
171 103 10 13 0.081
204 105 12 14 0.080
262 122 15 22 0.080
953 339 63 63 0.080
887 94 9 11 0.077
777 88 7 8 0.077
181 121 13 20 0.076
650 74 6 7 0.076
780 143 17 23 0.076
728 84 7 9 0.076
934 109 13 17 0.075
321 80 7 10 0.073
258 124 14 21 0.073
803 124 18 22 0.073
749 277 44 70 0.073
141 103 10 14 0.072
981 94 11 12 0.072
386 130 17 25 0.070
386 82 7 8 0.069
465 103 10 14 0.069
481 119 14 17 0.069
56 127 18 25 0.068
508 126 13 18 0.067
730 84 6 7 0.066
702 95 8 10 0.066
750 95 7 9 0.065
108 153 21 28 0.065
460 90 7 10 0.064
481 84 7 9 0.064
796 90 8 9 0.063
74 103 11 13 0.061
879 76 7 8 0.061
588 76 6 7 0.060
724 84 6 7 0.060
458 123 15 21 0.059
123 91 7 10 0.059
412 65 6 8 0.058
283 94 9 11 0.058
984 92 9 11 0.058
197 86 9 10 0.057
788 78 6 7 0.057
697 116 12 15 0.057
270 96 10 13 0.057
479 82 7 8 0.055
702 122 14 19 0.055
657 260 35 49 0.054
101 80 6 8 0.054
226 85 7 8 0.053
673 109 11 14 0.053
41 97 9 12 0.053
17 95 7 9 0.052
507 77 6 8 0.051
41 121 19 23 0.051
931 76 7 8 0.050
163 90 8 9 0.050
142 132 19 24 0.049
52 78 6 7 0.049
439 69 5 6 0.049
281 92 8 10 0.049
461 92 9 11 0.048
484 86 8 10 0.048
71 101 9 11 0.048
25 105 10 13 0.047
143 91 8 10 0.047
504 76 6 7 0.047
704 82 6 7 0.046
757 93 7 8 0.046
997 160 26 34 0.045
299 79 6 8 0.045
590 77 6 7 0.045
0 163 12 26 0.044
615 96 10 12 0.043
492 110 10 15 0.043
193 107 13 18 0.043
274 94 9 10 0.043
145 89 7 9 0.042
122 106 11 13 0.042
437 106 12 14 0.041
698 111 10 14 0.041
781 91 10 12 0.040
427 94 8 12 0.040
20 106 11 12 0.040
775 89 9 10 0.040
487 118 16 18 0.040
573 126 15 19 0.039
19 72 6 7 0.038
224 84 6 7 0.038
980 80 7 8 0.037
951 100 13 17 0.037
176 78 6 7 0.037
438 109 14 17 0.037
996 87 9 10 0.036
62 128 17 25 0.036
475 87 9 10 0.035
965 88 9 10 0.035
652 73 5 6 0.035
196 84 7 9 0.035
4 178 24 33 0.034
180 91 7 8 0.034
935 155 20 23 0.034
725 110 10 13 0.034
1 104 8 14 0.033
125 104 12 14 0.033
5 119 14 21 0.033
799 89 6 9 0.033
812 121 19 24 0.033
250 79 7 8 0.033
2 84 8 11 0.032
691 86 7 8 0.032
670 90 9 11 0.032
615 95 7 10 0.032
983 79 7 9 0.032
122 80 6 7 0.032
97 81 8 8 0.031
552 104 10 12 0.031
401 138 19 27 0.031
693 84 6 7 0.031
178 91 8 11 0.031
670 83 6 8 0.030
158 82 6 7 0.029
389 86 8 10 0.029
409 65 6 7 0.029
555 83 6 7 0.029
964 133 14 20 0.029
648 73 5 6 0.029
65 81 7 8 0.029
557 86 7 8 0.029
86 77 6 7 0.028
97 102 11 13 0.028
204 85 7 8 0.028
999 111 15 17 0.028
502 85 9 10 0.028
362 82 7 10 0.028
425 75 6 7 0.028
295 83 8 10 0.028
978 85 9 11 0.027
854 118 14 16 0.027
26 81 7 8 0.027
106 268 42 58 0.027
297 80 9 11 0.026
37 99 10 12 0.026
96 80 6 8 0.025
290 110 11 15 0.025
269 132 16 21 0.025
561 150 15 24 0.024
292 115 11 18 0.024
265 109 11 14 0.024
324 81 9 11 0.024
361 80 6 8 0.024
816 112 13 15 0.023
958 76 6 8 0.022
599 87 7 9 0.022
322 131 18 26 0.022
861 80 8 10 0.022
855 111 12 13 0.022
692 143 20 26 0.021
677 112 12 14 0.021
933 227 42 59 0.021
900 73 7 7 0.021
902 144 16 22 0.021
642 80 7 7 0.021
426 92 8 10 0.020
961 76 6 8 0.020
804 168 22 32 0.020
540 86 7 8 0.020
316 80 8 9 0.020
312 66 6 7 0.019
927 258 41 60 0.019
381 65 5 6 0.019
314 66 6 6 0.019
60 137 17 26 0.019
442 72 5 7 0.019
681 76 6 6 0.019
362 89 10 12 0.019
543 81 6 7 0.019
751 77 5 7 0.019
289 74 6 8 0.018
631 79 6 6 0.018
405 75 6 8 0.018
589 97 10 13 0.018
820 110 20 24 0.018
678 100 9 11 0.017
423 69 5 7 0.017
25 76 6 8 0.017
351 78 7 9 0.017
727 116 12 17 0.017
230 83 7 7 0.017
856 114 21 25 0.016
605 74 5 7 0.016
855 126 18 23 0.016
791 80 8 9 0.016
161 176 24 33 0.016
764 78 8 9 0.016
196 214 35 51 0.016
934 161 20 25 0.016
176 120 14 19 0.016
456 128 15 22 0.016
929 78 9 10 0.016
310 77 6 8 0.015
370 62 5 6 0.015
664 85 7 8 0.015
209 235 31 44 0.015
980 129 33 45 0.015
562 82 6 7 0.014
850 69 6 7 0.014
287 115 12 17 0.014
573 130 17 23 0.014
852 91 7 10 0.014
567 91 9 11 0.014
699 122 21 29 0.014
899 190 27 38 0.014
698 85 8 9 0.014
158 137 16 22 0.013
98 150 21 27 0.013
1001 80 6 8 0.013
555 106 10 12 0.013
125 78 6 7 0.013
837 146 17 26 0.012
884 102 9 12 0.012
53 77 9 10 0.012
143 124 16 21 0.012
492 70 5 6 0.012
78 180 28 43 0.012
757 121 17 21 0.012
582 103 9 11 0.012
527 74 5 6 0.012
962 136 14 21 0.012
605 58 5 6 0.012
379 68 5 6 0.012
905 147 18 24 0.011
633 69 5 6 0.011
353 119 15 21 0.011
288 71 5 7 0.011
467 75 6 7 0.011
90 149 21 26 0.010
853 140 20 25 0.010
758 67 5 6 0.010
658 105 11 14 0.010
604 61 5 6 0.010
986 137 21 27 0.010
795 65 6 5 0.010
144 75 5 6 0.010
159 147 17 21 0.010
746 51 5 5 0.010
554 70 5 6 0.010
