2_Demonstration_Protesters_2_12
30
636 350 53 67 0.831
372 315 52 72 0.825
21 349 55 65 0.822
396 263 40 47 0.816
921 326 52 67 0.816
292 278 53 66 0.807
47 300 58 72 0.806
683 276 44 57 0.798
828 330 47 61 0.787
175 297 55 64 0.784
594 307 49 57 0.780
769 286 40 47 0.762
486 308 53 64 0.743
413 331 47 62 0.739
643 311 47 55 0.652
667 583 29 55 0.494
1010 309 14 55 0.481
820 288 33 37 0.420
770 336 41 46 0.342
718 299 25 41 0.187
244 304 34 44 0.099
334 316 34 41 0.096
217 281 30 39 0.092
911 306 35 46 0.066
0 342 18 49 0.028
143 317 32 38 0.028
67 313 49 56 0.023
116 329 32 39 0.021
1011 329 14 41 0.012
491 359 35 37 0.011
