2_Demonstration_Protesters_2_460
35
805 178 38 48 0.829
274 230 40 53 0.825
639 57 43 50 0.814
483 237 35 42 0.809
884 203 29 38 0.780
789 69 30 37 0.768
484 97 37 45 0.768
163 81 19 23 0.758
73 86 28 37 0.756
841 68 28 35 0.751
34 65 28 32 0.745
132 74 19 20 0.704
707 64 22 30 0.703
438 76 20 22 0.662
280 73 15 19 0.631
957 93 20 34 0.624
997 90 13 17 0.610
751 93 12 14 0.436
0 67 10 22 0.294
975 74 10 13 0.159
144 190 26 33 0.148
237 106 5 6 0.043
939 204 11 18 0.037
959 82 13 20 0.035
248 112 5 6 0.028
251 113 6 6 0.028
921 78 8 10 0.027
919 80 8 10 0.026
245 110 6 7 0.023
954 79 17 31 0.018
916 80 10 12 0.015
999 87 11 15 0.012
0 88 5 21 0.012
918 78 8 9 0.011
248 114 6 7 0.010
