2_Demonstration_Protesters_2_884
31
936 428 88 134 0.851
365 84 21 29 0.755
526 153 30 37 0.751
584 91 25 26 0.739
885 177 38 44 0.732
699 44 23 32 0.702
33 76 22 25 0.593
665 258 26 55 0.589
292 96 14 22 0.555
201 88 14 23 0.472
141 249 38 43 0.444
514 213 35 40 0.412
1015 138 9 34 0.246
868 158 26 32 0.206
8 356 32 45 0.119
0 71 13 30 0.070
81 76 14 17 0.063
14 156 30 38 0.059
156 249 33 42 0.052
413 352 35 40 0.043
197 89 13 21 0.038
284 529 46 97 0.026
0 80 9 25 0.025
156 98 20 20 0.023
1015 126 9 35 0.021
131 256 39 44 0.017
551 67 16 16 0.016
816 114 18 22 0.016
718 192 30 31 0.014
865 151 36 46 0.011
30 84 22 26 0.010
