2_Demonstration_Demonstrators_2_689
25
123 310 40 55 0.825
350 322 80 82 0.814
184 257 33 54 0.768
294 245 40 52 0.700
1 246 19 24 0.687
255 226 20 25 0.641
147 235 17 21 0.580
173 230 17 22 0.543
86 236 16 18 0.515
214 210 17 20 0.506
349 193 18 22 0.492
313 209 20 23 0.426
49 257 16 19 0.365
40 238 12 15 0.280
211 207 16 20 0.204
317 212 21 25 0.037
224 210 15 19 0.029
253 207 16 19 0.029
315 202 18 21 0.029
254 215 18 21 0.028
39 243 12 15 0.026
35 295 27 29 0.021
67 217 11 14 0.016
149 228 15 19 0.013
80 234 14 18 0.012
