2_Demonstration_Political_Rally_2_695
316
765 553 58 80 0.838
327 474 41 46 0.797
314 533 43 51 0.784
9 431 44 49 0.781
498 374 34 42 0.765
406 373 37 44 0.763
17 269 27 29 0.756
438 344 32 37 0.756
963 646 61 44 0.755
423 469 37 47 0.750
583 365 32 44 0.742
296 424 38 40 0.722
1 381 36 43 0.720
525 455 40 50 0.717
174 437 41 53 0.696
358 418 38 44 0.694
136 396 38 41 0.693
103 234 21 26 0.689
44 240 28 29 0.680
806 226 24 30 0.676
106 359 35 43 0.672
687 183 19 22 0.658
404 296 29 35 0.654
168 212 22 26 0.643
659 206 18 25 0.624
22 122 16 19 0.619
190 225 24 28 0.617
58 131 17 20 0.614
2 17 17 19 0.605
141 128 15 18 0.596
228 348 28 39 0.591
965 92 14 16 0.583
816 295 22 30 0.580
807 174 19 23 0.561
16 225 21 26 0.561
158 256 25 26 0.561
883 477 31 40 0.559
471 94 14 15 0.557
704 197 18 24 0.506
612 575 44 57 0.498
882 358 22 32 0.492
60 59 15 16 0.492
674 477 43 54 0.484
396 527 39 43 0.483
1009 102 12 15 0.471
696 239 21 29 0.458
685 148 16 20 0.437
120 660 54 24 0.437
218 318 25 31 0.427
464 83 10 12 0.425
608 200 17 23 0.423
349 315 31 40 0.420
567 326 25 33 0.418
267 248 20 25 0.418
641 189 15 19 0.407
958 128 13 16 0.405
0 496 14 56 0.405
639 170 14 18 0.388
69 461 34 46 0.354
134 111 14 16 0.348
62 223 22 26 0.343
794 194 17 21 0.335
813 269 21 27 0.335
269 157 17 20 0.324
211 267 19 25 0.322
192 450 42 51 0.309
281 405 32 37 0.309
610 128 12 13 0.297
758 509 28 42 0.277
191 140 16 19 0.277
428 646 31 37 0.268
471 46 9 11 0.244
252 185 22 24 0.241
482 338 24 36 0.215
857 176 17 18 0.199
587 186 15 20 0.190
977 117 14 17 0.187
416 47 8 10 0.185
130 112 14 17 0.174
321 326 30 35 0.156
498 467 32 37 0.151
576 157 13 16 0.148
153 302 25 30 0.147
587 166 14 18 0.146
217 131 14 16 0.145
238 99 11 15 0.141
405 21 9 10 0.132
311 603 33 42 0.127
477 597 34 57 0.127
197 113 13 14 0.124
259 147 14 17 0.117
265 141 14 17 0.116
116 87 13 18 0.114
808 486 27 33 0.112
342 6 8 9 0.106
0 203 9 20 0.104
494 510 33 40 0.103
291 192 15 23 0.102
463 291 26 24 0.100
409 -1 8 7 0.099
901 527 42 52 0.097
402 -1 7 7 0.094
124 146 16 18 0.090
588 172 14 19 0.086
145 263 25 28 0.086
236 355 30 42 0.083
87 139 16 16 0.081
627 155 13 18 0.080
455 352 36 44 0.080
404 20 7 10 0.077
82 135 15 17 0.074
573 159 13 18 0.074
724 284 16 20 0.073
424 9 8 10 0.068
169 7 11 12 0.067
252 88 11 14 0.066
251 372 29 40 0.066
464 43 10 12 0.065
187 359 29 33 0.065
0 94 5 19 0.063
330 0 8 8 0.062
141 207 17 22 0.061
120 120 12 14 0.061
144 540 43 47 0.059
538 309 27 29 0.058
330 260 22 28 0.058
168 595 45 60 0.057
142 269 21 26 0.057
202 460 40 46 0.056
94 528 33 43 0.056
471 64 9 11 0.056
335 2 9 10 0.054
244 93 13 16 0.054
188 268 21 27 0.054
48 135 17 20 0.054
87 19 11 13 0.052
468 14 7 10 0.051
196 117 14 16 0.050
134 520 40 43 0.050
462 42 9 10 0.050
176 115 11 13 0.049
219 50 10 12 0.049
162 556 35 44 0.047
790 449 25 35 0.047
86 222 17 21 0.046
54 130 15 18 0.045
680 113 10 12 0.045
43 136 16 18 0.044
112 274 21 29 0.044
203 137 16 18 0.042
89 144 15 17 0.042
105 127 13 15 0.041
287 416 34 39 0.040
301 331 29 33 0.040
718 284 16 20 0.039
255 147 12 16 0.038
344 7 10 10 0.037
453 71 9 10 0.037
441 25 9 11 0.037
381 0 7 9 0.036
262 152 16 19 0.035
112 655 43 28 0.035
650 125 13 15 0.035
101 69 12 14 0.035
564 167 14 20 0.035
664 176 14 18 0.035
270 150 16 20 0.034
121 278 24 29 0.034
243 121 11 16 0.034
771 133 13 17 0.034
279 248 19 25 0.034
750 175 17 21 0.033
855 261 19 25 0.033
497 296 24 25 0.032
709 286 19 23 0.032
105 68 11 13 0.032
437 3 7 9 0.032
730 115 12 15 0.032
881 198 17 23 0.032
112 525 43 48 0.032
55 59 14 15 0.031
255 193 20 23 0.031
455 -1 8 7 0.031
273 287 23 30 0.031
744 172 16 22 0.031
846 405 24 32 0.030
79 131 14 18 0.030
408 553 38 46 0.030
111 66 10 12 0.030
240 105 11 16 0.029
757 172 17 21 0.029
386 2 7 8 0.028
302 251 20 25 0.028
615 487 43 53 0.028
453 -1 7 7 0.028
679 145 16 19 0.027
715 161 14 20 0.027
3 583 25 44 0.027
121 29 9 10 0.026
275 243 18 25 0.026
323 259 21 26 0.026
594 500 45 53 0.025
597 83 12 14 0.025
92 339 28 34 0.025
876 195 18 22 0.025
666 486 40 54 0.024
85 95 12 15 0.024
297 247 18 23 0.024
861 179 16 19 0.023
733 113 11 15 0.023
452 67 9 11 0.023
190 51 10 11 0.023
181 39 9 11 0.023
169 439 31 45 0.022
113 125 14 17 0.022
630 152 14 18 0.022
114 283 21 27 0.021
-1 224 11 24 0.021
590 162 15 19 0.021
81 356 28 35 0.021
247 87 12 15 0.021
322 8 8 10 0.021
969 90 13 15 0.021
948 96 11 14 0.020
624 151 13 18 0.020
420 45 8 11 0.020
549 151 13 17 0.020
752 504 26 42 0.020
93 8 11 13 0.019
704 116 11 15 0.019
762 515 35 43 0.019
487 615 33 43 0.019
562 2 10 11 0.019
654 122 13 14 0.019
1017 66 7 13 0.019
719 163 17 21 0.018
169 116 11 15 0.018
637 171 19 25 0.018
186 46 10 12 0.018
112 259 19 24 0.018
779 133 15 18 0.018
823 294 21 28 0.018
337 259 22 28 0.018
245 358 31 45 0.018
689 479 38 46 0.017
716 155 15 20 0.017
735 172 16 21 0.017
83 99 13 16 0.017
264 143 19 23 0.016
158 617 53 47 0.016
361 5 8 9 0.016
459 40 9 10 0.016
990 100 11 14 0.016
246 128 12 16 0.016
643 128 12 15 0.016
277 299 22 29 0.016
2 341 23 35 0.015
772 173 15 20 0.015
96 68 11 14 0.015
429 12 10 11 0.015
112 57 11 15 0.015
77 110 13 16 0.015
328 3 10 11 0.015
674 147 13 16 0.015
200 109 12 15 0.014
594 84 11 14 0.014
0 481 11 55 0.014
831 221 19 25 0.014
483 55 8 11 0.014
67 218 19 23 0.014
377 1 10 10 0.014
702 237 20 25 0.014
554 147 12 16 0.013
854 182 16 19 0.013
331 325 31 35 0.013
407 536 40 46 0.013
49 120 13 15 0.013
623 198 15 20 0.013
120 645 49 45 0.013
740 168 16 22 0.013
296 2 8 8 0.012
585 155 14 18 0.012
39 214 16 18 0.012
561 5 10 12 0.012
59 212 21 24 0.012
425 12 8 10 0.012
87 130 15 17 0.012
493 457 31 42 0.012
984 95 10 13 0.012
477 88 11 13 0.012
107 283 20 26 0.012
184 38 10 12 0.012
686 113 12 14 0.012
701 112 12 14 0.012
695 119 13 16 0.012
161 37 10 12 0.012
680 281 19 25 0.012
729 285 17 20 0.012
630 493 35 47 0.011
695 470 35 43 0.011
1016 82 8 13 0.011
963 129 15 17 0.011
310 333 33 35 0.011
257 367 34 41 0.011
711 194 17 24 0.011
472 17 7 10 0.011
165 6 11 13 0.010
403 27 8 10 0.010
1015 69 8 14 0.010
754 169 14 21 0.010
121 31 11 13 0.010
703 288 19 22 0.010
487 585 40 60 0.010
773 515 40 46 0.010
45 36 10 14 0.010
557 654 36 28 0.010
