2_Demonstration_Demonstration_Or_Protest_2_120
264
3 488 84 76 0.859
965 581 53 50 0.814
995 479 29 35 0.804
822 511 29 38 0.788
661 442 28 30 0.771
484 292 22 26 0.758
901 507 40 45 0.752
934 472 29 32 0.751
470 254 19 24 0.738
891 393 20 23 0.737
818 392 18 20 0.736
935 426 25 23 0.733
959 397 16 17 0.728
716 427 23 28 0.727
862 417 23 24 0.708
917 391 18 20 0.702
721 560 37 38 0.700
837 386 15 16 0.693
504 266 19 23 0.692
982 417 25 25 0.685
724 394 16 19 0.684
911 373 17 18 0.684
883 354 13 15 0.677
747 376 17 18 0.667
774 360 14 16 0.662
798 377 17 18 0.649
980 368 17 18 0.647
919 340 12 15 0.646
988 339 14 16 0.641
869 389 15 16 0.634
360 281 15 18 0.632
961 347 15 17 0.632
290 297 15 17 0.631
120 294 14 16 0.628
275 286 14 15 0.610
396 258 14 20 0.609
30 285 16 16 0.607
833 467 26 32 0.595
561 328 10 12 0.586
336 359 16 20 0.575
856 348 13 14 0.575
619 527 26 37 0.565
1002 370 13 16 0.565
759 324 11 14 0.559
808 322 10 12 0.538
715 354 14 15 0.536
724 336 11 12 0.516
0 300 12 14 0.514
692 361 13 15 0.506
778 337 12 13 0.494
749 360 14 16 0.481
899 340 10 12 0.427
582 332 13 16 0.416
524 271 11 14 0.405
789 340 10 12 0.402
15 289 8 10 0.400
872 310 7 9 0.397
209 416 24 31 0.381
895 327 11 11 0.377
814 362 12 14 0.368
347 291 11 14 0.362
765 355 12 14 0.335
563 309 8 10 0.333
793 305 8 10 0.321
513 267 17 20 0.316
711 322 9 11 0.298
784 313 7 9 0.289
738 327 9 11 0.285
758 357 13 15 0.279
829 318 7 9 0.277
855 329 9 10 0.255
583 307 7 9 0.253
944 337 9 12 0.253
247 276 7 9 0.249
848 337 9 11 0.246
319 290 10 14 0.231
81 285 9 10 0.225
594 353 13 15 0.224
589 353 14 18 0.223
324 276 8 9 0.219
527 279 10 14 0.207
856 300 7 8 0.204
115 281 8 10 0.203
883 300 6 7 0.195
839 303 7 8 0.192
824 355 11 12 0.187
205 280 11 14 0.183
176 299 13 14 0.182
762 295 6 7 0.181
830 320 8 9 0.165
887 352 12 14 0.164
714 303 7 8 0.159
870 353 10 13 0.155
819 359 11 13 0.152
813 344 10 12 0.148
938 326 8 9 0.146
322 287 9 11 0.146
228 271 10 11 0.145
741 297 6 7 0.145
875 354 11 14 0.144
4 298 11 14 0.140
326 278 8 9 0.140
845 320 7 9 0.139
758 310 6 8 0.137
200 279 9 11 0.135
843 322 8 10 0.131
749 318 7 9 0.130
818 309 7 9 0.129
103 292 12 13 0.129
935 328 9 9 0.125
734 326 9 12 0.123
223 270 11 13 0.122
815 309 6 8 0.119
845 338 9 12 0.118
931 328 9 10 0.116
1019 331 5 13 0.112
786 310 9 10 0.111
594 297 6 8 0.109
322 276 7 8 0.107
741 306 6 8 0.106
262 277 8 11 0.101
714 322 8 10 0.100
586 359 16 21 0.099
781 312 8 9 0.098
221 269 9 11 0.097
595 300 6 8 0.096
334 280 8 10 0.095
571 289 6 6 0.095
593 298 8 10 0.094
954 294 5 7 0.091
151 274 6 8 0.091
741 328 8 10 0.091
943 293 5 7 0.090
819 366 13 15 0.089
871 349 10 13 0.088
799 571 40 49 0.088
1018 349 6 15 0.088
262 407 26 39 0.087
255 277 8 9 0.085
64 287 9 10 0.084
208 283 11 13 0.079
241 275 11 10 0.075
828 360 12 14 0.069
23 268 7 9 0.069
789 297 6 7 0.068
896 341 10 11 0.066
151 294 9 11 0.066
554 289 5 6 0.065
153 274 6 7 0.063
133 268 6 7 0.062
11 278 6 9 0.062
98 273 7 8 0.062
767 404 18 21 0.060
570 288 5 7 0.059
164 273 6 7 0.056
874 311 7 8 0.055
60 286 9 10 0.055
146 294 10 11 0.055
738 299 5 7 0.054
982 338 11 13 0.054
962 450 19 22 0.053
711 301 8 10 0.053
533 286 7 9 0.052
553 350 11 14 0.051
588 309 7 9 0.050
698 335 9 11 0.049
50 280 8 11 0.049
815 295 6 6 0.048
580 363 14 20 0.047
133 271 6 7 0.046
218 272 11 12 0.045
528 282 12 15 0.043
80 283 12 14 0.041
258 355 17 20 0.039
938 342 9 10 0.039
256 265 6 7 0.038
339 280 7 8 0.038
778 302 7 8 0.038
139 292 9 11 0.036
137 313 13 17 0.036
181 298 12 14 0.035
139 269 6 7 0.034
297 276 6 8 0.033
718 301 6 7 0.033
1018 432 6 19 0.033
103 272 6 7 0.032
791 296 6 7 0.032
695 337 10 13 0.032
94 301 13 14 0.031
460 247 10 13 0.031
12 275 9 10 0.031
91 304 13 15 0.030
530 278 7 10 0.029
297 272 6 7 0.027
907 349 11 13 0.027
244 274 12 14 0.027
173 295 9 12 0.026
538 292 7 8 0.026
595 279 5 6 0.026
837 362 11 14 0.026
1 272 6 8 0.025
442 251 7 8 0.025
200 350 14 19 0.024
82 270 6 6 0.024
792 473 24 28 0.024
1016 392 8 19 0.024
597 312 6 9 0.024
607 282 5 6 0.023
1012 301 7 8 0.023
305 375 15 20 0.022
943 292 8 9 0.021
993 341 12 13 0.021
759 298 8 9 0.021
541 268 5 7 0.021
153 292 10 12 0.020
849 300 6 7 0.019
521 270 18 23 0.019
615 312 6 7 0.019
206 268 7 8 0.019
205 290 10 12 0.019
422 267 9 13 0.019
264 354 15 20 0.018
927 365 12 15 0.018
63 290 10 12 0.018
609 290 5 6 0.018
1014 299 6 8 0.017
893 473 23 27 0.017
610 281 5 6 0.017
310 297 10 12 0.017
63 262 5 7 0.017
979 336 9 11 0.016
156 274 8 9 0.016
576 271 5 7 0.015
247 405 37 45 0.015
183 278 6 9 0.015
446 282 11 14 0.015
577 270 5 6 0.015
604 286 5 7 0.015
188 267 6 6 0.014
159 306 9 12 0.014
928 326 8 9 0.014
710 371 15 17 0.014
110 267 6 6 0.014
418 265 11 16 0.014
169 303 12 13 0.014
859 270 5 6 0.014
703 281 4 5 0.013
1016 404 8 19 0.013
207 411 36 44 0.013
629 312 6 7 0.013
202 270 6 8 0.013
706 279 5 5 0.012
624 533 28 36 0.012
581 305 11 14 0.012
228 407 39 45 0.012
595 275 5 6 0.012
824 447 24 23 0.011
96 275 9 10 0.011
735 375 12 16 0.010
1013 294 5 6 0.010
744 644 33 37 0.010
461 243 13 18 0.010
929 369 11 14 0.010
999 381 13 17 0.010
