2_Demonstration_Political_Rally_2_867
126
926 513 44 51 0.771
648 497 31 39 0.768
797 426 34 41 0.764
914 371 31 35 0.758
67 521 47 46 0.755
176 550 49 59 0.732
616 503 22 27 0.677
894 578 70 85 0.673
130 488 16 18 0.641
951 374 20 21 0.614
826 403 21 24 0.588
333 552 34 54 0.571
71 454 16 19 0.523
171 510 33 44 0.516
169 385 11 14 0.514
819 360 12 14 0.483
855 381 12 15 0.454
191 384 10 13 0.400
0 519 16 21 0.391
797 370 11 13 0.386
839 366 11 13 0.363
867 361 11 14 0.347
370 493 30 34 0.290
152 401 10 13 0.285
119 404 10 11 0.246
883 360 10 12 0.243
77 398 10 13 0.242
770 359 9 11 0.216
1001 367 15 17 0.185
168 439 14 21 0.182
46 423 12 14 0.181
51 419 13 14 0.156
769 375 10 12 0.146
125 522 19 23 0.139
877 359 11 12 0.116
9 398 10 11 0.112
836 368 11 12 0.101
724 378 11 15 0.100
162 440 15 21 0.088
7 400 10 12 0.088
29 399 8 10 0.081
43 425 12 14 0.079
984 356 8 10 0.078
67 451 17 19 0.075
727 376 10 12 0.070
860 381 12 14 0.066
742 374 9 11 0.062
1015 387 9 23 0.060
786 369 8 11 0.057
80 400 11 13 0.057
156 402 11 14 0.054
753 621 51 57 0.050
887 359 9 11 0.049
888 364 10 12 0.048
32 396 8 9 0.047
175 437 13 19 0.046
195 385 10 12 0.046
889 396 17 17 0.046
16 399 10 11 0.044
93 393 9 11 0.043
115 513 17 23 0.042
0 418 8 13 0.042
773 375 10 12 0.041
411 500 30 42 0.037
1011 382 13 20 0.035
730 421 15 24 0.034
954 352 9 10 0.033
386 490 39 48 0.033
858 605 89 67 0.031
0 599 12 64 0.029
831 629 93 53 0.028
802 370 11 13 0.027
818 385 12 15 0.027
128 400 9 11 0.025
193 387 10 12 0.025
116 402 9 12 0.024
754 372 10 12 0.024
51 397 9 10 0.024
146 385 8 10 0.022
115 391 7 9 0.021
158 441 13 19 0.021
176 417 11 13 0.021
0 522 23 27 0.019
727 383 10 15 0.019
111 393 9 10 0.019
982 349 8 9 0.019
200 389 8 10 0.018
982 347 7 8 0.018
1007 385 14 21 0.017
1000 364 12 14 0.017
60 420 11 14 0.017
23 502 15 18 0.016
960 351 8 9 0.016
1014 345 7 10 0.016
734 405 14 19 0.016
359 515 34 50 0.016
724 424 17 23 0.015
37 397 8 9 0.015
738 384 11 16 0.015
1010 345 8 10 0.015
1014 397 11 26 0.015
919 586 51 66 0.015
201 414 9 13 0.014
173 443 14 18 0.014
118 506 15 19 0.014
167 486 14 20 0.013
802 354 8 9 0.013
998 365 20 25 0.013
726 369 10 12 0.013
173 515 22 29 0.013
977 358 9 11 0.013
118 406 11 13 0.012
162 431 13 18 0.012
14 509 17 20 0.012
956 358 10 12 0.012
170 487 18 23 0.012
819 395 18 18 0.012
61 511 40 43 0.011
298 502 20 22 0.011
908 350 8 9 0.011
130 403 11 13 0.011
411 517 31 51 0.011
157 408 10 14 0.011
882 398 17 20 0.010
329 543 27 49 0.010
124 489 15 18 0.010
