2_Demonstration_Demonstrators_2_425
284
790 427 65 77 0.861
431 565 68 100 0.843
562 464 43 58 0.832
635 392 35 46 0.800
699 313 19 23 0.794
788 302 39 49 0.793
223 422 39 51 0.788
354 433 47 60 0.782
16 473 45 49 0.775
578 386 27 34 0.741
403 369 18 24 0.730
864 304 28 34 0.716
486 368 20 24 0.714
701 375 29 33 0.708
726 335 25 27 0.697
613 304 13 16 0.695
616 331 18 22 0.689
987 345 39 78 0.679
203 403 22 28 0.671
796 271 17 21 0.654
643 305 12 15 0.639
110 379 15 19 0.639
527 330 18 22 0.632
772 312 18 24 0.628
47 431 22 27 0.628
138 375 13 17 0.621
253 368 14 19 0.610
660 305 16 20 0.597
92 378 14 17 0.588
621 389 17 23 0.574
289 349 10 13 0.559
866 272 23 25 0.555
577 331 14 18 0.554
739 303 14 17 0.554
448 349 16 21 0.554
362 341 9 12 0.540
46 399 17 24 0.536
484 315 9 12 0.527
516 315 11 13 0.525
940 262 15 20 0.483
16 372 11 13 0.477
960 354 47 65 0.473
401 347 12 17 0.455
393 336 12 16 0.452
454 411 26 35 0.435
467 344 13 17 0.421
710 278 10 13 0.412
581 295 9 11 0.410
591 308 12 14 0.407
279 365 13 16 0.405
709 300 11 12 0.358
382 324 9 11 0.358
155 422 17 20 0.357
346 392 25 26 0.350
362 324 8 11 0.330
169 395 15 19 0.330
776 267 9 11 0.328
156 351 9 10 0.327
125 421 22 29 0.323
453 320 9 13 0.321
281 418 20 29 0.304
213 347 8 10 0.286
270 334 7 9 0.274
98 378 14 18 0.271
191 355 9 13 0.268
200 386 15 20 0.253
260 347 9 11 0.242
696 281 8 9 0.239
233 366 11 15 0.229
845 282 15 18 0.222
541 313 11 12 0.202
83 357 8 11 0.198
17 397 15 20 0.193
510 346 13 17 0.190
268 347 9 11 0.189
191 360 11 15 0.189
1 378 8 18 0.189
737 269 8 9 0.179
45 378 11 14 0.178
448 316 10 12 0.175
132 349 9 10 0.170
172 367 10 13 0.169
445 313 8 11 0.167
630 297 9 11 0.166
333 330 9 10 0.164
284 356 12 15 0.162
199 330 6 7 0.156
734 281 9 10 0.148
230 356 9 11 0.143
395 340 12 16 0.142
489 296 7 9 0.138
345 358 12 14 0.136
852 283 16 20 0.129
169 368 11 15 0.126
85 445 27 34 0.126
553 302 7 10 0.117
379 322 9 11 0.116
506 329 10 13 0.112
172 345 7 9 0.111
183 334 5 7 0.110
264 373 13 16 0.106
135 351 9 10 0.104
111 352 7 10 0.104
641 292 8 9 0.101
652 288 7 10 0.099
828 274 8 12 0.099
162 337 6 8 0.096
425 312 7 9 0.096
315 354 11 14 0.095
287 422 21 27 0.094
576 312 10 12 0.093
191 345 7 8 0.092
555 306 8 10 0.090
457 320 9 13 0.089
429 325 9 11 0.089
937 309 20 25 0.086
366 313 6 8 0.085
464 409 28 33 0.084
472 346 16 19 0.082
194 368 12 16 0.081
233 345 8 11 0.078
290 332 6 8 0.078
345 388 19 23 0.077
509 340 12 16 0.075
169 346 8 9 0.075
707 276 9 11 0.074
561 290 7 8 0.074
443 312 8 10 0.073
609 288 7 8 0.073
415 316 8 10 0.073
172 489 31 40 0.073
350 395 26 31 0.072
990 334 35 52 0.069
226 328 7 9 0.067
413 315 7 9 0.064
399 321 8 10 0.063
559 315 9 12 0.061
522 302 8 9 0.060
911 279 11 13 0.059
513 351 14 17 0.058
161 394 14 18 0.058
509 303 8 9 0.057
256 373 16 19 0.054
365 320 8 10 0.053
669 271 7 8 0.053
421 316 8 10 0.052
391 322 9 10 0.052
792 269 26 29 0.052
747 261 6 8 0.051
416 325 9 11 0.050
609 285 7 8 0.050
312 355 11 14 0.049
611 290 8 8 0.048
335 361 12 15 0.047
823 259 8 8 0.046
177 341 6 8 0.046
502 289 7 8 0.046
1016 299 8 18 0.046
674 280 8 9 0.045
496 293 7 9 0.043
322 334 9 12 0.042
235 343 8 10 0.042
368 313 6 7 0.042
613 282 6 7 0.041
457 290 7 7 0.041
889 296 20 24 0.040
485 295 7 8 0.040
513 302 7 8 0.039
244 391 17 22 0.039
811 260 7 9 0.038
691 265 7 8 0.038
741 265 9 10 0.038
525 301 6 9 0.037
660 327 15 17 0.037
933 306 18 23 0.036
290 323 6 7 0.036
421 322 10 12 0.036
244 324 7 8 0.036
307 328 7 9 0.035
832 260 7 9 0.035
769 306 14 19 0.035
238 389 17 21 0.035
822 260 8 10 0.034
45 389 14 19 0.034
646 288 7 8 0.034
887 300 24 30 0.034
67 366 9 11 0.034
148 363 11 13 0.033
429 364 12 17 0.033
166 339 7 7 0.032
784 258 7 9 0.031
594 286 5 8 0.031
459 289 6 7 0.031
128 363 8 11 0.031
831 269 8 10 0.031
559 325 10 14 0.031
320 357 12 14 0.030
305 323 6 7 0.030
276 414 18 26 0.029
558 289 6 8 0.028
10 375 9 14 0.028
693 294 10 13 0.028
810 262 9 11 0.028
538 299 7 9 0.028
683 313 11 16 0.027
170 474 30 40 0.027
674 286 8 11 0.027
1002 331 19 35 0.027
631 283 6 8 0.026
37 406 16 23 0.026
374 344 9 12 0.026
229 366 11 14 0.025
403 315 7 9 0.025
642 273 5 7 0.025
901 289 16 20 0.025
669 288 9 11 0.025
194 337 8 10 0.025
3 447 20 28 0.025
695 279 11 13 0.024
489 343 13 17 0.024
304 322 6 7 0.024
252 393 17 22 0.023
616 278 6 7 0.023
50 375 10 12 0.023
926 296 15 18 0.023
772 266 12 14 0.022
130 428 21 26 0.021
14 462 31 43 0.021
314 346 10 13 0.021
295 427 19 24 0.020
234 356 9 12 0.020
685 267 8 8 0.020
775 264 8 10 0.019
748 259 6 8 0.019
473 299 7 10 0.019
243 320 6 8 0.019
908 279 10 12 0.019
736 306 16 18 0.019
844 288 15 20 0.019
1 397 7 21 0.018
507 348 18 23 0.018
326 326 6 9 0.018
868 258 7 7 0.018
825 260 9 11 0.018
746 369 19 25 0.017
94 366 10 12 0.017
741 372 19 25 0.017
660 275 6 7 0.016
721 271 8 10 0.016
168 466 27 36 0.016
358 321 6 8 0.015
213 346 12 14 0.015
904 305 21 25 0.015
448 418 23 30 0.014
680 320 12 16 0.014
755 300 12 14 0.014
873 278 18 22 0.014
131 348 12 14 0.013
370 388 17 21 0.013
826 274 13 16 0.013
734 265 8 9 0.013
468 297 7 9 0.013
554 291 9 10 0.013
749 362 24 29 0.013
837 263 8 10 0.012
28 414 17 20 0.012
220 536 33 66 0.012
822 278 11 13 0.012
507 319 9 10 0.012
279 407 17 25 0.012
787 257 7 8 0.012
685 265 6 7 0.012
855 288 16 22 0.011
877 656 30 25 0.011
31 422 14 19 0.011
865 237 6 7 0.011
824 324 18 22 0.011
462 293 8 9 0.011
439 299 6 9 0.011
62 370 11 13 0.011
420 336 10 14 0.010
537 385 21 22 0.010
350 412 27 40 0.010
566 331 14 17 0.010
