2_Demonstration_Political_Rally_2_637
27
1 384 34 48 0.823
736 97 46 77 0.819
725 403 34 43 0.780
159 387 39 57 0.753
278 353 39 49 0.724
454 364 33 55 0.626
660 399 25 35 0.618
907 399 23 33 0.596
366 404 31 42 0.456
616 343 28 40 0.454
791 381 26 34 0.450
264 422 46 56 0.407
841 369 27 36 0.275
602 341 30 42 0.193
951 653 12 18 0.073
589 347 36 46 0.028
0 342 14 40 0.024
842 357 25 33 0.020
810 394 29 36 0.018
767 397 17 25 0.018
288 411 28 50 0.017
673 396 21 32 0.016
899 398 25 31 0.016
956 656 12 17 0.015
852 384 21 27 0.013
51 421 19 30 0.011
786 390 22 27 0.010
