2_Demonstration_Demonstration_Or_Protest_2_79
66
900 624 29 34 0.768
865 568 16 21 0.665
605 564 12 14 0.645
641 573 12 16 0.641
817 520 12 14 0.605
691 508 10 12 0.568
702 538 12 13 0.563
743 610 16 20 0.481
673 561 12 16 0.441
649 519 8 11 0.425
536 595 9 12 0.416
572 584 10 12 0.409
662 568 11 15 0.372
762 640 23 29 0.345
703 562 11 13 0.295
739 552 12 16 0.292
986 653 28 24 0.271
554 590 9 11 0.257
635 622 15 17 0.234
754 497 9 11 0.227
729 549 10 14 0.170
689 549 8 11 0.155
569 586 10 13 0.115
765 561 12 17 0.104
694 543 10 12 0.086
688 582 12 17 0.080
961 551 16 22 0.077
756 518 9 12 0.075
772 649 27 26 0.072
964 619 27 31 0.070
858 473 9 10 0.063
706 536 11 15 0.062
942 590 21 24 0.054
724 660 14 16 0.051
532 595 9 12 0.051
842 554 13 16 0.047
728 586 10 13 0.045
810 184 16 19 0.045
850 557 10 14 0.042
706 564 12 15 0.039
850 559 14 17 0.029
759 517 9 12 0.025
699 566 12 16 0.022
758 640 17 22 0.022
967 552 17 23 0.021
991 542 18 24 0.021
708 561 10 13 0.020
852 507 8 11 0.020
778 53 26 21 0.019
748 608 17 20 0.019
602 564 10 14 0.018
751 527 10 14 0.017
572 636 14 16 0.016
821 587 13 17 0.016
751 497 8 12 0.015
956 551 15 21 0.014
777 655 28 22 0.014
786 41 26 26 0.014
836 552 12 16 0.014
893 653 20 23 0.013
1011 534 12 22 0.013
815 427 12 14 0.013
553 599 10 12 0.013
987 547 18 22 0.012
991 641 28 30 0.011
742 604 14 20 0.010
