2_Demonstration_Demonstration_Or_Protest_2_471
29
173 167 95 121 0.866
749 223 73 90 0.866
584 282 65 82 0.842
203 477 28 50 0.775
238 483 33 48 0.735
220 412 33 43 0.712
391 462 28 38 0.706
647 329 48 57 0.703
433 455 27 35 0.697
1009 274 15 67 0.679
620 497 28 37 0.679
429 259 48 85 0.664
415 513 28 40 0.652
373 517 26 39 0.615
270 436 26 41 0.591
93 154 50 92 0.584
450 510 28 40 0.578
589 493 28 33 0.550
619 449 25 30 0.433
472 462 24 34 0.303
484 510 27 39 0.257
818 446 27 35 0.194
471 410 22 34 0.155
235 308 40 48 0.074
641 343 44 53 0.065
252 374 31 44 0.061
457 505 32 45 0.054
397 216 49 61 0.012
468 444 33 47 0.010
