2_Demonstration_Protesters_2_476
58
411 374 45 59 0.799
274 380 44 57 0.797
110 381 50 57 0.772
770 358 22 27 0.725
685 381 22 32 0.723
188 412 27 36 0.720
920 373 24 29 0.711
21 337 24 47 0.705
101 315 38 39 0.695
334 376 25 30 0.631
203 360 24 29 0.410
448 378 27 41 0.338
66 318 8 10 0.301
880 374 17 23 0.298
168 333 6 8 0.220
388 417 23 29 0.204
367 393 28 30 0.196
192 355 11 13 0.168
338 413 27 34 0.162
195 332 6 8 0.135
179 341 8 10 0.111
207 337 7 8 0.099
262 362 26 31 0.090
882 380 19 25 0.078
624 396 20 27 0.069
312 402 23 31 0.067
174 339 9 10 0.050
786 466 22 31 0.038
240 339 7 8 0.038
223 339 7 8 0.037
918 407 18 25 0.035
618 399 19 25 0.035
754 371 17 23 0.031
632 395 17 24 0.030
207 334 6 7 0.025
536 345 6 8 0.024
677 371 19 23 0.023
156 338 7 10 0.021
152 337 5 7 0.020
651 377 15 21 0.020
70 331 8 10 0.020
632 355 7 7 0.019
172 370 17 18 0.018
19 450 17 29 0.017
132 175 7 7 0.016
61 334 8 10 0.016
76 333 8 10 0.016
652 382 17 23 0.014
858 394 18 26 0.013
238 340 8 10 0.013
134 344 12 18 0.012
738 397 15 19 0.012
657 378 16 22 0.011
363 400 21 26 0.011
856 389 17 24 0.011
159 333 6 8 0.011
279 338 7 8 0.011
62 336 9 10 0.010
