2_Demonstration_Political_Rally_2_410
138
634 449 95 113 0.875
249 499 73 86 0.852
4 526 64 76 0.849
856 417 39 48 0.829
505 491 39 51 0.815
469 456 36 40 0.805
352 430 43 47 0.802
562 515 41 66 0.801
727 474 51 59 0.801
181 491 51 61 0.767
808 447 20 23 0.730
117 421 20 25 0.715
509 427 19 23 0.704
607 433 18 24 0.663
831 427 17 21 0.639
932 448 29 35 0.638
9 416 31 34 0.624
955 425 20 22 0.600
152 413 13 17 0.541
329 420 9 10 0.525
564 419 12 18 0.478
122 401 12 13 0.461
1012 549 12 67 0.458
150 394 8 10 0.448
407 419 10 14 0.419
178 410 9 11 0.414
288 417 8 9 0.412
532 419 9 11 0.412
101 399 9 12 0.398
210 415 12 16 0.369
545 418 7 10 0.298
256 418 12 15 0.267
219 413 10 13 0.250
610 419 15 16 0.249
1010 413 8 10 0.238
253 415 10 14 0.235
461 421 8 10 0.184
267 400 6 7 0.172
67 411 11 15 0.171
32 383 15 16 0.162
179 396 7 7 0.154
90 430 14 19 0.138
55 407 12 15 0.128
1006 427 10 11 0.123
538 419 8 11 0.114
543 422 8 10 0.112
917 412 6 8 0.108
251 413 8 10 0.104
402 451 11 15 0.098
801 469 16 23 0.096
545 432 6 8 0.077
465 421 10 11 0.074
897 453 18 21 0.074
404 421 8 11 0.073
263 400 6 7 0.072
81 418 13 18 0.067
50 383 8 10 0.065
119 487 33 39 0.063
204 416 11 15 0.062
171 412 11 13 0.062
293 416 7 9 0.061
70 408 10 15 0.061
1008 419 9 12 0.060
744 415 17 20 0.056
39 383 12 13 0.056
388 413 8 11 0.054
214 417 13 15 0.054
315 408 6 7 0.053
550 417 6 8 0.051
288 437 14 18 0.050
257 398 6 7 0.050
1 399 8 19 0.047
208 399 6 8 0.044
981 409 7 9 0.041
1019 447 5 17 0.040
402 416 7 9 0.040
256 411 8 11 0.039
434 425 7 9 0.039
353 387 7 9 0.038
470 423 11 11 0.037
226 410 8 10 0.037
982 421 7 10 0.035
997 428 10 12 0.035
146 393 11 14 0.035
267 435 15 18 0.034
432 426 7 10 0.033
42 413 17 22 0.033
181 422 10 13 0.031
438 410 8 10 0.031
544 429 10 13 0.029
985 420 7 9 0.029
937 430 15 16 0.028
0 404 11 20 0.026
435 422 7 11 0.026
324 444 10 12 0.025
607 419 12 15 0.024
287 419 10 12 0.024
331 418 7 9 0.023
93 394 9 11 0.022
456 424 7 10 0.022
313 406 6 6 0.022
440 409 8 10 0.022
309 413 6 8 0.021
260 433 15 18 0.021
846 402 7 8 0.019
205 398 7 8 0.019
96 433 15 18 0.018
934 414 7 7 0.018
152 392 7 10 0.018
895 440 14 18 0.018
186 409 8 10 0.018
49 406 13 15 0.017
0 399 15 22 0.017
148 392 8 9 0.017
322 451 11 13 0.017
211 399 6 7 0.017
180 393 6 7 0.016
405 449 11 16 0.016
318 459 13 15 0.016
28 379 21 24 0.015
292 435 11 14 0.015
934 429 20 27 0.014
792 467 20 28 0.014
542 416 11 14 0.013
384 414 10 11 0.013
954 410 6 7 0.013
749 417 16 19 0.013
960 441 19 21 0.013
167 393 6 7 0.013
816 423 10 11 0.013
774 417 9 11 0.012
92 389 7 9 0.012
543 437 9 13 0.012
846 404 9 11 0.012
396 449 17 21 0.011
334 397 5 6 0.011
995 435 12 14 0.010
616 427 15 22 0.010
