2_Demonstration_Demonstration_Or_Protest_2_600
177
45 244 69 85 0.837
888 280 48 73 0.775
151 308 33 38 0.761
481 299 27 33 0.732
221 388 36 45 0.732
950 403 30 47 0.732
818 306 33 45 0.723
191 144 19 20 0.695
865 221 26 32 0.687
380 147 17 18 0.687
639 149 17 22 0.678
492 382 32 41 0.660
0 158 12 24 0.657
56 151 18 20 0.651
255 109 12 15 0.649
564 126 13 16 0.646
124 112 13 14 0.646
285 155 16 20 0.627
959 263 23 25 0.620
228 102 12 14 0.617
796 147 17 19 0.612
541 111 10 13 0.610
509 145 15 19 0.607
675 350 36 44 0.604
27 103 12 14 0.603
4 30 11 13 0.601
112 35 11 13 0.589
943 145 16 18 0.584
79 102 11 13 0.577
701 128 11 16 0.561
28 43 9 12 0.559
170 103 12 14 0.555
59 59 9 11 0.544
315 104 12 13 0.542
241 163 14 16 0.540
499 109 11 13 0.538
795 115 11 12 0.538
732 109 12 14 0.533
274 57 10 11 0.527
687 102 10 13 0.523
733 146 15 19 0.521
901 124 11 13 0.518
437 107 10 12 0.514
835 117 10 12 0.512
959 123 12 13 0.503
84 45 10 11 0.499
403 105 11 14 0.499
195 283 31 27 0.498
920 113 9 11 0.498
152 54 8 12 0.472
221 50 10 12 0.472
243 57 8 10 0.456
853 137 12 19 0.454
598 110 10 12 0.444
432 166 15 15 0.430
658 116 11 12 0.425
562 107 10 12 0.418
153 164 18 26 0.418
760 117 9 12 0.393
186 65 7 9 0.374
481 108 10 12 0.374
620 97 10 12 0.354
892 141 15 18 0.348
68 48 8 10 0.335
503 109 10 12 0.325
582 111 8 10 0.302
821 112 9 10 0.297
1001 85 11 15 0.289
885 109 7 10 0.289
634 110 8 11 0.276
774 120 9 11 0.260
302 95 7 10 0.235
36 160 14 17 0.235
454 113 8 9 0.205
242 74 10 10 0.181
918 156 14 15 0.179
407 104 10 13 0.176
483 166 16 16 0.162
343 314 23 26 0.161
371 112 9 11 0.140
430 61 9 11 0.138
334 94 7 9 0.137
307 99 11 12 0.133
43 156 16 19 0.131
977 118 8 11 0.124
407 227 12 14 0.122
708 108 8 11 0.121
770 117 10 12 0.113
730 131 13 18 0.105
1013 119 9 13 0.103
241 68 10 12 0.098
378 109 8 9 0.097
537 187 13 17 0.094
409 119 10 12 0.094
708 156 12 16 0.093
426 166 13 14 0.086
980 118 10 14 0.083
459 112 9 11 0.080
887 109 8 9 0.079
670 367 33 45 0.074
614 98 9 11 0.073
86 42 10 12 0.068
780 108 8 10 0.064
103 163 17 20 0.064
399 183 13 15 0.061
985 123 10 16 0.058
639 115 8 11 0.056
420 117 8 11 0.055
918 134 10 12 0.054
433 90 9 11 0.053
698 129 10 14 0.050
726 142 15 19 0.049
405 111 11 13 0.049
654 135 12 15 0.048
956 155 12 15 0.044
933 131 9 11 0.043
705 128 13 16 0.043
540 68 8 9 0.042
393 122 10 12 0.037
337 94 7 9 0.037
159 166 18 23 0.036
888 141 13 17 0.036
914 142 12 14 0.035
218 49 9 12 0.034
647 138 14 19 0.034
552 128 10 13 0.032
861 116 8 9 0.032
410 122 10 12 0.031
642 137 11 16 0.031
430 88 9 11 0.030
887 146 14 17 0.030
540 184 13 18 0.029
433 84 9 12 0.028
546 168 13 17 0.028
422 168 11 12 0.028
57 1 7 9 0.027
484 107 9 11 0.025
835 125 10 14 0.024
278 58 9 10 0.024
286 148 13 17 0.023
227 99 11 13 0.023
145 52 7 10 0.023
831 155 10 14 0.023
269 233 17 22 0.022
760 121 9 12 0.022
249 75 8 10 0.022
684 100 10 11 0.021
238 74 9 11 0.021
851 109 7 8 0.020
951 152 14 16 0.020
871 116 9 10 0.020
485 160 14 16 0.017
147 54 8 10 0.017
965 332 31 49 0.017
485 171 15 16 0.017
371 115 8 10 0.016
382 105 8 10 0.016
961 146 12 14 0.016
998 90 10 13 0.016
659 130 11 15 0.016
179 59 8 10 0.015
854 113 9 10 0.015
504 146 15 18 0.014
834 137 10 15 0.014
912 153 14 16 0.014
392 395 25 25 0.014
30 146 14 18 0.013
134 55 6 9 0.013
512 136 11 14 0.013
65 46 8 10 0.012
304 96 10 12 0.012
1018 136 6 16 0.011
980 125 10 14 0.011
27 98 10 13 0.011
620 94 9 11 0.011
171 107 11 14 0.010
142 383 36 40 0.010
