2_Demonstration_Protesters_2_531
1174
15 565 19 25 0.768
928 539 22 26 0.760
587 490 18 23 0.760
61 489 19 24 0.757
365 581 22 27 0.755
1003 577 20 27 0.753
162 642 21 25 0.749
919 480 19 25 0.745
124 537 20 26 0.743
959 236 13 17 0.743
767 537 20 25 0.741
295 649 21 27 0.741
456 508 18 24 0.738
571 548 20 24 0.737
280 325 15 20 0.736
618 432 19 24 0.736
108 581 19 25 0.735
979 433 19 24 0.734
644 477 18 22 0.733
121 471 18 22 0.727
282 497 19 23 0.725
141 619 19 25 0.725
227 648 21 26 0.725
879 537 20 26 0.721
171 509 18 23 0.720
25 517 19 21 0.720
115 507 21 24 0.720
748 486 19 24 0.720
990 388 18 21 0.718
616 300 14 20 0.717
315 489 18 24 0.715
21 433 16 21 0.711
414 520 19 26 0.711
408 475 17 22 0.711
842 262 15 18 0.710
82 457 18 25 0.710
664 541 18 26 0.710
895 405 17 22 0.708
192 430 16 22 0.705
517 461 19 21 0.703
627 388 16 19 0.702
495 444 16 22 0.700
974 297 15 18 0.699
157 470 17 23 0.698
655 314 14 18 0.696
348 412 17 22 0.695
430 413 17 19 0.695
602 454 18 23 0.695
23 471 17 21 0.693
479 425 17 20 0.692
246 472 17 22 0.692
785 436 17 22 0.692
233 488 19 23 0.692
696 321 14 18 0.690
845 410 17 22 0.690
795 391 15 19 0.687
356 478 17 19 0.686
962 421 16 21 0.682
399 506 17 21 0.682
867 460 18 22 0.681
466 479 19 23 0.681
95 423 16 20 0.680
868 247 14 16 0.679
247 371 14 19 0.679
752 360 15 20 0.678
91 277 14 18 0.676
72 314 13 18 0.676
501 313 15 18 0.676
777 283 12 17 0.675
585 326 13 17 0.675
836 311 14 18 0.674
796 266 14 17 0.673
38 352 15 20 0.673
50 370 15 20 0.673
997 644 20 28 0.672
266 275 13 16 0.672
750 419 16 21 0.672
684 472 17 22 0.672
279 434 17 22 0.672
136 300 14 18 0.668
0 602 12 28 0.667
412 229 12 15 0.667
592 259 14 18 0.666
499 283 14 18 0.665
12 412 16 22 0.665
903 362 16 20 0.663
784 485 17 22 0.663
607 327 15 20 0.663
571 305 14 18 0.662
801 287 13 18 0.662
117 319 13 17 0.662
94 238 13 17 0.662
973 218 13 17 0.661
960 311 14 19 0.661
241 226 13 16 0.659
22 360 16 22 0.659
808 357 14 18 0.659
829 402 16 19 0.659
208 187 11 15 0.658
565 276 13 17 0.658
299 384 14 19 0.658
336 511 17 20 0.658
748 171 12 15 0.655
471 278 14 18 0.654
830 186 12 14 0.654
399 249 13 17 0.650
740 329 15 20 0.649
745 246 12 16 0.649
358 300 14 17 0.649
900 263 13 16 0.649
517 503 18 21 0.648
844 327 13 18 0.647
40 283 13 18 0.647
713 187 13 16 0.647
848 195 12 16 0.647
607 242 13 17 0.646
702 410 16 19 0.646
882 232 13 18 0.646
933 259 14 17 0.646
211 268 14 18 0.645
668 233 13 16 0.644
786 326 15 17 0.642
657 263 15 18 0.642
872 222 13 16 0.641
944 223 12 16 0.641
423 299 15 16 0.641
273 462 16 22 0.641
22 241 13 16 0.639
350 449 17 19 0.638
411 156 11 14 0.636
476 310 13 17 0.636
682 244 12 17 0.634
582 285 13 17 0.634
426 207 12 16 0.632
822 228 13 17 0.632
454 318 15 18 0.631
897 308 14 19 0.631
517 564 20 22 0.631
376 423 17 18 0.629
417 444 16 21 0.628
709 167 11 13 0.627
238 285 13 15 0.627
457 221 11 15 0.625
775 258 12 17 0.625
681 387 17 21 0.625
150 322 14 17 0.624
989 262 14 18 0.624
321 174 11 14 0.622
815 105 10 14 0.622
308 210 12 14 0.622
345 285 12 15 0.622
269 571 17 24 0.621
421 336 14 18 0.621
723 248 14 18 0.619
0 322 10 17 0.617
684 172 10 14 0.617
322 224 12 15 0.617
57 297 13 16 0.617
996 317 14 18 0.617
632 407 16 19 0.616
794 118 10 13 0.615
526 302 14 17 0.613
228 243 12 15 0.612
584 207 12 15 0.612
201 293 14 18 0.612
890 190 13 17 0.610
731 195 12 17 0.610
497 192 12 16 0.609
637 234 13 18 0.609
619 358 14 17 0.607
888 382 16 21 0.607
185 209 11 14 0.607
756 405 16 19 0.607
54 315 13 17 0.605
143 404 18 24 0.605
663 354 14 17 0.604
12 204 11 16 0.600
873 140 11 13 0.600
503 225 11 16 0.600
542 216 12 17 0.600
136 247 12 17 0.600
459 137 11 15 0.599
788 569 16 21 0.598
410 197 12 16 0.598
1013 418 12 19 0.596
163 193 11 14 0.595
379 260 12 16 0.595
340 212 11 15 0.593
355 222 12 14 0.593
810 255 13 17 0.591
422 129 11 15 0.589
370 379 16 18 0.588
743 107 11 14 0.586
677 140 11 14 0.584
498 370 14 16 0.583
0 282 8 22 0.581
554 177 11 13 0.581
33 161 11 14 0.580
203 310 14 17 0.580
743 73 10 13 0.579
686 446 14 21 0.579
355 155 12 15 0.579
909 182 12 15 0.579
155 283 13 17 0.579
823 131 10 13 0.577
418 279 14 17 0.576
127 216 12 16 0.575
73 222 11 14 0.575
453 237 12 15 0.574
127 379 15 20 0.572
1008 227 12 16 0.570
995 66 10 13 0.568
50 190 12 14 0.568
99 214 11 15 0.566
65 261 12 15 0.566
864 178 12 16 0.565
731 231 12 17 0.565
537 319 12 15 0.565
925 330 15 17 0.565
943 92 10 13 0.561
717 89 10 13 0.554
713 117 9 13 0.554
866 118 10 13 0.552
989 180 10 14 0.552
47 227 12 14 0.552
275 183 10 14 0.550
473 403 15 18 0.550
198 252 12 17 0.548
342 396 15 18 0.548
773 122 10 13 0.547
277 223 11 14 0.547
368 242 11 15 0.547
991 163 11 15 0.545
236 182 11 14 0.545
667 382 13 17 0.543
483 146 10 13 0.543
345 339 16 19 0.543
760 90 10 13 0.540
244 153 9 13 0.540
768 227 12 16 0.540
967 277 13 15 0.540
680 196 12 17 0.540
899 170 11 15 0.538
1006 105 10 13 0.534
942 161 12 14 0.534
717 269 14 16 0.531
105 264 11 14 0.529
183 163 11 14 0.527
499 350 15 17 0.527
815 72 10 12 0.527
210 91 10 12 0.527
711 298 15 18 0.527
268 154 11 13 0.525
318 253 12 16 0.525
44 49 9 11 0.525
884 99 10 12 0.523
296 184 10 13 0.522
733 25 9 11 0.520
988 335 14 15 0.520
174 237 12 15 0.519
582 242 11 16 0.519
454 203 12 16 0.517
39 314 12 17 0.515
633 300 13 18 0.514
963 143 11 13 0.512
396 135 10 13 0.508
141 143 9 13 0.503
758 148 10 14 0.503
958 178 10 15 0.501
794 151 10 13 0.501
896 293 13 17 0.496
359 136 9 11 0.494
636 94 10 12 0.494
245 117 10 12 0.494
911 102 10 13 0.490
470 369 14 18 0.490
427 83 8 10 0.490
70 204 12 15 0.488
282 104 9 11 0.485
280 139 9 12 0.483
455 351 14 18 0.481
776 449 16 22 0.481
1009 30 8 11 0.479
489 124 10 12 0.479
727 283 13 16 0.478
381 204 10 14 0.476
635 214 11 15 0.476
894 108 11 13 0.476
781 76 8 11 0.474
859 73 9 11 0.474
364 173 10 12 0.474
592 112 9 12 0.468
181 126 9 12 0.468
817 10 8 10 0.466
552 88 9 12 0.466
668 22 8 11 0.465
602 94 9 12 0.463
294 143 10 11 0.458
329 241 11 13 0.455
415 572 14 23 0.454
815 85 10 12 0.454
730 2 8 10 0.452
248 308 13 17 0.452
758 315 12 15 0.450
699 141 10 13 0.447
514 119 9 11 0.446
500 103 9 11 0.445
678 119 9 13 0.445
785 203 11 13 0.445
432 117 9 11 0.443
1003 47 9 12 0.443
299 165 11 14 0.443
294 116 9 11 0.441
757 120 9 12 0.439
634 341 13 15 0.439
255 89 8 11 0.436
784 91 10 12 0.436
210 117 9 12 0.434
712 42 9 12 0.434
857 165 11 13 0.434
597 177 10 12 0.432
335 137 9 12 0.430
875 442 17 18 0.429
516 136 10 12 0.424
996 2 8 10 0.423
300 98 9 11 0.423
746 189 11 16 0.423
543 118 10 12 0.423
677 278 13 16 0.423
229 219 11 14 0.419
574 117 8 12 0.414
896 75 9 13 0.412
518 320 12 15 0.411
79 155 10 13 0.411
351 342 16 18 0.411
547 60 8 11 0.410
853 362 13 18 0.409
978 12 8 11 0.407
691 118 9 12 0.407
849 241 13 15 0.405
892 0 8 10 0.405
388 118 10 13 0.402
611 117 9 12 0.400
323 160 10 13 0.400
662 118 9 12 0.398
318 111 9 11 0.395
835 111 9 12 0.395
983 115 9 13 0.395
437 27 9 11 0.393
964 4 8 10 0.393
975 83 9 12 0.391
691 29 8 10 0.391
528 62 8 11 0.391
407 123 8 12 0.391
580 12 8 9 0.390
649 79 9 11 0.388
566 7 8 10 0.387
760 0 8 9 0.383
642 181 11 13 0.383
177 6 9 10 0.382
643 29 8 11 0.382
957 21 10 11 0.382
130 23 7 10 0.379
924 22 8 11 0.377
515 2 8 10 0.377
348 35 8 10 0.377
95 78 9 11 0.377
628 111 9 11 0.377
780 15 9 12 0.376
228 126 9 13 0.375
608 52 9 11 0.372
391 190 10 12 0.372
343 369 13 18 0.372
151 25 8 10 0.372
125 193 11 13 0.370
303 133 9 11 0.370
329 30 8 10 0.368
519 93 9 12 0.368
464 40 8 10 0.365
355 111 9 11 0.365
286 202 10 12 0.364
426 65 8 10 0.363
97 29 8 10 0.362
153 39 8 11 0.360
348 67 8 10 0.360
90 60 9 12 0.358
389 68 9 10 0.358
197 125 9 12 0.357
615 67 9 11 0.355
584 93 10 12 0.352
549 3 7 10 0.352
472 97 9 11 0.352
781 162 10 13 0.350
989 208 10 14 0.350
586 55 9 10 0.348
372 291 12 16 0.345
610 376 13 19 0.343
8 60 8 11 0.342
363 47 8 11 0.342
569 54 8 10 0.342
682 14 8 11 0.338
964 97 10 13 0.338
513 36 8 10 0.337
176 66 8 11 0.337
849 103 9 12 0.337
377 119 9 12 0.337
393 86 9 11 0.335
470 347 13 16 0.335
621 84 9 12 0.335
490 81 8 11 0.333
0 89 6 12 0.330
451 115 8 11 0.330
333 122 9 11 0.328
704 24 9 11 0.327
288 162 10 13 0.327
338 50 8 10 0.325
509 55 8 10 0.325
549 28 7 10 0.322
941 0 8 10 0.317
388 46 8 10 0.317
521 74 9 12 0.316
869 37 8 10 0.313
164 139 9 13 0.312
539 100 9 11 0.312
615 362 15 18 0.311
361 94 8 11 0.309
871 106 9 12 0.308
673 72 8 11 0.308
223 37 7 11 0.306
160 179 10 14 0.306
762 13 8 10 0.304
659 52 9 12 0.303
113 168 11 12 0.303
623 17 8 10 0.303
656 109 9 11 0.302
824 354 13 17 0.300
643 121 9 11 0.298
505 169 11 14 0.298
356 193 9 13 0.297
873 21 8 11 0.294
469 72 8 10 0.294
237 224 12 16 0.289
703 8 9 10 0.288
807 23 8 11 0.288
392 100 9 11 0.287
382 255 13 17 0.286
158 5 7 8 0.283
532 208 11 15 0.283
110 104 9 11 0.282
147 61 9 10 0.281
483 109 9 11 0.280
914 15 8 9 0.277
802 186 9 14 0.276
597 111 9 12 0.274
64 40 8 11 0.273
837 138 10 12 0.272
62 182 10 13 0.271
16 401 16 20 0.271
116 137 9 11 0.270
231 100 8 10 0.268
85 49 9 11 0.267
449 99 8 11 0.265
744 17 7 10 0.264
502 38 7 10 0.264
109 66 9 12 0.263
909 83 9 12 0.261
19 292 10 14 0.261
161 274 13 15 0.261
979 37 7 9 0.261
766 215 11 14 0.260
424 110 8 11 0.258
459 85 8 11 0.258
263 77 8 11 0.257
363 80 8 11 0.255
310 90 8 10 0.255
797 31 9 11 0.253
259 323 13 17 0.253
453 28 7 10 0.251
233 142 9 12 0.250
1 188 10 14 0.250
492 0 6 8 0.249
755 331 12 17 0.247
572 103 9 12 0.247
469 124 9 12 0.247
891 162 10 13 0.246
467 23 8 9 0.245
1003 28 8 10 0.244
15 416 17 22 0.244
666 -2 8 8 0.244
221 166 9 14 0.243
567 39 8 10 0.243
384 30 8 10 0.242
660 49 8 11 0.240
136 454 17 20 0.240
114 102 9 12 0.238
506 24 8 10 0.236
1018 193 6 16 0.234
819 202 10 14 0.234
546 137 10 12 0.234
876 226 14 19 0.234
360 21 8 11 0.233
172 23 8 10 0.230
850 87 8 10 0.230
535 37 8 9 0.229
221 323 12 17 0.229
551 117 8 11 0.228
286 74 8 11 0.227
272 60 8 11 0.227
402 76 8 10 0.227
112 47 8 10 0.226
22 69 7 10 0.226
999 134 10 14 0.225
3 75 8 11 0.224
964 106 9 12 0.224
525 189 9 12 0.223
316 75 8 10 0.221
375 295 12 16 0.221
950 228 13 17 0.220
711 -1 8 8 0.219
368 93 9 10 0.217
807 0 8 8 0.216
166 97 9 12 0.216
543 75 8 11 0.214
4 158 9 15 0.214
57 27 9 11 0.213
637 50 8 10 0.212
125 85 8 10 0.211
807 257 13 17 0.209
80 126 9 14 0.208
327 105 8 11 0.208
403 507 19 25 0.207
306 45 8 11 0.207
695 95 10 12 0.206
488 449 18 22 0.205
182 27 8 11 0.204
577 66 8 10 0.204
407 333 12 15 0.203
397 12 8 10 0.202
299 35 8 10 0.199
362 297 14 18 0.195
3 497 14 18 0.194
455 211 12 16 0.193
143 1 7 9 0.192
376 0 7 8 0.192
398 32 8 9 0.192
621 188 10 13 0.192
913 83 9 11 0.192
371 72 8 10 0.189
517 20 8 10 0.188
367 34 9 11 0.188
76 75 9 11 0.187
437 6 7 10 0.186
709 0 8 8 0.186
841 321 14 19 0.185
531 114 8 11 0.185
476 0 7 8 0.185
592 25 8 10 0.185
671 302 14 18 0.182
331 10 8 9 0.181
451 75 8 9 0.181
219 156 9 12 0.181
436 75 8 10 0.181
521 18 7 10 0.179
310 8 8 10 0.178
201 256 13 17 0.176
462 110 8 11 0.174
79 49 8 10 0.172
244 99 9 11 0.172
253 322 12 18 0.172
220 160 9 12 0.171
499 0 7 9 0.170
303 95 9 11 0.170
537 219 13 16 0.169
411 27 7 9 0.169
374 169 9 13 0.168
465 1 7 8 0.168
101 188 10 13 0.166
425 17 8 10 0.165
497 250 11 13 0.162
669 376 13 18 0.159
197 59 8 10 0.159
616 34 8 10 0.158
326 68 8 11 0.157
290 19 8 11 0.157
872 0 7 8 0.156
640 120 9 11 0.155
866 104 9 12 0.155
639 63 8 11 0.154
335 9 9 10 0.153
604 3 8 9 0.152
709 63 9 11 0.152
710 115 9 13 0.152
729 66 8 11 0.152
765 300 12 16 0.152
687 397 17 20 0.152
272 82 9 12 0.151
245 43 8 10 0.151
509 1 7 9 0.149
591 73 8 10 0.149
863 174 10 15 0.148
594 230 11 13 0.147
376 25 8 10 0.147
613 239 15 18 0.145
343 6 7 9 0.144
488 67 8 10 0.144
208 120 9 12 0.144
929 333 14 17 0.144
574 69 9 10 0.142
757 334 14 16 0.142
304 232 10 14 0.142
529 10 8 10 0.141
696 41 8 10 0.141
980 114 10 12 0.141
988 171 11 15 0.140
252 45 8 10 0.140
982 61 9 12 0.140
467 37 8 10 0.139
500 64 7 9 0.138
345 4 7 9 0.138
273 43 8 10 0.137
420 99 8 10 0.136
740 18 8 12 0.136
289 10 8 9 0.135
445 84 8 10 0.135
93 5 7 9 0.135
646 0 7 7 0.134
544 2 7 9 0.132
724 301 13 16 0.131
556 88 9 12 0.131
417 381 15 18 0.131
508 134 9 12 0.130
962 110 10 13 0.130
995 160 10 15 0.130
172 111 9 12 0.129
459 10 8 10 0.128
462 41 8 10 0.128
640 272 12 17 0.127
262 117 8 11 0.126
907 81 8 12 0.126
62 45 9 12 0.126
452 1 7 8 0.125
547 86 9 12 0.125
799 29 9 11 0.125
399 62 7 10 0.125
742 45 8 11 0.123
633 37 7 9 0.122
656 97 9 11 0.122
256 7 8 10 0.122
542 34 8 10 0.122
339 82 9 11 0.122
546 28 8 9 0.121
409 43 7 10 0.121
96 169 11 15 0.121
569 37 7 10 0.121
703 94 9 12 0.121
747 110 11 14 0.121
717 15 8 11 0.120
397 82 8 10 0.120
63 51 8 11 0.119
812 435 15 17 0.119
635 53 8 10 0.119
197 158 8 12 0.118
1 81 8 12 0.118
176 39 8 11 0.117
242 43 8 10 0.117
423 100 9 12 0.117
993 2 8 10 0.116
779 49 8 10 0.116
264 32 8 10 0.115
602 33 8 10 0.115
830 58 9 12 0.115
334 87 8 10 0.115
927 112 9 11 0.114
861 164 10 14 0.114
339 78 8 10 0.114
275 303 12 15 0.113
737 96 10 12 0.112
305 40 8 10 0.112
787 2 7 9 0.111
424 83 8 10 0.110
497 100 8 11 0.110
527 88 9 12 0.109
0 364 6 18 0.109
323 53 8 10 0.107
608 119 9 11 0.107
332 405 12 18 0.106
1005 92 8 12 0.106
142 105 8 12 0.106
670 91 9 11 0.106
55 302 14 18 0.106
45 24 8 10 0.106
629 130 10 12 0.105
960 44 9 10 0.104
305 54 8 11 0.104
709 45 10 12 0.104
613 379 14 19 0.104
621 69 9 11 0.104
158 386 13 17 0.102
808 1 9 9 0.102
377 53 7 10 0.102
186 234 11 15 0.102
361 176 10 14 0.101
262 81 9 12 0.101
684 92 9 11 0.100
214 117 8 12 0.099
172 218 11 14 0.099
605 24 8 10 0.098
213 23 7 10 0.096
476 461 15 18 0.096
123 195 11 14 0.095
578 228 11 14 0.095
461 59 8 9 0.094
587 88 10 12 0.094
44 184 12 15 0.094
168 345 13 16 0.094
540 316 12 16 0.094
331 28 8 11 0.093
671 86 8 11 0.093
274 85 8 11 0.093
363 136 9 12 0.093
615 186 11 13 0.093
739 45 9 11 0.091
183 213 11 15 0.091
490 369 15 17 0.091
16 121 10 12 0.091
150 88 9 12 0.091
568 46 9 11 0.090
814 88 10 15 0.090
208 155 9 11 0.089
629 157 10 13 0.089
535 206 11 15 0.089
472 230 8 12 0.089
288 39 7 10 0.089
569 42 9 10 0.088
297 143 9 13 0.087
0 216 6 17 0.087
130 238 12 17 0.087
397 0 7 7 0.087
985 181 11 14 0.087
642 187 10 14 0.086
684 87 8 11 0.086
460 348 15 16 0.085
532 35 7 10 0.085
270 39 7 10 0.084
266 325 13 17 0.084
481 59 7 10 0.083
84 121 10 13 0.083
784 75 9 11 0.083
97 144 9 13 0.082
985 -2 7 8 0.082
499 37 8 9 0.081
813 99 10 14 0.081
724 83 10 12 0.081
913 18 8 11 0.080
1011 53 9 13 0.080
931 209 10 14 0.080
871 241 14 18 0.079
610 50 9 11 0.079
454 227 13 18 0.077
651 247 12 16 0.077
483 44 7 9 0.077
687 118 10 14 0.077
321 108 9 13 0.077
259 258 12 15 0.076
764 12 8 10 0.076
91 117 9 12 0.076
637 124 10 12 0.076
747 296 12 16 0.076
408 1 7 10 0.076
476 2 7 9 0.076
229 78 8 11 0.076
418 387 15 18 0.076
670 -2 8 8 0.076
850 357 13 19 0.075
47 93 9 12 0.075
663 378 15 18 0.074
816 128 11 14 0.074
756 50 9 11 0.073
656 412 11 15 0.073
1014 211 9 15 0.073
794 28 10 12 0.073
827 300 12 16 0.072
50 78 8 10 0.071
402 277 10 14 0.071
980 45 9 10 0.070
442 79 9 12 0.070
702 284 11 15 0.069
318 77 8 11 0.068
133 101 10 12 0.068
595 26 8 11 0.068
309 5 8 10 0.068
387 247 10 14 0.068
758 322 12 16 0.068
3 452 14 20 0.067
820 130 10 13 0.066
952 28 8 12 0.066
671 421 14 19 0.065
112 122 9 12 0.065
851 286 12 16 0.065
769 92 9 12 0.065
102 16 7 9 0.064
584 180 9 13 0.064
20 150 10 12 0.064
785 86 9 11 0.063
425 189 11 13 0.063
581 94 10 12 0.061
529 189 9 12 0.061
785 168 9 13 0.060
613 128 10 12 0.060
69 243 10 13 0.060
362 5 7 9 0.059
462 5 8 10 0.059
544 137 9 12 0.059
47 25 8 10 0.058
329 24 8 12 0.058
146 88 10 12 0.058
323 97 8 10 0.058
195 54 7 11 0.058
751 291 11 16 0.057
130 215 11 15 0.057
36 333 11 14 0.056
420 393 13 16 0.056
0 524 9 19 0.056
285 139 10 13 0.056
268 318 13 18 0.056
169 11 9 11 0.056
474 82 9 12 0.054
910 18 7 10 0.054
254 356 13 16 0.054
701 68 9 12 0.054
528 213 10 15 0.053
532 1 7 8 0.053
130 98 9 12 0.053
915 11 7 10 0.053
563 41 8 10 0.053
403 56 7 10 0.053
183 298 11 15 0.052
839 304 14 17 0.052
455 155 9 13 0.052
611 61 10 12 0.052
581 113 10 13 0.052
435 -2 6 7 0.052
614 93 9 12 0.052
119 171 10 13 0.052
60 178 10 13 0.051
430 448 15 18 0.051
341 72 9 11 0.051
322 71 8 11 0.051
54 255 11 14 0.051
280 42 8 10 0.050
945 29 8 10 0.050
761 308 14 18 0.050
46 90 8 12 0.050
67 133 9 12 0.050
582 164 8 11 0.050
964 161 11 14 0.049
804 183 9 13 0.049
301 252 10 14 0.049
49 90 9 12 0.049
247 2 7 9 0.048
113 43 8 12 0.048
741 52 8 11 0.048
163 384 11 15 0.048
226 132 10 13 0.047
57 52 9 11 0.047
929 247 11 15 0.047
645 178 10 13 0.047
401 0 9 8 0.047
829 96 9 12 0.047
487 15 7 9 0.046
364 91 9 11 0.046
103 166 11 14 0.045
600 204 10 14 0.045
175 5 7 10 0.045
874 329 11 15 0.045
73 129 10 13 0.045
830 151 11 13 0.044
1008 158 9 13 0.044
340 75 9 12 0.044
611 130 10 12 0.044
509 166 9 13 0.044
232 316 11 17 0.044
793 48 9 11 0.043
496 182 11 13 0.043
788 313 14 18 0.043
257 254 11 14 0.043
670 59 9 11 0.043
164 348 12 16 0.042
966 47 8 10 0.042
116 306 12 16 0.042
302 77 8 11 0.042
664 135 10 13 0.042
212 493 13 19 0.042
160 269 11 14 0.041
504 137 9 12 0.041
65 314 14 19 0.041
217 168 10 13 0.041
480 147 10 14 0.040
69 113 9 11 0.040
246 350 13 16 0.039
235 49 7 11 0.039
561 208 10 13 0.039
339 5 7 9 0.039
196 81 8 11 0.039
636 -3 7 7 0.038
8 45 8 10 0.038
47 259 11 15 0.038
932 223 10 14 0.038
184 5 8 10 0.038
508 17 9 12 0.038
670 437 12 18 0.038
80 91 9 12 0.037
498 177 10 14 0.037
295 415 12 16 0.037
81 114 9 12 0.037
681 283 14 16 0.037
25 318 11 16 0.036
64 8 8 9 0.036
1017 378 7 18 0.036
480 243 10 13 0.036
227 214 10 14 0.036
751 0 7 9 0.035
6 46 8 10 0.035
828 147 10 13 0.035
718 231 11 14 0.035
1014 62 8 14 0.034
71 245 11 14 0.034
432 205 12 15 0.034
867 38 8 10 0.034
248 142 9 11 0.034
326 254 11 15 0.034
416 23 9 11 0.033
771 280 12 16 0.033
470 132 9 13 0.033
770 119 10 13 0.033
173 342 12 17 0.033
990 102 9 12 0.032
73 122 10 14 0.032
525 366 10 13 0.032
62 10 8 9 0.032
916 150 9 12 0.032
447 300 13 16 0.031
323 2 7 8 0.031
933 153 10 13 0.031
541 296 10 15 0.031
151 60 8 12 0.031
781 202 10 13 0.031
581 172 8 12 0.031
837 293 12 15 0.031
753 312 12 16 0.031
132 94 10 13 0.031
74 78 9 12 0.031
82 131 10 13 0.031
970 134 10 13 0.030
213 11 8 10 0.030
707 188 12 16 0.030
184 25 8 10 0.030
777 121 9 15 0.029
38 144 9 13 0.029
381 336 12 16 0.029
813 69 9 12 0.029
97 278 14 17 0.029
63 133 9 12 0.029
950 65 8 11 0.028
516 411 14 17 0.028
353 460 17 20 0.028
503 238 11 16 0.028
3 42 6 10 0.028
267 30 7 11 0.028
726 147 10 14 0.028
153 107 9 11 0.028
811 0 7 7 0.028
198 68 8 11 0.027
931 112 9 12 0.027
934 159 10 14 0.027
90 5 7 10 0.027
197 294 13 17 0.027
88 174 11 15 0.027
297 276 12 17 0.026
84 34 8 10 0.026
114 314 12 16 0.026
81 180 11 14 0.026
355 239 10 13 0.026
183 302 12 15 0.026
824 151 11 13 0.026
215 9 8 10 0.025
11 85 8 11 0.025
596 0 7 7 0.025
365 43 9 11 0.025
673 76 9 12 0.025
446 88 9 11 0.025
347 366 14 17 0.024
288 6 7 9 0.024
1016 82 8 12 0.024
350 155 10 14 0.024
289 419 13 18 0.024
21 398 14 19 0.024
130 194 11 13 0.023
64 653 17 21 0.023
243 346 12 16 0.023
791 105 10 13 0.023
249 29 7 10 0.023
846 149 10 14 0.023
647 240 12 16 0.023
970 257 10 14 0.023
134 45 8 12 0.023
216 54 8 10 0.023
562 141 9 12 0.023
972 154 10 13 0.022
610 211 9 14 0.022
627 288 13 16 0.022
275 572 16 24 0.022
802 46 8 10 0.022
82 94 8 12 0.022
340 273 10 15 0.022
1016 371 8 18 0.022
359 344 15 18 0.022
0 531 9 17 0.022
23 311 11 16 0.022
616 254 14 18 0.022
999 574 18 24 0.022
455 450 15 20 0.022
691 447 15 21 0.022
895 158 11 13 0.021
17 161 10 13 0.021
959 121 10 14 0.021
423 181 9 13 0.021
0 224 6 15 0.021
348 330 14 18 0.021
700 2 7 9 0.021
694 295 12 16 0.021
135 50 9 11 0.020
459 497 19 25 0.020
869 135 11 14 0.020
1014 456 10 20 0.020
235 330 13 18 0.020
1018 177 7 15 0.020
285 387 13 17 0.019
180 163 10 14 0.019
395 167 9 12 0.019
427 390 15 17 0.019
133 276 11 14 0.019
95 367 13 19 0.019
842 291 13 15 0.019
911 151 10 12 0.019
905 28 8 11 0.018
240 206 11 13 0.018
165 352 13 17 0.018
779 165 10 14 0.018
96 187 10 13 0.018
315 276 11 16 0.018
15 202 11 15 0.018
39 138 9 13 0.018
480 192 8 12 0.018
142 115 9 13 0.017
277 426 15 20 0.017
528 415 14 19 0.017
883 54 8 11 0.017
797 154 10 14 0.017
433 281 12 16 0.017
939 224 12 15 0.017
419 372 15 19 0.017
76 18 8 10 0.017
734 125 9 14 0.017
260 8 7 10 0.017
123 0 7 8 0.017
845 86 8 10 0.017
575 234 10 15 0.017
960 383 13 18 0.016
527 363 12 16 0.016
576 1 7 9 0.016
328 345 12 18 0.016
477 181 9 14 0.016
406 228 10 13 0.016
964 463 14 18 0.016
477 171 9 14 0.016
909 28 8 10 0.016
611 0 6 7 0.016
840 249 12 16 0.016
564 140 9 10 0.016
328 410 15 17 0.016
370 220 9 14 0.016
926 244 11 15 0.015
12 44 7 9 0.015
1017 254 8 16 0.015
676 49 8 10 0.015
924 35 9 10 0.015
261 132 9 12 0.015
404 328 13 16 0.015
704 385 13 17 0.015
920 -1 7 8 0.015
695 51 8 11 0.015
225 326 12 18 0.015
836 3 7 9 0.014
249 213 10 13 0.014
912 275 12 13 0.014
840 61 9 11 0.014
316 470 15 20 0.014
773 64 7 11 0.014
565 465 17 19 0.014
612 428 17 21 0.014
72 92 9 13 0.014
647 210 10 15 0.014
525 63 11 14 0.014
911 1 7 9 0.014
415 395 13 17 0.014
261 187 9 12 0.014
319 464 15 19 0.014
386 159 11 13 0.014
436 284 13 16 0.014
638 0 8 10 0.014
505 250 11 13 0.014
332 312 12 16 0.014
734 278 12 15 0.014
7 120 9 15 0.014
201 126 10 13 0.014
527 138 9 12 0.013
131 447 15 19 0.013
855 288 12 14 0.013
173 96 9 11 0.013
739 125 9 13 0.013
243 0 7 8 0.013
319 279 10 16 0.013
708 203 10 15 0.013
830 53 9 12 0.013
611 216 10 14 0.013
367 175 9 13 0.013
473 396 14 17 0.013
373 471 14 18 0.013
710 -4 7 7 0.013
127 234 11 15 0.013
443 386 13 16 0.013
5 61 12 14 0.012
1011 154 9 14 0.012
281 395 14 18 0.012
655 0 8 10 0.012
824 302 11 15 0.012
623 285 12 15 0.012
0 354 8 18 0.012
308 275 12 17 0.012
78 454 16 22 0.012
439 253 11 14 0.012
190 84 8 11 0.011
394 200 10 16 0.011
606 427 16 20 0.011
714 267 12 16 0.011
186 218 10 16 0.011
472 409 14 17 0.011
864 57 9 11 0.011
297 322 13 18 0.011
247 47 8 10 0.011
312 279 12 16 0.011
624 171 9 12 0.011
283 385 13 15 0.011
12 88 9 11 0.011
442 288 13 16 0.011
330 344 14 17 0.011
419 48 7 9 0.011
644 197 11 14 0.011
502 368 13 16 0.011
586 264 13 17 0.011
139 121 10 13 0.011
989 578 15 21 0.011
518 406 13 18 0.011
19 78 8 12 0.011
832 39 8 10 0.011
734 224 12 15 0.011
445 380 13 17 0.011
667 316 13 18 0.010
818 341 13 17 0.010
630 238 12 16 0.010
321 459 14 18 0.010
960 142 11 13 0.010
925 82 10 11 0.010
