2_Demonstration_Demonstrators_2_545
135
258 498 35 45 0.741
61 494 37 47 0.739
67 430 29 39 0.714
150 416 30 36 0.690
289 431 31 39 0.685
403 402 19 24 0.683
415 453 27 37 0.659
252 402 27 32 0.628
795 410 20 28 0.596
102 392 27 32 0.546
742 326 15 19 0.534
213 380 16 19 0.494
760 357 17 21 0.490
195 411 22 29 0.490
362 417 21 27 0.469
858 330 16 18 0.441
690 300 13 18 0.407
725 391 16 19 0.358
919 346 17 22 0.319
787 348 14 18 0.306
49 324 14 16 0.285
424 366 15 17 0.259
931 417 18 23 0.243
391 303 11 14 0.236
350 364 14 18 0.231
46 367 15 18 0.216
114 350 15 18 0.211
129 328 14 16 0.207
295 358 17 20 0.196
921 289 12 15 0.193
883 440 21 35 0.180
91 344 17 20 0.173
176 347 15 17 0.164
206 315 13 15 0.156
836 367 23 28 0.150
826 285 12 16 0.149
266 351 14 18 0.147
772 277 13 15 0.140
740 284 11 13 0.123
355 292 11 12 0.105
158 320 13 15 0.093
905 379 18 22 0.087
47 371 17 21 0.085
106 349 17 20 0.082
727 309 13 15 0.076
244 400 25 31 0.074
84 309 10 12 0.058
289 358 16 18 0.056
743 301 13 16 0.055
309 291 12 14 0.051
316 312 12 15 0.048
208 376 17 21 0.047
300 359 17 21 0.046
339 355 16 20 0.043
419 363 15 19 0.042
347 335 13 17 0.040
103 319 11 14 0.039
897 312 14 17 0.038
432 328 12 15 0.036
673 271 14 15 0.036
336 352 15 18 0.035
790 410 17 26 0.035
325 349 13 16 0.034
109 387 26 29 0.034
430 365 14 17 0.033
435 354 14 18 0.032
852 298 13 15 0.032
824 312 13 16 0.032
49 379 18 21 0.031
89 384 22 25 0.030
339 346 15 18 0.027
867 410 25 32 0.027
736 282 12 15 0.027
320 310 14 15 0.027
311 295 11 14 0.026
243 317 13 16 0.026
704 338 14 19 0.025
439 349 13 18 0.025
86 380 18 23 0.025
237 351 15 18 0.024
439 309 11 13 0.024
766 345 15 18 0.023
295 365 17 20 0.022
671 297 14 17 0.022
422 291 11 14 0.021
396 348 14 17 0.021
842 388 25 32 0.021
910 376 18 23 0.020
900 299 11 14 0.019
829 344 13 16 0.019
720 391 16 20 0.019
135 328 13 16 0.018
352 293 10 12 0.018
841 378 20 26 0.018
331 310 12 15 0.018
444 308 11 14 0.018
2 399 26 41 0.017
451 327 12 14 0.017
948 362 13 18 0.017
824 292 13 17 0.017
775 279 12 16 0.017
671 287 13 17 0.017
822 308 14 17 0.016
276 260 13 15 0.016
385 369 16 19 0.016
369 422 20 25 0.016
333 348 14 17 0.015
741 279 13 14 0.015
698 322 13 19 0.015
143 418 26 32 0.015
389 298 11 14 0.015
434 337 14 16 0.014
784 351 14 18 0.014
843 372 20 24 0.014
256 295 11 15 0.014
241 328 14 18 0.014
152 347 12 16 0.014
340 319 12 14 0.013
669 282 13 17 0.013
247 315 13 16 0.013
202 414 20 24 0.013
96 394 22 27 0.013
766 277 13 15 0.012
213 354 14 19 0.012
439 318 12 15 0.012
390 367 16 19 0.012
157 282 10 12 0.012
48 344 13 17 0.012
892 313 14 17 0.012
334 314 12 15 0.011
52 419 36 49 0.011
783 307 13 15 0.011
771 274 12 14 0.010
831 365 36 48 0.010
808 293 12 14 0.010
