2_Demonstration_Demonstrators_2_162
25
585 346 38 50 0.789
655 355 42 56 0.763
244 352 71 71 0.763
498 386 40 66 0.745
557 441 37 61 0.660
623 359 25 35 0.481
199 315 34 50 0.417
474 357 11 14 0.204
364 356 20 26 0.131
393 319 13 16 0.098
472 343 10 12 0.055
619 357 37 48 0.054
483 357 12 15 0.042
487 358 12 15 0.039
552 299 12 15 0.028
385 317 14 17 0.025
424 438 33 50 0.022
368 351 19 24 0.019
356 358 23 27 0.018
472 360 12 16 0.016
524 329 18 20 0.015
491 357 10 15 0.013
329 433 52 51 0.013
619 308 12 12 0.012
981 344 10 12 0.011
