2_Demonstration_Political_Rally_2_609
407
129 242 80 130 0.801
157 144 28 37 0.773
807 543 24 29 0.680
907 430 18 22 0.680
964 448 16 20 0.675
635 390 16 19 0.649
941 373 15 18 0.628
965 408 17 23 0.628
997 349 16 18 0.625
968 345 15 19 0.622
490 387 16 18 0.613
690 411 15 19 0.613
321 371 14 16 0.612
790 435 15 20 0.610
460 363 14 17 0.610
739 400 14 17 0.607
744 474 14 18 0.604
758 321 14 17 0.603
440 404 15 17 0.603
756 448 16 19 0.603
383 398 14 19 0.601
783 464 17 19 0.601
980 486 19 24 0.598
555 362 14 16 0.596
676 401 14 18 0.596
990 465 17 20 0.595
886 544 22 27 0.582
772 492 19 22 0.575
408 416 14 17 0.574
886 455 18 23 0.574
641 347 14 17 0.568
712 405 13 15 0.568
770 596 22 29 0.563
390 362 13 15 0.563
768 564 22 28 0.558
770 409 14 17 0.555
344 358 11 15 0.552
728 514 19 23 0.548
262 367 11 15 0.545
814 327 13 17 0.541
749 369 14 18 0.540
903 473 15 20 0.538
510 338 13 15 0.538
304 360 12 14 0.536
995 375 15 20 0.529
664 318 13 15 0.521
719 459 14 17 0.521
617 429 15 18 0.517
922 489 18 22 0.503
721 425 14 17 0.499
851 556 22 27 0.490
609 324 13 15 0.485
449 342 11 14 0.485
849 516 18 23 0.479
419 391 14 16 0.479
1015 474 9 21 0.467
820 404 14 18 0.455
414 356 12 15 0.437
771 295 12 15 0.432
804 279 12 14 0.430
800 296 12 15 0.430
746 616 23 29 0.429
852 393 14 17 0.428
963 617 20 27 0.427
807 356 13 17 0.425
281 382 13 16 0.421
587 388 14 17 0.410
938 464 17 20 0.409
470 342 13 15 0.409
717 296 12 15 0.395
437 430 14 17 0.390
353 323 10 13 0.388
913 328 15 19 0.384
744 538 19 23 0.382
816 454 15 20 0.374
977 308 14 17 0.368
935 571 20 25 0.365
533 400 14 16 0.364
288 353 12 15 0.356
536 340 10 13 0.355
393 331 11 14 0.350
642 429 15 18 0.350
497 305 11 14 0.327
715 476 14 18 0.325
331 290 10 12 0.316
740 288 12 15 0.303
611 365 12 15 0.301
596 340 14 15 0.300
648 325 12 14 0.292
910 508 20 24 0.288
711 325 13 17 0.279
492 341 11 14 0.277
790 384 13 15 0.274
554 345 11 14 0.274
329 333 11 13 0.270
262 288 10 12 0.255
884 388 15 19 0.251
878 360 14 17 0.250
851 484 17 22 0.249
916 492 21 25 0.247
477 408 15 18 0.244
709 386 12 15 0.240
865 475 17 21 0.240
429 289 11 13 0.231
555 320 13 15 0.227
453 386 13 16 0.226
477 322 11 13 0.221
708 424 13 17 0.221
257 274 10 12 0.219
474 272 11 13 0.219
672 454 16 20 0.218
888 595 23 27 0.214
724 628 21 28 0.213
994 329 14 15 0.211
983 566 20 25 0.210
296 289 10 13 0.210
797 344 12 14 0.207
597 317 12 13 0.198
675 373 14 17 0.195
364 308 10 13 0.192
290 329 12 14 0.192
738 542 22 23 0.191
664 295 13 15 0.182
357 383 12 15 0.179
816 293 11 13 0.179
702 284 12 16 0.178
999 282 11 14 0.178
868 415 15 19 0.175
615 388 12 14 0.173
955 451 18 22 0.168
616 294 14 17 0.157
717 415 13 18 0.152
390 290 10 13 0.144
412 438 15 16 0.143
475 520 18 22 0.142
1010 294 13 17 0.138
791 414 15 18 0.135
726 549 19 22 0.129
839 382 12 15 0.127
261 283 10 13 0.126
303 324 10 13 0.126
806 294 13 15 0.126
542 316 13 15 0.122
753 278 13 16 0.122
320 280 9 12 0.118
713 314 13 18 0.117
440 332 11 13 0.116
331 353 11 14 0.115
851 648 27 27 0.115
556 350 13 16 0.112
517 366 13 18 0.108
865 595 22 26 0.108
953 476 16 21 0.106
351 425 13 18 0.106
297 325 11 13 0.105
670 348 13 17 0.102
896 652 21 26 0.101
350 283 9 11 0.100
744 284 13 16 0.099
854 397 16 19 0.098
861 650 25 27 0.098
946 325 15 17 0.093
729 332 13 18 0.093
949 527 21 26 0.090
751 504 15 18 0.089
707 323 14 17 0.089
308 438 13 17 0.089
811 448 13 18 0.089
830 474 15 19 0.089
843 434 15 21 0.088
755 414 12 16 0.084
646 433 17 19 0.082
329 407 13 16 0.082
1002 288 13 16 0.082
839 438 16 21 0.081
840 645 25 26 0.081
880 368 14 19 0.080
591 380 12 16 0.080
947 309 13 15 0.075
586 381 14 16 0.074
825 431 14 17 0.074
754 617 20 26 0.074
278 384 14 17 0.073
339 358 13 15 0.073
716 501 17 20 0.072
431 549 33 29 0.072
845 426 15 20 0.071
794 406 14 18 0.070
844 293 13 17 0.067
515 295 11 13 0.067
912 322 15 18 0.064
456 302 13 17 0.064
424 391 14 16 0.063
271 343 12 15 0.062
846 612 23 28 0.061
323 300 10 12 0.061
845 607 20 24 0.061
417 376 12 15 0.061
708 431 14 18 0.060
574 407 13 15 0.060
1015 409 9 19 0.059
432 285 11 14 0.059
945 517 19 22 0.057
769 525 16 20 0.055
957 477 18 21 0.054
757 280 13 15 0.053
499 364 13 17 0.053
739 428 12 14 0.050
793 527 18 20 0.050
347 360 12 15 0.049
408 256 11 12 0.048
819 315 13 16 0.046
789 631 23 28 0.046
267 304 11 13 0.046
256 330 13 16 0.046
350 340 11 14 0.045
425 230 10 12 0.044
657 505 18 21 0.044
720 258 12 15 0.044
959 285 11 14 0.044
672 370 13 17 0.043
860 603 24 28 0.041
435 278 11 13 0.041
864 519 18 22 0.041
694 353 14 17 0.040
772 467 16 19 0.039
790 187 11 13 0.037
716 428 16 20 0.037
353 404 13 17 0.037
770 516 18 23 0.036
697 608 17 26 0.036
574 390 12 15 0.036
904 504 18 23 0.036
877 338 14 16 0.035
594 414 14 18 0.035
493 306 12 15 0.034
945 508 17 21 0.034
471 404 14 16 0.034
714 328 13 17 0.034
715 198 9 11 0.033
680 374 15 17 0.033
824 311 11 15 0.033
359 266 9 12 0.032
953 523 22 25 0.032
930 648 23 25 0.032
701 326 13 17 0.031
286 333 12 15 0.031
714 457 15 18 0.031
353 278 10 13 0.031
752 272 12 16 0.031
969 232 9 11 0.031
672 528 17 25 0.030
793 342 11 15 0.030
611 297 14 15 0.029
667 507 16 22 0.029
830 273 11 15 0.029
559 289 12 14 0.028
409 293 11 12 0.028
461 531 25 23 0.028
670 449 13 19 0.028
746 576 20 25 0.028
954 240 10 12 0.027
1014 336 9 15 0.027
650 442 15 19 0.027
1016 450 8 18 0.027
674 346 13 16 0.027
570 342 12 14 0.027
670 517 17 25 0.026
896 593 19 26 0.025
414 306 12 14 0.025
859 615 20 25 0.025
625 335 11 14 0.024
816 201 10 12 0.024
869 184 10 13 0.024
952 534 20 25 0.024
375 280 10 13 0.024
493 296 11 13 0.023
814 319 13 18 0.023
966 233 11 12 0.023
354 417 13 18 0.023
365 244 9 10 0.023
1016 269 8 15 0.023
1013 275 10 15 0.023
330 259 9 11 0.022
650 302 11 14 0.022
1008 657 16 24 0.022
432 542 26 22 0.022
455 251 10 13 0.022
396 276 11 13 0.021
442 274 11 13 0.021
612 291 13 16 0.021
1017 544 7 24 0.021
1004 554 14 27 0.021
787 640 24 29 0.021
755 300 11 15 0.021
452 255 11 13 0.021
378 230 9 11 0.021
858 472 17 20 0.020
575 357 12 15 0.020
456 285 11 15 0.020
1012 184 9 11 0.019
538 400 14 16 0.019
786 273 11 14 0.018
481 385 14 16 0.018
698 358 14 18 0.018
842 289 13 17 0.018
1006 412 13 19 0.018
960 236 11 13 0.018
749 216 10 12 0.018
448 261 11 13 0.017
419 307 10 15 0.017
478 380 13 16 0.017
319 298 10 13 0.017
745 408 14 17 0.017
439 273 11 13 0.017
541 311 12 15 0.017
1011 594 14 30 0.017
897 354 14 18 0.017
942 524 17 23 0.017
589 375 13 15 0.017
934 250 12 14 0.016
911 169 7 10 0.016
498 354 12 16 0.016
953 344 12 16 0.016
1015 360 9 18 0.016
944 291 13 18 0.016
287 325 11 14 0.016
631 392 15 18 0.016
746 271 13 16 0.016
844 628 22 27 0.016
473 322 11 15 0.016
544 278 12 15 0.016
303 479 14 16 0.016
379 281 10 12 0.016
452 304 13 16 0.015
645 340 13 16 0.015
714 548 19 24 0.015
788 497 16 21 0.015
851 622 21 27 0.015
557 305 13 16 0.015
789 183 11 13 0.015
978 658 20 22 0.015
360 260 10 12 0.015
650 277 13 16 0.015
1001 233 11 14 0.014
226 336 12 19 0.014
575 437 16 18 0.014
823 354 13 17 0.014
768 470 15 20 0.014
787 628 20 24 0.014
725 557 19 25 0.014
667 321 13 16 0.014
832 479 16 20 0.014
784 181 11 13 0.014
617 449 16 19 0.014
716 202 9 12 0.014
367 244 9 12 0.014
613 432 15 17 0.014
614 283 11 13 0.014
549 304 12 15 0.014
641 392 14 17 0.014
884 269 12 16 0.013
827 214 9 10 0.013
725 316 14 17 0.013
1003 216 10 12 0.013
847 291 14 17 0.013
861 359 14 18 0.013
386 393 13 16 0.013
846 465 16 20 0.013
868 589 21 24 0.013
991 561 18 22 0.013
496 297 11 15 0.013
456 442 12 16 0.013
754 356 14 16 0.012
739 440 13 17 0.012
945 497 17 22 0.012
266 322 12 15 0.012
941 175 11 11 0.012
545 282 12 14 0.012
930 628 22 28 0.012
845 191 9 11 0.012
699 638 17 25 0.012
448 438 15 17 0.012
846 253 12 14 0.012
672 511 14 21 0.012
857 364 13 17 0.012
595 274 12 15 0.011
671 293 12 14 0.011
611 328 12 16 0.011
381 231 9 11 0.011
926 646 20 25 0.011
938 175 11 13 0.011
382 313 11 14 0.011
391 369 14 16 0.011
935 274 13 16 0.011
397 271 11 13 0.011
601 411 13 17 0.010
252 335 15 18 0.010
609 441 17 19 0.010
812 201 10 12 0.010
717 561 17 21 0.010
901 351 14 17 0.010
463 303 12 15 0.010
836 205 8 10 0.010
944 275 12 15 0.010
652 407 11 15 0.010
950 504 17 21 0.010
