2_Demonstration_Demonstration_Or_Protest_2_604
45
403 134 58 75 0.828
281 29 88 125 0.806
95 161 45 64 0.791
653 123 62 104 0.777
538 137 21 23 0.640
467 149 16 21 0.548
172 172 24 31 0.539
520 95 11 13 0.479
73 134 13 16 0.468
43 128 12 15 0.421
483 94 10 12 0.420
14 134 11 12 0.400
12 178 23 32 0.384
105 132 12 15 0.342
347 166 25 34 0.329
87 118 11 13 0.311
36 206 18 28 0.295
566 94 9 12 0.292
21 171 19 32 0.184
824 391 154 181 0.149
4 225 22 35 0.114
318 158 28 33 0.113
4 156 16 23 0.099
26 169 16 26 0.090
476 189 15 19 0.067
91 137 13 15 0.067
480 94 10 13 0.067
160 170 16 23 0.037
8 181 20 26 0.032
7 170 32 46 0.031
468 155 17 21 0.023
319 152 38 46 0.022
5 164 15 21 0.022
805 171 29 41 0.021
521 99 11 14 0.021
559 93 9 11 0.019
11 217 18 22 0.016
473 183 14 18 0.015
562 144 14 20 0.014
567 92 9 12 0.014
168 162 35 45 0.013
708 111 17 22 0.011
146 142 11 14 0.011
731 89 13 15 0.011
743 113 14 15 0.011
