2_Demonstration_Protesters_2_912
99
719 276 32 42 0.767
836 325 28 36 0.763
146 430 24 33 0.752
998 350 24 29 0.745
551 311 20 24 0.729
881 333 24 31 0.698
41 347 15 20 0.684
478 310 25 34 0.677
352 347 18 23 0.656
171 362 17 21 0.654
526 314 16 22 0.639
256 337 12 15 0.638
509 337 19 29 0.597
66 347 10 17 0.563
130 368 13 22 0.563
646 343 15 18 0.516
789 333 16 20 0.506
597 311 24 34 0.494
261 385 19 36 0.479
636 318 13 18 0.477
653 325 12 15 0.447
616 318 17 23 0.441
293 324 8 11 0.402
510 302 12 19 0.400
443 311 10 13 0.392
955 309 12 16 0.391
194 336 9 15 0.319
919 338 10 14 0.316
369 328 12 16 0.286
423 306 8 11 0.242
269 318 7 8 0.210
197 333 9 13 0.187
340 329 10 13 0.162
300 350 11 14 0.150
242 332 8 10 0.142
445 308 11 16 0.110
283 317 6 8 0.109
338 312 7 8 0.105
934 261 9 11 0.100
291 325 7 10 0.092
641 335 16 21 0.081
774 329 9 12 0.072
395 311 8 11 0.070
243 333 9 12 0.066
267 337 9 12 0.065
901 323 11 15 0.064
959 309 13 17 0.057
237 331 6 9 0.057
657 320 11 15 0.054
796 332 14 18 0.054
685 313 14 16 0.054
940 339 12 14 0.053
804 344 15 21 0.046
393 315 9 11 0.046
359 315 6 8 0.044
184 355 11 15 0.044
393 309 7 9 0.041
897 324 15 20 0.038
376 305 6 7 0.037
825 331 11 17 0.036
197 329 8 13 0.033
972 309 11 16 0.033
327 404 15 24 0.031
870 316 10 14 0.030
870 320 12 19 0.027
315 316 6 8 0.026
412 326 9 10 0.026
374 326 11 14 0.023
314 314 5 7 0.021
354 315 7 10 0.021
325 332 8 11 0.020
230 330 7 10 0.020
336 331 12 15 0.020
368 321 9 12 0.019
904 330 13 20 0.019
316 319 6 9 0.017
325 335 9 12 0.017
396 305 6 8 0.016
531 316 16 21 0.015
780 329 10 12 0.014
361 303 5 6 0.013
657 313 11 14 0.013
527 295 14 17 0.013
414 327 9 11 0.013
120 370 13 19 0.013
664 314 10 13 0.013
576 317 16 21 0.013
450 301 8 11 0.012
680 313 13 14 0.012
298 312 6 7 0.012
757 356 12 13 0.012
315 325 7 9 0.011
317 312 7 8 0.011
948 310 8 11 0.011
303 352 12 16 0.011
390 305 6 8 0.010
438 296 8 9 0.010
268 389 17 28 0.010
538 311 13 18 0.010
