2_Demonstration_Protesters_2_618
25
0 161 32 69 0.867
517 166 52 68 0.863
459 253 62 79 0.862
366 164 51 68 0.860
243 48 42 53 0.860
605 145 56 74 0.846
147 72 44 52 0.836
599 11 48 57 0.833
706 43 42 55 0.832
323 87 47 62 0.826
936 162 48 54 0.823
251 237 52 63 0.822
483 15 42 54 0.822
964 49 43 50 0.819
849 256 53 80 0.817
0 19 37 48 0.814
445 186 51 65 0.808
822 239 46 54 0.771
808 -2 52 49 0.762
376 -6 31 27 0.696
453 -6 29 27 0.626
876 -6 34 24 0.615
828 0 41 52 0.185
214 290 25 53 0.147
215 211 34 49 0.024
