2_Demonstration_Political_Rally_2_114
373
648 317 27 36 0.769
951 341 27 46 0.687
824 269 15 24 0.543
365 166 8 10 0.398
66 210 9 11 0.379
475 179 8 10 0.367
680 233 8 11 0.365
358 96 6 7 0.359
382 99 6 8 0.330
772 165 7 9 0.330
431 180 7 9 0.330
793 280 14 22 0.311
508 327 20 30 0.299
341 64 5 6 0.291
310 92 6 7 0.288
344 91 6 7 0.286
276 173 8 10 0.286
7 349 24 44 0.275
245 416 48 65 0.274
830 247 10 13 0.271
260 172 7 9 0.271
644 167 6 8 0.266
732 234 9 14 0.254
455 178 7 10 0.251
152 272 17 18 0.249
974 237 9 12 0.240
717 163 7 8 0.230
763 223 7 9 0.230
286 89 6 7 0.229
78 213 9 11 0.225
778 366 23 32 0.218
471 151 7 7 0.202
599 115 6 7 0.185
963 195 7 8 0.184
97 318 23 39 0.183
328 93 6 7 0.175
95 264 14 19 0.171
596 284 15 19 0.167
289 162 8 9 0.167
607 261 10 12 0.167
998 169 6 8 0.157
521 226 7 9 0.151
383 100 7 8 0.151
423 98 6 7 0.149
273 95 6 7 0.142
706 218 7 9 0.142
964 171 7 8 0.137
443 266 10 15 0.135
566 232 7 8 0.129
949 208 7 9 0.129
457 178 8 9 0.127
505 131 7 8 0.118
285 253 11 17 0.115
753 163 6 8 0.111
573 107 7 8 0.110
550 252 8 12 0.110
630 243 8 11 0.108
62 260 14 18 0.103
234 115 5 6 0.103
380 98 6 8 0.099
652 237 8 10 0.098
289 252 10 16 0.098
99 265 16 19 0.097
438 271 10 18 0.096
522 281 12 21 0.094
704 159 6 8 0.094
789 238 10 14 0.092
721 163 7 8 0.092
851 239 9 12 0.089
570 208 6 7 0.089
671 173 6 7 0.087
18 220 11 13 0.086
650 213 7 9 0.085
641 165 7 9 0.084
988 208 7 9 0.084
700 229 7 10 0.083
312 224 10 12 0.083
236 115 5 6 0.082
756 166 6 8 0.081
492 180 7 8 0.080
652 212 7 8 0.080
684 265 11 13 0.077
336 104 5 7 0.076
791 162 7 9 0.076
862 220 9 11 0.076
1005 203 7 8 0.075
1004 237 8 10 0.075
232 166 7 8 0.071
673 255 9 12 0.070
479 178 8 9 0.070
995 252 11 14 0.070
507 130 7 8 0.070
121 212 9 11 0.068
416 273 14 19 0.067
368 167 7 9 0.067
271 96 6 7 0.065
804 242 11 14 0.065
416 239 8 11 0.063
634 272 12 17 0.063
330 176 8 9 0.063
962 217 7 9 0.063
889 182 8 9 0.062
508 267 10 15 0.061
219 282 18 24 0.060
719 222 7 9 0.058
232 116 5 6 0.058
558 142 6 8 0.057
946 244 11 13 0.057
627 215 6 8 0.057
571 107 7 7 0.056
331 96 6 7 0.055
923 203 7 8 0.055
106 262 15 21 0.055
981 282 13 21 0.054
436 276 10 18 0.054
732 209 6 8 0.054
564 230 7 9 0.050
881 243 9 12 0.049
610 212 7 7 0.049
469 149 6 8 0.048
800 241 11 14 0.048
463 315 19 29 0.048
472 152 6 8 0.048
803 301 16 24 0.046
334 76 6 7 0.046
961 194 7 8 0.045
292 164 7 10 0.045
343 239 11 15 0.045
249 216 9 12 0.045
786 240 10 15 0.044
963 257 11 18 0.044
559 141 7 9 0.044
859 224 9 13 0.044
646 217 6 9 0.043
1017 168 5 7 0.043
571 209 6 8 0.043
235 165 8 9 0.043
1015 169 5 7 0.043
765 223 7 9 0.043
797 242 10 14 0.042
892 181 6 8 0.042
878 168 6 7 0.042
600 114 8 9 0.042
944 290 16 23 0.041
639 151 6 7 0.041
962 172 6 8 0.041
755 161 6 8 0.040
799 279 12 20 0.040
494 179 7 8 0.040
688 266 11 13 0.040
224 124 5 6 0.040
187 301 18 30 0.039
305 111 5 6 0.038
292 161 7 9 0.038
629 173 7 8 0.038
423 274 13 18 0.038
274 176 8 10 0.038
774 127 6 7 0.036
997 248 11 14 0.036
603 236 7 9 0.036
780 193 6 8 0.035
523 228 7 10 0.035
332 177 8 9 0.035
965 189 8 10 0.034
876 167 6 7 0.034
569 249 10 14 0.034
520 225 6 8 0.033
878 222 9 12 0.033
468 219 8 10 0.032
531 209 6 7 0.032
424 101 7 8 0.032
309 95 6 7 0.031
379 101 7 8 0.031
504 128 8 10 0.031
823 178 6 8 0.031
782 193 6 7 0.030
195 138 6 6 0.030
67 209 12 14 0.030
967 257 11 19 0.030
991 156 5 6 0.029
610 261 9 11 0.029
719 136 6 7 0.029
950 258 13 16 0.029
239 130 5 6 0.028
467 72 6 8 0.028
702 230 7 10 0.028
855 240 8 11 0.028
984 209 8 10 0.027
472 218 7 10 0.027
436 104 5 7 0.027
332 174 7 9 0.027
603 155 7 8 0.027
889 273 15 21 0.027
469 152 6 9 0.026
587 238 7 9 0.026
471 203 8 9 0.026
826 177 6 7 0.026
298 216 9 12 0.026
22 219 11 12 0.026
504 179 7 8 0.025
613 211 6 8 0.025
162 142 6 7 0.025
750 165 7 8 0.025
704 160 8 10 0.025
517 338 20 27 0.025
508 179 6 8 0.025
794 163 8 11 0.024
878 243 9 12 0.024
517 225 9 12 0.024
561 143 7 8 0.024
867 222 10 12 0.024
908 203 7 9 0.024
556 219 6 7 0.024
511 336 20 27 0.024
991 205 9 10 0.023
747 156 6 7 0.023
512 209 6 7 0.023
453 194 7 9 0.023
979 278 11 18 0.022
278 251 11 18 0.022
784 374 28 29 0.022
112 242 12 17 0.022
565 129 7 8 0.022
750 195 6 7 0.022
533 211 6 8 0.022
418 97 6 7 0.021
1016 206 7 9 0.021
870 167 6 8 0.021
621 220 6 9 0.021
225 285 16 21 0.021
49 110 7 9 0.021
284 103 5 7 0.021
598 236 8 9 0.021
948 250 12 16 0.021
791 238 13 16 0.021
112 260 15 19 0.020
377 133 7 8 0.020
1014 200 6 8 0.020
11 148 7 9 0.020
119 214 9 12 0.020
688 200 7 8 0.020
845 195 7 9 0.020
591 234 7 8 0.020
808 219 8 10 0.020
691 162 6 8 0.020
465 73 6 9 0.019
912 199 6 8 0.019
993 156 5 7 0.019
694 158 6 7 0.019
279 257 12 18 0.019
498 130 6 8 0.019
793 236 9 13 0.019
732 175 6 8 0.019
160 268 15 20 0.019
873 221 10 12 0.018
1006 223 7 9 0.018
101 208 7 10 0.018
327 177 8 10 0.018
904 326 19 26 0.018
644 135 5 7 0.018
0 195 6 14 0.018
880 220 10 12 0.018
947 282 14 23 0.018
828 245 10 12 0.017
449 150 6 7 0.017
52 256 15 21 0.017
197 137 5 6 0.017
411 104 6 7 0.017
743 150 6 7 0.017
977 156 5 6 0.017
388 263 14 19 0.017
313 341 18 32 0.017
449 117 6 8 0.017
126 211 7 10 0.017
474 202 7 9 0.017
879 237 11 15 0.016
503 245 10 15 0.016
423 148 6 7 0.016
817 177 7 8 0.016
945 207 7 8 0.016
936 217 7 10 0.016
567 207 8 10 0.016
343 65 4 7 0.016
445 270 11 15 0.016
405 321 20 32 0.016
826 192 7 8 0.016
692 156 5 7 0.016
495 131 7 8 0.016
823 174 7 7 0.015
92 315 22 36 0.015
1001 186 7 11 0.015
462 73 7 9 0.015
480 202 8 9 0.015
796 194 6 8 0.015
824 185 7 9 0.015
217 247 9 12 0.015
776 152 6 8 0.015
144 207 7 9 0.015
773 151 7 8 0.015
505 178 9 10 0.015
627 173 7 8 0.015
647 210 7 8 0.015
776 362 35 45 0.014
980 289 16 24 0.014
464 251 9 13 0.014
527 282 12 20 0.014
742 145 6 8 0.014
611 167 6 8 0.014
578 171 5 7 0.014
914 202 9 10 0.014
469 248 9 11 0.014
13 345 19 38 0.014
968 199 8 9 0.014
265 282 19 23 0.013
509 254 12 17 0.013
839 222 8 10 0.013
295 247 10 14 0.013
570 129 6 7 0.013
1005 200 7 8 0.013
92 219 8 11 0.013
449 232 8 11 0.013
479 244 7 11 0.013
441 100 6 7 0.013
511 180 6 7 0.013
691 199 6 9 0.013
938 327 21 32 0.013
425 229 7 10 0.012
739 212 6 7 0.012
640 150 7 10 0.012
642 139 6 8 0.012
640 277 10 15 0.012
32 168 7 8 0.012
98 207 8 10 0.012
409 147 6 7 0.012
843 227 8 11 0.012
738 262 10 17 0.012
272 96 7 9 0.012
255 250 10 15 0.012
106 317 21 38 0.012
153 227 9 10 0.012
766 218 9 10 0.012
840 179 7 9 0.012
421 214 8 11 0.012
596 196 5 7 0.012
863 188 7 10 0.012
498 218 7 8 0.012
15 178 6 8 0.012
582 144 6 8 0.012
870 207 8 10 0.012
603 284 13 18 0.012
341 61 6 6 0.012
474 206 9 11 0.012
563 127 6 7 0.012
777 239 7 11 0.011
645 136 6 7 0.011
240 132 5 6 0.011
838 218 7 10 0.011
400 244 9 12 0.011
70 169 7 8 0.011
979 160 6 7 0.011
1018 160 5 7 0.011
901 220 8 10 0.011
294 216 9 11 0.011
694 166 6 7 0.011
224 127 6 6 0.011
511 207 6 7 0.010
152 229 9 11 0.010
428 227 8 10 0.010
738 232 7 11 0.010
601 261 10 14 0.010
271 249 11 16 0.010
142 239 10 12 0.010
0 483 16 68 0.010
