2_Demonstration_Protesters_2_179
25
514 194 36 42 0.801
644 153 32 44 0.797
153 188 38 46 0.794
981 186 17 24 0.675
4 318 12 14 0.568
56 316 12 14 0.565
845 154 24 37 0.548
81 324 13 14 0.514
102 317 11 14 0.428
102 322 11 15 0.089
17 284 6 7 0.080
48 365 13 15 0.051
962 194 15 20 0.045
26 313 8 11 0.042
48 314 9 12 0.035
850 118 32 36 0.033
545 222 22 28 0.030
15 283 6 8 0.029
49 361 11 12 0.023
740 224 20 24 0.015
103 329 9 12 0.013
848 142 28 45 0.011
551 221 21 25 0.011
103 314 9 13 0.011
965 191 19 25 0.011
