2_Demonstration_Demonstrators_2_499
34
260 356 24 29 0.762
813 348 21 29 0.758
760 342 24 27 0.752
977 322 40 50 0.748
603 365 20 23 0.748
361 364 21 25 0.741
454 362 21 25 0.728
635 364 19 23 0.708
551 357 18 25 0.690
516 387 17 21 0.675
697 378 17 23 0.656
485 383 16 19 0.629
426 360 17 23 0.612
908 354 25 38 0.595
963 346 18 26 0.547
832 325 21 29 0.527
656 368 13 21 0.438
525 368 15 17 0.114
713 377 14 18 0.107
965 340 24 33 0.090
578 372 13 18 0.083
583 370 13 16 0.078
420 365 17 22 0.049
694 359 13 17 0.032
521 369 14 18 0.031
697 264 15 19 0.022
699 372 16 21 0.021
956 345 19 26 0.016
576 361 13 19 0.015
905 367 21 30 0.015
574 375 12 18 0.014
662 374 14 18 0.012
718 376 13 18 0.011
1011 322 13 40 0.011
