2_Demonstration_Demonstrators_2_314
69
204 265 31 37 0.741
261 268 28 32 0.709
415 258 26 31 0.709
112 261 28 32 0.708
66 228 25 31 0.593
383 279 20 33 0.578
572 304 30 40 0.573
764 294 34 43 0.540
1 316 24 39 0.531
128 301 31 36 0.517
606 359 32 65 0.513
86 485 40 62 0.509
877 400 31 49 0.502
242 386 34 52 0.422
749 349 30 43 0.388
220 682 38 65 0.379
484 301 25 40 0.370
528 250 24 30 0.366
58 290 27 30 0.358
652 275 29 38 0.349
0 252 18 30 0.303
309 336 26 36 0.236
565 45 13 14 0.219
18 385 30 51 0.164
525 307 20 34 0.157
284 302 29 31 0.082
67 499 52 57 0.077
71 335 27 37 0.073
333 300 25 34 0.068
521 377 31 50 0.067
180 339 32 37 0.058
0 322 17 41 0.055
263 410 34 50 0.049
120 288 35 45 0.041
100 480 33 58 0.035
176 346 31 38 0.035
451 585 27 64 0.033
68 288 25 28 0.032
639 278 34 36 0.031
2 459 44 79 0.030
317 296 26 30 0.030
753 352 37 50 0.030
6 398 39 61 0.026
270 421 31 49 0.026
537 251 20 26 0.025
2 411 44 82 0.024
5 259 22 30 0.024
316 330 28 39 0.022
113 307 31 30 0.021
49 288 27 30 0.020
637 44 13 14 0.018
510 258 22 29 0.018
177 243 20 24 0.017
475 298 26 42 0.017
282 455 28 53 0.017
338 293 19 25 0.017
254 386 37 52 0.016
5 250 21 28 0.016
205 705 43 59 0.014
584 265 19 25 0.014
178 283 25 30 0.014
231 390 32 51 0.014
197 727 41 42 0.014
497 19 12 15 0.013
56 517 59 47 0.013
536 273 34 46 0.011
0 245 12 26 0.011
7 273 20 26 0.011
294 300 29 31 0.010
