2_Demonstration_Demonstration_Or_Protest_2_159
50
822 348 100 103 0.850
267 373 56 63 0.842
583 340 56 75 0.831
428 180 45 58 0.820
670 381 33 43 0.784
174 158 47 56 0.779
529 413 33 39 0.746
216 416 18 23 0.720
289 197 21 26 0.713
565 391 26 33 0.669
784 314 49 65 0.666
957 316 66 90 0.665
326 399 24 35 0.569
465 379 18 27 0.544
243 406 20 28 0.541
288 383 40 49 0.299
220 397 11 12 0.125
947 341 49 65 0.101
647 397 19 24 0.088
176 394 16 22 0.069
507 79 25 30 0.061
47 393 17 19 0.052
224 395 10 13 0.051
789 318 78 95 0.048
318 387 36 48 0.048
199 449 16 24 0.039
520 164 40 49 0.034
940 354 29 44 0.034
217 396 9 12 0.034
647 393 15 20 0.029
659 391 27 33 0.028
205 408 12 16 0.028
234 386 9 10 0.024
373 399 15 21 0.024
104 404 35 48 0.021
0 383 7 16 0.020
122 404 29 41 0.018
182 391 13 18 0.016
605 360 41 53 0.014
166 400 20 30 0.014
91 404 36 46 0.013
207 420 16 20 0.013
201 413 14 18 0.012
655 377 15 20 0.011
347 236 19 22 0.011
44 395 15 18 0.011
181 397 14 20 0.011
40 392 16 18 0.011
951 358 32 43 0.010
236 384 10 12 0.010
