2_Demonstration_Demonstration_Or_Protest_2_615
31
0 265 36 43 0.808
35 248 34 42 0.785
117 251 34 41 0.782
287 220 34 39 0.780
760 256 27 33 0.775
558 242 27 32 0.751
896 244 31 31 0.751
429 251 32 38 0.749
826 252 28 31 0.745
506 269 26 30 0.714
609 257 26 31 0.706
943 246 31 31 0.703
175 244 34 37 0.674
678 256 20 27 0.645
719 268 20 25 0.546
654 262 20 24 0.196
1004 231 20 29 0.078
661 259 18 22 0.068
386 214 25 34 0.064
983 255 19 24 0.063
147 249 21 27 0.043
997 242 20 27 0.043
987 247 21 28 0.037
660 268 17 21 0.025
133 246 27 34 0.021
1013 241 11 23 0.020
338 218 22 27 0.014
592 293 18 20 0.012
379 208 27 34 0.011
941 247 22 27 0.011
627 267 17 23 0.011
