2_Demonstration_Political_Rally_2_791
141
545 299 72 89 0.853
204 408 78 93 0.852
594 38 70 89 0.851
650 273 70 88 0.844
395 352 65 78 0.841
779 366 66 82 0.822
404 133 60 91 0.811
489 540 38 35 0.759
22 543 35 41 0.753
826 540 38 42 0.700
323 469 27 32 0.689
955 510 30 32 0.685
329 542 42 35 0.677
42 469 24 28 0.672
588 480 20 29 0.636
859 520 27 35 0.628
59 439 19 24 0.621
992 519 29 33 0.617
398 526 30 35 0.607
655 493 25 28 0.595
1004 409 18 25 0.584
924 492 22 27 0.584
129 525 24 29 0.561
855 493 22 28 0.557
936 551 38 27 0.523
963 430 22 27 0.500
677 520 31 42 0.500
313 434 22 25 0.498
733 538 41 41 0.443
623 501 23 29 0.405
945 328 14 18 0.384
14 511 21 27 0.383
81 392 20 25 0.370
36 396 16 19 0.359
1005 495 19 29 0.293
89 484 24 31 0.285
474 519 23 27 0.269
46 517 25 28 0.265
937 349 17 20 0.263
334 405 23 26 0.259
689 480 16 22 0.257
670 535 37 37 0.257
28 452 17 21 0.244
83 516 28 33 0.236
1013 461 11 25 0.233
1018 368 6 22 0.221
312 392 24 30 0.206
39 426 17 21 0.200
346 506 19 24 0.200
103 450 18 24 0.190
1015 468 9 23 0.182
947 469 14 22 0.175
961 339 15 19 0.166
373 536 25 30 0.163
993 341 16 19 0.135
669 549 35 29 0.128
973 387 18 21 0.121
161 565 35 33 0.117
334 370 15 16 0.110
981 394 17 22 0.106
56 540 33 36 0.106
38 414 17 22 0.102
654 427 14 16 0.098
452 487 17 20 0.098
669 428 13 18 0.093
659 427 16 17 0.092
971 383 17 20 0.091
433 502 18 23 0.081
952 262 16 19 0.081
986 571 35 24 0.079
309 474 18 25 0.078
618 472 15 21 0.075
623 446 12 14 0.072
977 306 14 17 0.071
316 550 40 26 0.067
340 509 28 30 0.065
975 360 16 21 0.058
643 464 22 28 0.055
327 374 17 20 0.054
454 489 20 25 0.050
682 451 13 16 0.036
30 363 14 19 0.035
63 363 21 23 0.034
27 317 12 14 0.034
639 470 17 23 0.033
306 386 37 46 0.031
52 321 13 15 0.031
969 373 18 22 0.030
688 519 28 38 0.029
667 397 8 9 0.029
966 379 16 20 0.029
467 322 11 15 0.029
700 520 26 34 0.028
1015 336 9 18 0.027
43 422 18 22 0.026
309 554 35 24 0.026
560 564 47 32 0.024
996 354 14 19 0.023
375 546 26 30 0.022
619 446 12 16 0.022
684 522 22 30 0.021
1009 452 14 21 0.021
908 538 37 36 0.020
54 526 30 33 0.020
649 459 20 25 0.020
993 395 17 22 0.019
27 472 17 24 0.019
1012 446 11 22 0.019
982 302 13 18 0.018
87 473 16 21 0.018
1006 346 9 20 0.017
812 322 12 14 0.017
509 430 27 32 0.016
64 563 30 30 0.016
71 361 18 20 0.016
324 396 20 23 0.016
873 465 16 22 0.015
391 491 31 28 0.015
83 494 34 45 0.015
674 430 14 16 0.014
77 521 27 31 0.014
345 402 17 20 0.014
23 315 12 15 0.013
611 465 13 18 0.013
953 252 19 23 0.013
104 487 20 25 0.013
915 548 39 29 0.013
404 489 23 25 0.013
58 554 30 30 0.012
286 505 28 32 0.012
106 456 17 23 0.012
887 513 21 25 0.012
56 365 18 21 0.012
648 475 34 44 0.012
308 422 20 27 0.012
440 512 19 24 0.011
49 323 12 14 0.011
680 456 13 18 0.010
765 487 7 8 0.010
331 367 21 25 0.010
945 559 28 21 0.010
