2_Demonstration_Political_Rally_2_301
116
676 319 18 20 0.639
178 236 10 12 0.355
166 275 10 12 0.309
644 273 12 15 0.256
546 280 12 14 0.250
128 231 10 13 0.246
523 261 11 13 0.232
491 266 9 12 0.232
50 235 9 11 0.227
209 248 10 11 0.212
433 259 9 13 0.188
25 265 8 10 0.186
605 264 10 11 0.169
183 269 7 10 0.166
338 281 11 14 0.164
478 266 9 12 0.164
407 246 10 13 0.147
325 249 9 12 0.145
345 252 10 13 0.144
688 287 13 16 0.137
311 315 12 13 0.135
486 266 11 12 0.133
502 267 11 14 0.129
197 285 8 10 0.129
373 254 10 12 0.119
473 305 10 12 0.118
593 273 13 14 0.117
411 278 12 14 0.117
254 243 10 12 0.099
569 279 11 13 0.096
30 266 8 9 0.091
47 233 10 11 0.086
410 270 12 15 0.080
339 276 11 14 0.078
553 268 10 12 0.078
409 267 11 14 0.075
592 270 11 14 0.075
401 246 11 13 0.074
356 232 9 12 0.073
419 309 11 13 0.070
341 241 10 12 0.067
599 268 12 13 0.065
339 239 10 13 0.064
27 261 10 11 0.063
525 278 11 14 0.063
459 259 10 14 0.060
628 272 10 12 0.058
173 237 10 12 0.055
139 271 8 11 0.054
455 259 11 14 0.054
128 271 8 9 0.053
187 241 8 10 0.053
135 233 10 12 0.053
349 252 11 12 0.051
357 256 10 12 0.049
542 272 11 13 0.045
520 259 10 12 0.043
689 261 11 13 0.041
191 245 8 10 0.039
391 243 10 12 0.038
386 261 9 12 0.036
329 257 11 15 0.036
477 306 10 12 0.035
795 296 14 18 0.035
130 272 9 10 0.033
407 274 13 15 0.032
299 250 10 11 0.031
626 268 10 12 0.031
946 307 19 19 0.031
153 236 8 10 0.031
314 252 10 12 0.031
693 285 12 16 0.029
620 271 10 12 0.028
470 244 8 10 0.028
159 272 8 11 0.027
412 289 12 14 0.026
18 262 8 9 0.025
624 276 10 11 0.025
492 263 9 12 0.025
473 259 9 12 0.025
487 243 8 10 0.024
467 287 10 13 0.024
324 254 10 12 0.024
330 277 11 15 0.023
231 247 8 11 0.023
55 237 8 10 0.023
256 249 10 11 0.023
499 254 9 10 0.023
394 244 11 11 0.023
127 233 8 12 0.023
213 247 8 12 0.022
686 264 13 14 0.022
695 278 12 16 0.022
251 245 9 12 0.021
316 315 11 13 0.021
295 249 10 12 0.021
284 247 10 13 0.020
769 293 17 20 0.020
684 285 13 16 0.019
468 293 10 13 0.019
208 245 9 11 0.018
599 279 12 13 0.018
685 261 10 12 0.017
593 263 9 11 0.016
415 284 12 15 0.016
429 273 10 13 0.015
185 242 8 11 0.015
309 249 10 12 0.014
664 284 9 12 0.014
408 287 12 15 0.014
578 274 11 12 0.013
555 264 9 11 0.013
310 254 10 13 0.013
124 272 8 10 0.011
246 243 10 12 0.011
617 264 9 10 0.010
