2_Demonstration_Demonstration_Or_Protest_2_453
54
475 233 87 110 0.833
61 307 32 44 0.791
7 290 45 60 0.776
573 324 30 36 0.768
398 260 43 67 0.763
184 275 60 74 0.726
608 293 25 35 0.721
755 328 21 26 0.717
647 279 21 32 0.709
719 338 18 23 0.685
692 312 20 26 0.684
806 310 18 25 0.684
662 305 20 27 0.681
739 311 16 20 0.670
722 318 15 18 0.588
270 336 19 24 0.554
914 322 16 19 0.552
338 307 30 38 0.345
295 326 15 18 0.238
754 306 12 15 0.233
236 312 20 27 0.163
173 276 50 60 0.088
226 298 28 41 0.084
556 322 15 23 0.075
290 325 15 19 0.071
875 334 13 19 0.062
238 325 18 22 0.056
0 76 11 81 0.054
0 338 15 43 0.053
756 308 14 14 0.045
567 234 10 14 0.042
779 307 12 14 0.040
215 285 41 56 0.039
559 313 22 29 0.030
1001 292 23 94 0.030
550 312 20 27 0.029
581 306 33 43 0.025
830 339 15 19 0.025
1006 276 18 81 0.023
872 340 15 22 0.021
880 332 12 18 0.019
775 324 12 16 0.019
599 96 10 12 0.017
834 323 11 16 0.016
834 315 11 18 0.016
341 319 23 29 0.016
633 103 9 12 0.015
1011 269 13 60 0.015
244 319 15 20 0.014
835 337 14 19 0.013
811 315 16 22 0.012
835 303 12 17 0.012
109 318 19 25 0.011
758 303 10 11 0.010
