2_Demonstration_Demonstration_Or_Protest_2_512
215
965 375 57 79 0.790
149 293 44 51 0.784
403 237 25 32 0.751
950 309 43 47 0.745
98 338 62 75 0.688
225 287 32 40 0.684
535 240 15 18 0.584
917 195 11 14 0.580
272 245 20 24 0.516
838 271 18 24 0.485
992 205 12 14 0.476
471 229 11 13 0.474
637 304 18 41 0.442
593 236 14 19 0.441
717 305 24 49 0.425
675 282 22 43 0.412
548 225 11 15 0.398
876 327 40 51 0.387
630 259 20 23 0.386
177 216 17 20 0.377
714 220 10 12 0.342
937 280 22 27 0.340
655 243 15 18 0.330
991 271 14 17 0.327
949 215 11 13 0.322
594 286 17 27 0.298
922 261 18 21 0.250
97 292 30 33 0.249
144 249 26 29 0.233
637 242 14 16 0.226
950 202 10 12 0.214
209 236 18 25 0.167
629 236 11 13 0.158
116 222 15 18 0.155
690 235 12 14 0.148
497 240 12 17 0.146
917 259 15 19 0.145
653 211 8 10 0.143
355 239 13 15 0.142
970 271 15 18 0.137
659 250 16 19 0.132
159 196 13 17 0.132
414 304 57 61 0.127
825 240 10 12 0.125
718 246 12 14 0.120
735 257 17 19 0.119
719 199 7 9 0.118
311 239 23 29 0.117
972 356 36 42 0.115
928 262 17 22 0.109
738 203 8 9 0.104
3 226 26 32 0.102
864 298 23 29 0.096
623 221 9 11 0.086
736 224 9 11 0.085
850 260 17 22 0.081
772 249 11 13 0.079
901 268 15 19 0.076
802 276 16 20 0.074
354 216 8 10 0.072
516 274 23 31 0.070
181 209 14 17 0.068
750 213 8 10 0.067
985 272 18 21 0.067
855 259 16 20 0.066
212 241 20 24 0.065
880 345 39 45 0.060
740 202 9 10 0.054
163 199 13 16 0.053
971 222 9 11 0.052
301 245 20 25 0.052
776 235 10 12 0.051
588 280 19 32 0.051
734 227 10 12 0.050
247 234 14 17 0.048
351 217 9 11 0.047
991 202 11 14 0.046
255 380 44 78 0.046
482 216 8 9 0.046
876 319 31 42 0.045
294 247 17 22 0.044
669 221 12 14 0.044
736 204 8 10 0.044
963 267 13 16 0.043
626 220 8 10 0.043
245 214 15 18 0.042
150 346 37 57 0.042
84 243 23 29 0.041
749 238 11 14 0.041
782 250 13 17 0.041
1014 272 9 16 0.040
244 238 16 21 0.039
674 427 42 105 0.039
802 226 8 10 0.038
352 241 13 17 0.038
812 210 8 10 0.038
386 218 11 15 0.037
712 221 8 10 0.037
861 294 19 26 0.037
503 244 14 21 0.036
213 227 14 17 0.035
619 209 8 8 0.034
1000 308 21 31 0.034
799 329 44 55 0.034
182 206 11 14 0.033
1012 207 8 12 0.033
717 203 9 10 0.033
245 224 16 19 0.032
771 251 13 17 0.032
134 208 15 18 0.032
697 235 11 13 0.032
995 203 11 12 0.032
52 205 10 12 0.031
622 244 14 18 0.031
828 241 10 13 0.031
4 208 19 26 0.031
856 220 11 14 0.030
83 253 27 34 0.030
967 248 11 14 0.029
699 206 7 8 0.029
774 233 9 11 0.028
133 195 16 18 0.028
319 204 9 11 0.028
22 191 11 12 0.027
806 272 14 18 0.027
498 247 16 21 0.026
446 218 8 12 0.025
5 213 21 33 0.025
515 222 7 9 0.025
756 208 8 10 0.024
955 276 17 21 0.023
972 358 48 68 0.023
804 229 9 11 0.023
814 254 13 17 0.023
767 263 14 17 0.023
489 218 7 10 0.022
739 225 11 13 0.022
264 364 44 80 0.020
175 259 24 30 0.020
855 289 18 23 0.020
430 210 8 9 0.020
779 232 9 11 0.020
753 242 11 14 0.020
299 207 9 11 0.019
454 224 12 15 0.019
913 257 14 16 0.019
250 227 13 16 0.019
1011 261 10 17 0.018
302 209 10 11 0.018
342 225 9 13 0.018
973 206 9 12 0.018
786 219 9 10 0.018
869 300 24 36 0.018
843 216 9 11 0.017
837 215 9 11 0.017
607 202 7 8 0.017
591 211 8 9 0.017
795 219 8 11 0.017
305 248 26 34 0.017
900 226 9 11 0.017
54 207 11 13 0.017
929 310 22 30 0.017
947 217 10 13 0.017
811 254 12 15 0.016
446 221 11 15 0.016
94 237 15 19 0.016
773 207 8 9 0.016
419 193 6 7 0.016
496 229 8 11 0.015
651 215 8 10 0.015
202 239 24 29 0.015
771 205 8 9 0.015
52 200 11 13 0.015
54 246 34 43 0.015
835 269 15 21 0.015
446 226 14 18 0.015
429 208 7 9 0.014
200 230 16 22 0.014
642 206 7 9 0.014
799 228 10 12 0.014
761 267 15 18 0.014
577 209 7 9 0.014
224 200 8 11 0.014
443 221 11 13 0.014
575 212 8 9 0.013
711 197 6 8 0.013
272 253 23 27 0.013
835 202 9 11 0.013
99 237 13 16 0.013
630 208 7 8 0.013
18 198 14 15 0.013
434 212 8 9 0.013
751 221 9 12 0.013
647 198 6 7 0.013
624 260 16 19 0.013
307 207 11 12 0.013
517 223 8 10 0.012
861 284 20 26 0.012
0 577 54 100 0.012
336 216 9 13 0.012
364 246 15 19 0.012
453 203 7 9 0.011
0 210 34 50 0.011
997 300 20 24 0.011
797 207 8 10 0.011
157 194 19 25 0.011
206 247 19 24 0.010
474 206 7 9 0.010
497 218 8 9 0.010
838 201 10 10 0.010
789 148 10 11 0.010
398 204 8 10 0.010
312 145 9 9 0.010
339 229 12 15 0.010
590 214 10 10 0.010
