2_Demonstration_Demonstration_Or_Protest_2_162
38
687 119 146 184 0.867
248 110 137 200 0.835
441 141 50 57 0.831
607 153 32 41 0.742
1 219 28 33 0.741
525 181 30 39 0.697
94 219 26 34 0.689
554 183 21 27 0.527
154 212 22 23 0.452
486 197 20 26 0.433
963 193 17 21 0.298
388 198 32 36 0.153
71 242 16 19 0.088
226 212 16 20 0.087
930 196 16 20 0.067
592 178 12 16 0.050
880 162 15 17 0.048
180 259 40 49 0.041
996 171 18 22 0.039
192 204 13 15 0.035
869 189 15 22 0.028
397 199 21 27 0.026
153 223 21 26 0.023
128 200 16 19 0.020
562 185 18 22 0.020
1017 196 7 21 0.019
848 197 22 29 0.016
958 187 15 20 0.016
595 176 13 17 0.016
858 195 20 25 0.015
953 190 13 17 0.013
938 195 13 18 0.013
935 210 15 20 0.012
655 156 21 28 0.012
865 192 19 27 0.012
585 177 13 17 0.012
847 158 15 18 0.011
920 194 16 19 0.011
