2_Demonstration_Demonstration_Or_Protest_2_1
92
608 247 42 59 0.815
959 273 44 54 0.811
409 247 39 47 0.805
356 255 41 50 0.805
896 115 40 43 0.803
481 285 41 52 0.801
207 248 40 44 0.794
206 125 44 55 0.792
349 10 35 40 0.791
483 32 32 40 0.785
848 90 36 42 0.780
224 0 34 40 0.779
926 265 37 53 0.763
301 263 35 41 0.761
815 525 43 56 0.761
307 514 45 65 0.750
893 252 38 44 0.749
173 164 37 48 0.748
323 474 42 51 0.748
1005 113 20 44 0.743
565 234 40 48 0.738
531 266 33 44 0.738
611 525 46 59 0.717
517 471 41 45 0.714
110 301 41 42 0.709
961 168 38 39 0.695
116 483 41 60 0.647
745 567 37 56 0.645
545 154 15 18 0.643
143 234 36 50 0.634
482 248 36 38 0.625
227 549 16 19 0.612
314 405 23 26 0.565
807 228 28 54 0.490
573 518 32 42 0.354
147 480 38 57 0.343
189 144 43 54 0.329
197 499 29 28 0.324
744 278 32 40 0.244
344 238 31 36 0.231
788 266 33 49 0.222
74 192 33 43 0.217
905 255 40 49 0.203
44 250 33 47 0.196
247 271 21 29 0.188
266 328 16 19 0.165
165 177 38 53 0.152
540 255 37 49 0.140
34 275 38 66 0.122
193 607 36 58 0.114
510 238 29 33 0.101
60 17 34 44 0.088
363 360 13 16 0.086
512 573 43 62 0.068
696 535 31 56 0.050
129 476 40 55 0.050
996 584 29 79 0.048
34 122 30 46 0.041
62 195 34 48 0.040
977 578 45 80 0.031
517 233 24 29 0.031
967 574 42 74 0.028
147 297 27 32 0.028
193 479 37 49 0.027
621 165 9 11 0.025
104 567 39 67 0.025
24 288 43 65 0.025
371 540 33 52 0.024
189 615 26 54 0.023
426 652 68 23 0.023
643 266 24 36 0.021
213 555 11 14 0.021
203 466 30 38 0.019
244 523 17 21 0.018
179 499 36 41 0.018
40 197 33 49 0.018
104 613 35 67 0.018
127 148 35 46 0.017
113 561 31 54 0.017
0 218 11 45 0.016
1008 605 16 59 0.016
328 237 30 34 0.015
33 254 40 56 0.015
317 236 29 32 0.014
53 193 29 45 0.013
524 560 37 55 0.013
686 514 30 56 0.012
159 490 32 43 0.012
785 166 38 48 0.012
545 538 34 46 0.012
333 232 35 45 0.012
735 262 40 52 0.011
