2_Demonstration_Demonstration_Or_Protest_2_617
27
55 414 55 64 0.852
590 485 60 65 0.831
7 401 41 43 0.805
731 80 66 81 0.795
154 387 54 67 0.793
540 440 44 48 0.763
648 458 43 53 0.746
415 451 47 51 0.742
313 437 51 63 0.740
799 498 170 118 0.715
231 412 31 39 0.670
263 465 64 71 0.596
366 430 29 38 0.523
289 429 27 35 0.186
502 418 34 38 0.043
1000 106 25 65 0.037
1016 18 9 66 0.026
496 425 37 43 0.026
781 494 39 57 0.022
462 453 38 48 0.022
288 475 47 63 0.020
196 485 34 55 0.018
502 438 34 43 0.016
716 513 35 40 0.016
802 526 99 87 0.015
275 430 36 39 0.014
222 420 43 54 0.010
