2_Demonstration_Demonstrators_2_307
740
650 119 9 12 0.636
192 380 12 17 0.634
283 343 12 17 0.628
389 394 15 17 0.618
437 72 9 12 0.617
468 82 10 13 0.615
907 216 10 12 0.614
845 213 10 12 0.612
429 103 10 12 0.607
101 502 12 17 0.607
114 255 11 15 0.605
606 148 10 12 0.601
753 169 10 12 0.598
203 453 14 17 0.597
642 188 10 12 0.596
744 115 10 13 0.593
246 67 10 12 0.593
77 429 14 18 0.591
741 60 9 11 0.590
251 168 9 13 0.590
120 283 11 15 0.588
553 84 10 14 0.586
90 118 9 12 0.586
742 194 10 13 0.581
556 35 9 12 0.580
588 91 9 12 0.577
55 198 10 14 0.576
258 97 9 12 0.575
702 78 10 12 0.574
122 185 11 14 0.572
380 94 10 12 0.572
198 90 10 12 0.570
1012 80 9 12 0.568
797 9 9 12 0.567
404 71 9 12 0.564
618 170 10 12 0.563
876 46 9 12 0.562
179 151 11 14 0.559
855 16 9 11 0.555
620 30 9 12 0.555
196 594 16 18 0.551
616 104 10 12 0.550
818 220 9 12 0.550
331 155 10 13 0.550
645 88 10 12 0.545
849 325 10 13 0.545
73 84 9 12 0.543
175 233 11 14 0.541
34 159 10 13 0.540
357 123 9 12 0.540
923 239 9 12 0.536
873 270 10 12 0.534
66 23 9 11 0.530
298 189 9 13 0.523
913 308 10 12 0.519
676 121 10 11 0.517
525 73 10 12 0.503
610 59 9 11 0.501
345 220 10 13 0.501
987 87 8 11 0.497
826 304 10 13 0.494
144 101 10 13 0.492
125 48 9 11 0.485
192 4 9 10 0.481
281 17 8 11 0.478
155 263 10 16 0.478
349 34 9 11 0.476
928 197 10 12 0.476
154 19 9 11 0.474
33 95 9 12 0.474
483 103 9 11 0.472
334 305 12 17 0.472
438 211 11 14 0.470
102 58 8 11 0.468
356 10 9 13 0.467
493 588 13 17 0.467
427 335 15 17 0.465
451 142 9 13 0.465
671 51 9 11 0.463
207 500 11 17 0.456
798 39 9 11 0.448
207 21 9 11 0.447
725 23 9 11 0.441
862 309 9 11 0.441
386 6 10 12 0.441
880 231 9 11 0.438
809 152 9 11 0.431
65 480 12 17 0.429
937 97 9 11 0.429
244 34 9 11 0.427
484 47 9 12 0.421
725 176 9 11 0.421
412 172 11 13 0.420
526 410 12 15 0.418
1008 351 11 14 0.414
849 271 10 12 0.412
987 24 9 10 0.409
745 224 10 12 0.406
707 10 8 10 0.404
686 94 10 12 0.403
135 3 8 11 0.402
373 160 10 13 0.402
974 390 10 13 0.402
414 106 9 11 0.400
51 127 9 12 0.397
684 39 8 11 0.379
888 16 8 10 0.367
918 282 10 12 0.364
114 26 9 10 0.363
358 220 10 13 0.354
877 76 8 11 0.352
44 48 8 10 0.346
939 112 8 10 0.345
262 25 9 11 0.342
232 310 13 18 0.336
528 34 9 11 0.333
345 47 9 12 0.332
835 239 9 11 0.321
800 210 9 11 0.316
996 247 10 12 0.314
688 19 8 10 0.311
476 127 10 11 0.309
726 56 8 9 0.303
949 266 9 12 0.297
242 200 10 13 0.294
484 322 11 15 0.294
575 131 10 12 0.282
849 5 8 9 0.279
778 0 8 10 0.274
557 60 10 12 0.274
270 152 11 14 0.273
25 52 8 10 0.273
917 260 10 12 0.271
450 412 12 16 0.265
291 556 14 17 0.259
961 0 8 8 0.257
356 141 10 13 0.255
714 134 10 12 0.255
893 4 7 10 0.254
845 53 9 11 0.253
393 597 13 17 0.251
542 133 9 12 0.248
984 21 8 11 0.242
311 105 10 12 0.240
42 581 14 16 0.240
827 190 9 11 0.238
533 311 13 16 0.238
560 634 12 14 0.236
776 62 9 11 0.231
152 91 9 12 0.229
587 112 8 10 0.224
320 139 8 11 0.218
895 164 9 12 0.217
530 72 10 12 0.217
794 298 9 10 0.213
295 439 12 17 0.210
690 362 11 12 0.210
248 4 9 10 0.204
100 37 8 11 0.198
975 221 9 11 0.198
693 57 8 10 0.196
991 375 12 14 0.195
137 340 13 17 0.195
938 103 9 11 0.193
150 378 12 17 0.190
377 44 8 12 0.189
428 0 7 8 0.188
668 9 8 10 0.188
865 270 11 12 0.177
346 42 9 12 0.174
956 257 9 12 0.173
268 130 9 11 0.172
996 235 9 11 0.172
845 145 10 12 0.172
223 24 8 10 0.171
282 46 9 13 0.167
147 298 11 15 0.166
851 80 8 10 0.165
943 146 9 10 0.161
369 346 14 18 0.160
748 0 7 8 0.159
87 27 8 11 0.158
703 367 11 12 0.153
298 144 9 12 0.152
452 452 13 18 0.144
935 169 9 12 0.143
792 189 8 12 0.142
359 61 8 11 0.136
139 159 10 12 0.134
4 172 11 12 0.134
740 17 8 10 0.133
368 7 8 11 0.133
714 138 9 12 0.132
653 0 7 8 0.127
903 134 9 11 0.127
428 49 9 11 0.124
454 49 9 12 0.123
586 28 8 11 0.122
783 130 10 12 0.121
849 144 9 12 0.120
473 17 9 11 0.115
65 306 11 15 0.113
323 211 9 13 0.112
182 313 13 17 0.110
144 89 10 12 0.110
506 4 7 9 0.110
263 453 12 17 0.110
433 527 14 17 0.109
145 82 9 12 0.108
191 21 8 10 0.108
56 129 9 12 0.107
987 0 8 11 0.106
93 32 8 11 0.104
616 200 10 12 0.104
699 366 10 12 0.104
960 21 8 11 0.104
535 502 11 14 0.101
492 439 13 17 0.100
72 45 8 12 0.100
32 540 13 14 0.096
906 63 7 9 0.096
121 33 8 10 0.094
509 479 12 18 0.093
92 320 12 15 0.092
846 4 8 11 0.091
150 22 10 12 0.091
172 73 8 11 0.091
301 34 8 11 0.091
90 58 8 11 0.090
844 454 12 14 0.089
311 48 8 13 0.089
4 152 9 12 0.088
916 331 9 11 0.088
1012 21 7 10 0.088
938 170 9 12 0.087
273 150 10 13 0.086
876 305 9 11 0.085
155 231 12 15 0.085
889 2 7 9 0.084
948 327 9 11 0.083
325 23 8 11 0.082
146 411 12 17 0.081
294 77 8 12 0.081
41 -1 9 10 0.080
422 416 13 17 0.080
947 349 9 11 0.079
957 255 9 12 0.078
542 384 11 14 0.076
962 235 9 12 0.076
294 548 13 18 0.075
724 56 7 10 0.074
892 166 10 12 0.074
90 75 8 12 0.074
511 476 12 17 0.074
288 561 15 16 0.073
579 21 8 11 0.073
294 126 10 12 0.072
713 143 9 12 0.072
952 218 9 11 0.071
190 54 9 12 0.071
35 541 13 15 0.071
183 405 12 17 0.070
488 537 12 17 0.070
745 2 9 11 0.069
851 57 8 11 0.069
740 353 11 12 0.068
436 524 13 17 0.068
748 46 7 10 0.067
884 330 10 13 0.067
623 184 11 12 0.066
24 65 9 11 0.066
691 366 11 12 0.066
222 70 9 12 0.065
139 3 8 10 0.065
394 584 14 17 0.065
630 40 8 11 0.063
969 419 12 14 0.063
447 447 14 18 0.063
862 125 9 12 0.063
100 81 9 13 0.062
979 259 8 12 0.062
140 98 10 14 0.062
335 297 12 17 0.062
316 123 10 13 0.061
958 218 8 11 0.060
478 356 14 16 0.060
843 359 10 12 0.060
110 301 12 16 0.059
562 355 11 14 0.059
37 33 9 11 0.059
264 30 9 12 0.059
52 102 8 10 0.059
498 44 9 10 0.058
352 142 9 13 0.058
506 486 12 16 0.058
600 484 12 15 0.057
885 18 7 10 0.057
657 2 8 10 0.057
54 352 13 19 0.056
485 357 13 15 0.056
775 2 8 11 0.056
341 121 8 12 0.056
455 522 15 16 0.056
280 391 12 17 0.055
453 571 12 16 0.055
941 150 9 12 0.055
772 155 9 11 0.055
0 557 5 18 0.055
931 195 9 13 0.054
190 48 9 12 0.053
987 334 10 12 0.053
576 21 8 10 0.053
349 538 12 16 0.053
716 155 10 12 0.053
939 0 7 8 0.052
323 47 8 13 0.052
4 175 10 13 0.052
450 521 15 17 0.051
489 357 13 14 0.051
349 52 10 12 0.051
903 64 8 10 0.051
872 177 9 11 0.050
716 510 10 13 0.050
889 328 9 13 0.050
437 229 13 15 0.050
141 102 10 13 0.049
566 352 12 15 0.049
983 74 8 9 0.049
495 357 10 14 0.049
946 143 8 11 0.048
79 433 15 17 0.048
498 441 12 16 0.048
845 49 8 12 0.048
995 379 11 12 0.048
625 31 10 11 0.048
254 3 8 10 0.048
285 558 14 17 0.048
769 565 10 14 0.047
790 195 9 12 0.047
633 42 9 10 0.047
901 132 10 12 0.047
587 528 11 14 0.047
530 314 12 16 0.047
882 327 9 12 0.047
93 78 8 11 0.046
313 48 9 12 0.046
815 93 8 10 0.046
204 504 11 15 0.046
629 537 11 14 0.045
501 75 8 11 0.045
151 441 12 17 0.045
296 553 13 17 0.044
269 442 11 17 0.044
617 136 9 13 0.043
707 367 10 13 0.043
389 464 11 17 0.043
822 220 10 12 0.043
264 218 9 14 0.042
491 505 12 16 0.042
1010 55 9 12 0.042
388 593 14 17 0.042
225 -1 8 8 0.042
337 289 12 15 0.041
964 -1 8 8 0.041
983 9 9 11 0.041
715 59 8 10 0.041
524 52 9 12 0.040
939 132 8 10 0.040
252 615 12 17 0.040
199 258 11 14 0.040
843 147 10 12 0.039
902 136 8 11 0.039
322 98 9 13 0.039
462 525 14 17 0.039
780 136 10 12 0.038
667 227 11 13 0.038
528 522 12 15 0.038
936 373 10 13 0.038
721 159 10 12 0.038
941 204 10 13 0.038
936 55 7 11 0.038
712 59 9 10 0.038
407 8 8 11 0.037
963 21 8 10 0.037
881 337 10 13 0.036
157 267 10 15 0.036
345 158 9 13 0.036
744 30 8 11 0.036
871 381 9 10 0.036
868 399 10 13 0.036
28 587 13 14 0.035
627 12 7 10 0.035
795 39 9 12 0.035
411 105 8 11 0.035
990 4 9 10 0.035
157 92 9 12 0.035
527 1 7 9 0.035
190 427 12 17 0.035
67 484 12 17 0.034
856 61 8 11 0.034
558 373 12 14 0.034
69 306 11 16 0.034
529 309 14 16 0.033
556 634 12 14 0.033
944 327 10 12 0.033
939 374 11 15 0.033
157 647 15 10 0.033
994 161 9 12 0.032
909 308 10 12 0.032
682 367 10 12 0.032
319 238 9 13 0.032
283 457 12 17 0.031
679 370 10 11 0.031
940 365 9 13 0.031
286 15 8 12 0.031
813 91 8 10 0.031
443 587 10 16 0.031
940 1 8 10 0.031
186 421 13 18 0.031
847 101 8 10 0.031
510 375 11 16 0.031
964 225 10 12 0.031
243 5 9 10 0.030
63 473 14 19 0.030
499 437 12 16 0.030
150 296 11 15 0.030
473 3 7 8 0.030
473 21 8 12 0.030
573 93 8 11 0.030
620 194 10 12 0.030
549 378 12 15 0.030
624 12 8 9 0.029
916 337 10 12 0.029
155 259 10 15 0.029
659 67 8 11 0.029
347 162 9 14 0.029
973 227 9 13 0.029
941 57 7 10 0.029
308 104 9 12 0.029
553 374 12 15 0.029
182 4 8 10 0.028
971 173 9 12 0.028
967 383 8 11 0.028
887 479 13 16 0.028
548 460 11 17 0.028
797 5 8 10 0.028
322 265 11 15 0.028
104 549 12 15 0.028
172 49 8 11 0.028
990 203 9 12 0.028
321 18 9 12 0.027
870 175 8 11 0.027
538 134 9 12 0.027
145 159 9 12 0.027
906 135 8 12 0.027
490 543 12 18 0.027
650 42 8 11 0.027
590 610 12 14 0.027
992 159 9 12 0.027
38 -1 9 9 0.027
945 5 8 10 0.027
326 98 9 12 0.027
642 40 8 11 0.026
196 3 8 12 0.026
370 5 8 10 0.026
215 56 10 11 0.026
997 164 8 12 0.026
0 497 7 17 0.026
488 321 12 15 0.026
817 410 11 13 0.026
10 151 10 13 0.026
393 167 10 13 0.026
246 619 14 17 0.026
986 153 9 13 0.026
887 57 8 11 0.026
954 135 9 11 0.025
989 157 9 12 0.025
755 13 7 10 0.025
267 4 8 9 0.025
760 593 10 11 0.025
774 150 9 11 0.025
282 39 9 12 0.025
951 326 9 11 0.025
932 199 10 12 0.024
317 5 8 11 0.024
879 310 8 12 0.024
39 2 8 10 0.024
803 208 9 12 0.024
422 368 13 17 0.023
95 105 9 12 0.023
54 345 14 18 0.023
270 434 12 17 0.023
410 0 8 9 0.023
265 202 9 12 0.023
975 102 8 10 0.023
196 257 11 14 0.023
625 15 8 10 0.023
142 340 14 16 0.023
121 21 8 11 0.023
456 460 13 17 0.022
318 19 8 11 0.022
941 195 9 12 0.022
148 366 13 17 0.022
487 41 9 12 0.022
173 9 8 10 0.022
989 28 8 11 0.022
64 -2 7 8 0.022
836 115 9 11 0.022
536 67 9 12 0.022
351 532 11 17 0.022
549 320 12 14 0.021
430 0 8 9 0.021
882 341 10 12 0.021
66 177 10 13 0.021
480 321 12 16 0.021
0 401 8 17 0.021
943 154 9 12 0.021
194 52 10 12 0.021
869 391 10 13 0.021
661 68 9 11 0.021
499 71 9 12 0.021
40 69 9 11 0.021
932 368 10 12 0.021
146 440 12 19 0.020
954 118 8 11 0.020
849 48 8 10 0.020
521 133 8 11 0.020
263 209 10 15 0.020
485 438 12 17 0.020
430 424 11 15 0.020
506 370 13 15 0.020
193 484 14 18 0.020
913 341 11 12 0.020
418 51 9 11 0.020
45 0 9 8 0.020
681 121 10 11 0.020
877 1 7 8 0.020
62 302 12 17 0.020
652 576 11 13 0.020
191 481 12 16 0.020
570 575 11 14 0.020
767 65 8 11 0.020
531 516 11 15 0.020
294 543 14 17 0.019
559 35 8 12 0.019
386 58 9 13 0.019
310 87 9 12 0.019
265 212 10 15 0.019
603 625 13 16 0.019
94 1 8 9 0.019
457 573 11 16 0.019
747 31 8 11 0.019
492 309 11 16 0.019
914 176 8 11 0.019
338 541 13 17 0.019
301 79 10 13 0.018
574 126 10 13 0.018
990 0 9 8 0.018
489 437 12 17 0.018
295 2 9 10 0.018
119 162 10 13 0.018
926 0 7 8 0.018
140 85 9 13 0.018
387 459 12 16 0.018
372 78 8 11 0.018
547 131 9 11 0.018
592 605 11 15 0.018
189 406 14 17 0.018
258 202 9 13 0.018
981 198 9 11 0.018
937 382 9 12 0.018
673 122 10 12 0.018
950 348 10 12 0.018
840 187 11 12 0.018
292 3 9 11 0.018
941 10 8 10 0.018
433 133 10 13 0.018
389 530 13 17 0.018
209 263 12 15 0.017
530 498 12 16 0.017
78 105 8 13 0.017
176 55 10 12 0.017
845 271 10 12 0.017
399 594 12 16 0.017
936 444 9 12 0.017
632 539 11 14 0.017
894 331 9 12 0.017
291 130 9 12 0.017
500 365 12 15 0.017
863 1 7 8 0.016
3 87 7 13 0.016
677 368 10 11 0.016
99 91 10 13 0.016
212 261 13 15 0.016
51 82 8 12 0.016
452 44 9 13 0.016
519 49 9 12 0.016
807 153 9 13 0.016
934 374 9 14 0.016
660 3 7 8 0.016
44 73 8 11 0.016
74 457 13 16 0.016
578 57 8 10 0.016
838 94 8 10 0.016
923 0 7 8 0.015
369 341 12 16 0.015
882 22 7 9 0.015
341 47 9 12 0.015
259 526 11 17 0.015
792 530 12 15 0.015
326 608 12 16 0.015
671 70 10 11 0.015
979 167 10 13 0.015
579 16 9 11 0.015
616 513 12 15 0.015
714 525 10 14 0.015
652 40 8 11 0.015
51 47 8 11 0.015
612 185 9 12 0.015
104 623 12 17 0.015
791 306 9 12 0.015
569 0 8 9 0.015
919 344 9 11 0.015
714 538 9 13 0.015
6 178 10 14 0.015
537 385 11 15 0.015
887 236 9 10 0.015
323 206 10 14 0.014
590 521 11 16 0.014
595 594 10 14 0.014
464 550 10 14 0.014
287 2 9 10 0.014
625 532 11 14 0.014
266 462 13 17 0.014
921 -1 7 7 0.014
887 140 8 11 0.014
183 307 12 17 0.014
86 97 10 12 0.014
293 73 9 13 0.014
3 79 7 12 0.013
993 205 8 12 0.013
75 433 14 18 0.013
417 55 9 11 0.013
345 544 13 16 0.013
169 326 12 17 0.013
506 517 13 17 0.013
101 0 8 9 0.013
169 332 12 15 0.013
732 0 7 7 0.013
317 86 9 13 0.013
539 44 8 10 0.013
389 148 10 12 0.013
837 88 8 11 0.013
387 601 15 17 0.013
377 96 11 13 0.013
935 113 8 11 0.013
809 168 9 12 0.013
614 84 9 11 0.013
118 252 10 15 0.013
133 330 12 16 0.013
295 450 14 17 0.013
238 35 8 12 0.013
839 116 10 12 0.012
999 364 10 13 0.012
310 3 9 10 0.012
3 91 7 13 0.012
175 315 13 17 0.012
802 104 9 10 0.012
300 147 9 12 0.012
459 468 12 18 0.012
729 -2 7 7 0.012
211 269 12 15 0.012
265 403 14 17 0.012
40 542 14 15 0.012
785 310 10 13 0.012
885 143 9 11 0.012
252 210 10 14 0.012
187 66 8 12 0.012
938 106 11 14 0.012
362 502 13 18 0.012
729 59 8 11 0.012
963 400 10 13 0.012
764 513 10 13 0.012
13 39 8 10 0.012
369 47 9 12 0.012
864 128 8 12 0.012
944 220 9 11 0.012
687 359 12 13 0.012
445 9 8 11 0.011
781 381 10 13 0.011
779 412 10 12 0.011
396 496 12 17 0.011
185 170 9 13 0.011
1017 145 7 14 0.011
646 626 12 16 0.011
266 125 10 13 0.011
608 55 10 13 0.011
50 319 12 14 0.011
529 405 11 16 0.011
350 57 9 12 0.011
187 316 13 16 0.011
87 434 13 16 0.011
50 19 8 11 0.011
434 230 12 16 0.011
196 648 14 9 0.011
237 198 10 14 0.011
1009 123 7 12 0.011
147 361 12 16 0.011
632 534 11 14 0.011
798 189 9 11 0.011
312 501 12 17 0.011
436 337 13 15 0.011
427 525 14 18 0.011
172 236 10 15 0.011
579 130 9 12 0.011
794 80 9 12 0.011
485 18 8 10 0.011
901 164 8 11 0.011
490 16 8 10 0.010
882 145 8 11 0.010
69 175 10 12 0.010
0 514 8 15 0.010
758 228 10 12 0.010
991 168 9 12 0.010
297 276 12 17 0.010
463 539 13 16 0.010
592 91 9 12 0.010
171 336 12 16 0.010
514 495 11 15 0.010
565 499 12 15 0.010
107 256 12 16 0.010
203 256 13 16 0.010
122 82 8 13 0.010
805 105 8 11 0.010
240 554 12 16 0.010
874 381 9 11 0.010
742 623 13 15 0.010
501 61 9 12 0.010
335 191 10 14 0.010
404 10 9 12 0.010
