2_Demonstration_Protesters_2_362
49
811 405 75 77 0.823
235 369 60 84 0.816
418 494 13 16 0.606
884 522 22 31 0.584
450 505 14 18 0.536
868 535 20 30 0.381
385 517 12 16 0.296
465 548 10 14 0.260
703 532 9 12 0.179
357 492 8 12 0.131
459 510 10 15 0.110
147 465 22 32 0.107
708 555 13 20 0.097
16 307 60 88 0.096
989 567 9 10 0.070
954 478 8 10 0.066
364 492 8 11 0.053
696 505 7 8 0.049
154 470 23 33 0.047
984 476 7 8 0.046
929 512 8 11 0.045
957 478 7 10 0.042
712 557 14 21 0.038
903 498 8 10 0.038
979 502 8 10 0.031
870 507 8 9 0.029
353 492 8 11 0.029
459 505 11 16 0.023
400 495 10 12 0.021
978 487 6 8 0.019
708 533 8 10 0.018
981 500 7 10 0.017
681 509 7 9 0.017
727 510 9 11 0.017
369 491 7 9 0.017
698 503 6 8 0.016
500 554 10 10 0.016
701 554 14 20 0.016
883 519 15 23 0.014
906 498 9 12 0.014
463 509 11 14 0.013
141 464 20 30 0.012
943 478 9 10 0.011
951 475 10 12 0.011
416 493 11 14 0.011
986 564 9 12 0.010
124 191 44 58 0.010
464 540 10 16 0.010
986 503 7 9 0.010
