2_Demonstration_Demonstrators_2_546
62
945 168 25 35 0.702
804 199 28 36 0.667
434 178 19 31 0.638
478 168 18 26 0.579
328 203 23 31 0.517
603 150 17 32 0.464
198 194 19 21 0.372
986 160 17 29 0.354
699 162 23 30 0.321
151 178 18 24 0.282
843 176 15 19 0.271
225 159 19 23 0.254
986 152 16 23 0.203
527 155 15 23 0.183
491 169 14 24 0.156
339 162 18 24 0.143
286 169 17 26 0.086
378 176 17 25 0.084
384 184 17 26 0.083
384 173 17 24 0.075
337 202 22 31 0.069
368 170 16 24 0.061
944 153 12 19 0.060
221 164 20 23 0.052
439 151 14 18 0.050
519 183 18 22 0.050
801 203 20 27 0.048
413 139 14 20 0.048
699 172 21 28 0.048
381 166 17 23 0.043
889 156 14 16 0.042
1016 153 7 22 0.038
948 147 10 13 0.034
943 154 10 14 0.034
946 150 10 15 0.033
758 172 21 29 0.033
949 144 10 11 0.029
414 157 15 22 0.028
303 224 13 16 0.026
750 166 20 28 0.025
983 155 16 24 0.025
386 193 17 24 0.024
996 176 15 21 0.023
150 186 18 23 0.019
766 169 19 25 0.019
598 154 16 27 0.018
668 166 17 23 0.017
841 180 16 21 0.016
529 163 16 24 0.016
1010 167 11 24 0.016
720 159 21 27 0.016
183 186 12 17 0.016
764 183 19 26 0.015
984 151 13 19 0.015
549 163 14 23 0.012
326 199 18 25 0.012
676 153 18 26 0.012
522 148 18 24 0.011
678 134 19 22 0.011
549 175 16 24 0.010
607 158 18 27 0.010
345 160 18 23 0.010
