2_Demonstration_Protesters_2_131
375
88 584 18 21 0.742
36 596 19 25 0.730
126 616 19 24 0.717
461 617 19 24 0.715
865 567 19 24 0.707
266 582 15 20 0.705
298 626 18 23 0.702
956 556 17 20 0.698
316 592 17 21 0.696
212 617 19 24 0.684
185 587 17 21 0.664
45 569 19 20 0.658
479 560 14 18 0.652
414 581 15 21 0.652
409 540 11 15 0.651
190 560 13 17 0.642
130 583 15 20 0.641
308 555 12 16 0.639
266 662 26 23 0.638
977 571 18 23 0.629
884 609 14 23 0.585
553 550 13 15 0.579
825 516 9 12 0.568
219 553 11 14 0.565
937 525 9 12 0.563
27 641 18 26 0.561
361 560 11 13 0.530
893 556 14 20 0.523
256 525 8 10 0.520
405 520 9 11 0.506
465 534 9 11 0.506
628 600 12 23 0.500
667 577 11 19 0.496
711 542 10 16 0.489
221 514 8 10 0.483
788 534 9 12 0.459
170 540 12 15 0.447
751 524 8 11 0.446
882 518 9 11 0.438
183 522 9 10 0.435
36 538 13 16 0.435
692 546 11 15 0.432
149 535 10 12 0.414
998 534 9 13 0.411
904 517 8 12 0.411
623 521 9 11 0.400
607 552 11 14 0.381
836 591 13 22 0.361
515 514 8 10 0.348
710 570 10 20 0.343
742 506 8 10 0.342
741 547 10 15 0.342
868 515 8 10 0.337
502 524 7 9 0.332
135 525 9 11 0.328
723 507 8 10 0.325
61 530 9 11 0.317
120 522 7 10 0.306
867 497 7 8 0.301
390 519 8 9 0.300
1007 561 13 17 0.292
427 515 7 8 0.291
958 527 9 13 0.285
417 562 10 14 0.285
470 509 6 7 0.279
140 558 11 13 0.273
767 502 7 9 0.270
665 516 8 10 0.261
379 608 12 25 0.259
688 502 7 8 0.253
321 524 7 9 0.247
170 512 7 9 0.229
365 525 7 9 0.229
200 507 7 8 0.224
873 516 9 11 0.220
287 523 7 10 0.218
964 501 7 9 0.200
786 503 7 9 0.199
459 548 11 13 0.199
566 524 8 9 0.194
908 546 10 14 0.186
951 515 8 10 0.183
779 515 7 10 0.183
517 539 10 13 0.183
777 516 7 10 0.183
634 510 7 9 0.179
352 538 8 9 0.175
940 497 7 8 0.174
670 636 11 22 0.165
805 503 7 8 0.165
78 503 7 8 0.165
704 531 8 11 0.161
906 516 8 11 0.159
101 518 8 9 0.159
55 506 7 9 0.156
204 557 13 15 0.155
612 509 7 8 0.155
722 618 20 21 0.154
96 491 6 8 0.149
303 520 7 8 0.148
461 545 10 13 0.148
430 494 6 6 0.141
369 510 6 8 0.141
362 582 10 17 0.141
975 497 6 8 0.140
786 487 6 6 0.139
237 548 9 12 0.139
687 503 6 8 0.138
662 514 8 11 0.135
378 532 8 10 0.133
672 537 8 11 0.131
769 501 7 10 0.131
506 523 8 10 0.130
184 507 7 9 0.129
213 530 8 10 0.129
525 528 7 10 0.125
549 532 9 10 0.122
864 515 10 11 0.121
709 506 6 8 0.121
746 553 11 19 0.121
590 512 8 10 0.117
319 539 9 11 0.116
452 499 6 7 0.116
130 487 5 6 0.110
713 572 10 19 0.109
523 531 8 10 0.109
463 494 5 6 0.109
718 505 9 10 0.106
849 490 5 8 0.106
511 641 11 22 0.104
324 524 7 9 0.101
560 514 6 7 0.100
116 542 9 12 0.099
345 510 6 7 0.097
357 532 7 10 0.097
345 562 10 14 0.094
154 523 7 10 0.094
1003 547 11 17 0.094
981 533 10 13 0.092
898 555 12 19 0.091
592 494 5 6 0.091
694 515 7 9 0.090
904 497 6 9 0.090
906 498 6 9 0.089
32 501 7 8 0.088
562 514 6 7 0.088
581 562 10 17 0.087
802 542 11 15 0.084
67 515 7 10 0.083
414 575 13 20 0.081
4 509 7 9 0.080
903 493 6 8 0.079
782 508 8 11 0.077
1018 515 6 9 0.076
175 497 6 7 0.076
533 498 6 8 0.076
701 533 9 13 0.076
955 633 18 30 0.076
829 564 14 21 0.075
961 500 8 9 0.074
251 510 6 8 0.074
203 507 6 8 0.074
326 504 6 7 0.074
954 516 8 11 0.074
352 563 10 12 0.073
745 547 12 17 0.072
920 613 15 21 0.072
608 526 8 9 0.071
659 550 10 13 0.069
5 533 9 13 0.068
42 512 7 8 0.067
198 607 14 18 0.067
685 500 8 9 0.066
405 500 6 6 0.064
716 524 9 14 0.064
129 507 7 9 0.063
832 621 14 23 0.063
133 486 5 6 0.063
3 530 8 13 0.062
607 492 5 7 0.061
853 490 6 6 0.060
655 553 10 15 0.060
628 520 10 11 0.059
1 527 8 12 0.059
1018 583 6 20 0.058
670 539 8 12 0.058
363 496 6 6 0.057
118 530 8 12 0.056
846 490 5 7 0.056
797 541 11 16 0.056
443 491 5 6 0.056
759 579 12 20 0.053
999 498 6 9 0.052
814 484 6 7 0.051
446 550 9 13 0.050
41 546 13 16 0.050
969 499 8 10 0.050
448 494 5 6 0.050
617 524 9 10 0.050
791 522 8 13 0.049
1001 520 8 10 0.049
848 543 11 15 0.049
404 523 8 10 0.048
610 545 10 14 0.047
652 556 10 17 0.046
994 505 7 9 0.046
290 550 8 12 0.046
614 508 6 8 0.045
560 522 7 9 0.045
250 508 7 7 0.044
939 501 7 8 0.044
385 504 5 7 0.043
590 495 5 7 0.042
368 523 9 10 0.042
626 476 5 6 0.042
67 480 5 6 0.042
287 520 7 9 0.042
672 567 10 16 0.042
664 551 9 14 0.042
758 478 5 7 0.042
890 506 6 9 0.041
244 526 7 9 0.041
972 515 8 11 0.041
656 482 4 6 0.040
131 485 5 6 0.040
1001 534 10 13 0.039
345 519 6 9 0.039
857 518 8 10 0.038
792 477 5 6 0.038
703 568 11 19 0.037
795 504 8 9 0.037
653 568 11 19 0.037
79 500 8 9 0.037
794 476 4 6 0.037
971 487 6 7 0.037
393 491 5 6 0.036
168 555 11 15 0.036
309 500 6 6 0.036
954 494 6 8 0.036
1000 512 7 10 0.035
4 536 8 13 0.034
261 524 7 10 0.034
636 497 6 7 0.034
35 501 9 10 0.034
215 571 10 12 0.033
729 506 7 9 0.033
995 500 6 9 0.033
911 545 11 14 0.033
1000 496 6 8 0.033
38 478 5 6 0.033
396 492 5 6 0.031
904 490 6 7 0.031
838 595 15 22 0.031
123 543 9 12 0.031
174 479 5 6 0.030
670 486 5 6 0.030
368 499 6 6 0.029
85 557 11 15 0.029
533 514 6 8 0.029
344 511 8 9 0.029
14 506 9 11 0.029
69 535 9 11 0.029
25 579 15 19 0.028
635 502 6 7 0.027
42 551 13 16 0.027
661 495 6 6 0.027
27 515 7 10 0.027
104 501 6 8 0.026
708 496 5 6 0.026
331 500 5 7 0.026
93 508 7 9 0.026
817 472 5 6 0.026
842 545 10 14 0.026
351 492 5 6 0.025
296 596 11 15 0.025
983 536 11 13 0.025
66 481 5 7 0.025
577 501 6 7 0.024
581 492 4 6 0.024
576 541 8 12 0.023
974 588 14 21 0.023
860 495 8 9 0.023
671 483 5 6 0.023
27 495 6 7 0.022
680 492 5 6 0.022
970 503 8 9 0.022
270 549 8 12 0.022
616 493 5 6 0.022
24 498 6 8 0.021
13 519 8 10 0.021
533 497 5 7 0.021
677 566 10 13 0.021
798 552 11 18 0.021
923 508 7 10 0.021
276 509 6 7 0.021
999 507 8 12 0.021
307 499 5 7 0.021
446 533 8 11 0.021
845 494 6 7 0.020
600 578 9 16 0.020
257 499 6 7 0.020
69 540 9 11 0.020
812 628 16 25 0.020
929 504 7 8 0.020
169 561 11 14 0.019
745 492 6 7 0.019
227 498 6 8 0.019
723 493 5 6 0.019
772 487 5 7 0.018
684 515 7 9 0.018
184 653 12 22 0.018
87 554 10 15 0.018
754 474 5 6 0.017
772 482 5 6 0.017
586 474 5 5 0.017
733 490 5 7 0.017
741 551 12 18 0.017
1004 498 6 8 0.017
869 475 5 5 0.016
69 517 8 10 0.016
77 476 5 7 0.016
822 505 7 8 0.016
178 495 6 6 0.016
336 580 10 16 0.016
995 515 8 10 0.016
802 499 7 10 0.016
987 482 5 6 0.016
495 514 6 8 0.015
646 490 5 7 0.015
589 524 8 10 0.015
749 466 4 5 0.015
116 506 6 8 0.014
114 537 9 13 0.014
704 578 12 19 0.014
300 524 7 10 0.014
814 471 5 6 0.014
713 557 11 18 0.014
327 532 8 10 0.014
333 495 5 6 0.014
652 550 9 13 0.014
257 558 10 14 0.014
134 499 7 8 0.013
530 550 10 15 0.013
173 498 7 9 0.013
588 475 4 5 0.013
807 636 16 24 0.013
75 476 5 6 0.012
17 489 6 7 0.012
376 537 8 9 0.012
18 582 14 17 0.012
668 498 6 7 0.012
838 554 13 17 0.012
1014 541 8 14 0.012
590 494 8 8 0.012
980 537 10 13 0.012
890 538 9 13 0.012
880 547 12 15 0.011
537 496 5 7 0.011
73 542 9 13 0.011
353 581 12 17 0.011
465 594 14 18 0.011
734 531 8 12 0.011
119 522 11 15 0.011
201 612 15 21 0.011
763 578 12 18 0.011
884 542 11 16 0.010
87 562 12 12 0.010
719 511 7 10 0.010
973 472 4 5 0.010
94 524 8 11 0.010
412 485 5 5 0.010
624 538 9 14 0.010
82 562 11 13 0.010
285 505 6 6 0.010
326 486 4 5 0.010
