2_Demonstration_Demonstration_Or_Protest_2_140
504
332 605 20 25 0.782
954 639 26 29 0.751
803 643 18 22 0.748
204 540 15 19 0.742
768 540 17 22 0.742
137 583 19 25 0.739
413 561 17 21 0.731
429 620 19 22 0.723
302 605 16 22 0.723
764 623 17 22 0.717
833 541 16 20 0.717
158 544 15 19 0.714
332 519 15 19 0.712
806 567 16 23 0.708
742 547 15 21 0.708
956 589 18 22 0.701
756 576 17 21 0.699
184 650 21 21 0.698
452 642 18 21 0.698
547 524 15 19 0.695
304 557 16 20 0.695
181 616 18 19 0.694
687 504 15 18 0.693
524 527 14 16 0.693
617 526 16 21 0.692
244 605 16 22 0.692
786 560 16 20 0.691
523 574 18 23 0.690
513 501 13 18 0.686
843 629 25 31 0.685
233 463 14 19 0.685
451 484 14 18 0.682
724 473 15 17 0.681
250 562 14 20 0.678
533 490 14 19 0.677
413 653 20 19 0.677
281 524 15 18 0.676
859 596 17 18 0.675
494 475 14 17 0.672
722 627 18 22 0.670
559 502 14 19 0.669
779 522 14 17 0.667
703 461 13 17 0.667
549 475 14 18 0.667
383 475 12 14 0.662
638 487 14 18 0.662
907 643 24 25 0.660
565 466 13 16 0.655
687 414 12 16 0.654
762 595 16 19 0.653
624 626 18 22 0.652
683 476 13 15 0.650
577 328 11 13 0.646
456 396 12 15 0.646
415 477 15 17 0.643
512 385 12 14 0.642
376 510 13 17 0.641
377 570 16 20 0.640
649 528 15 16 0.638
447 607 15 21 0.632
159 592 17 20 0.631
711 571 15 18 0.629
374 630 20 24 0.626
640 384 11 15 0.625
591 457 13 16 0.621
365 600 17 20 0.619
740 395 12 15 0.619
697 587 16 20 0.616
561 354 10 13 0.612
548 394 12 15 0.609
911 575 15 19 0.609
929 324 11 13 0.609
572 537 14 17 0.600
552 417 11 14 0.600
623 377 11 12 0.593
601 379 11 15 0.588
644 461 13 16 0.588
914 602 18 19 0.581
233 484 13 17 0.580
930 642 17 24 0.580
661 638 20 20 0.577
722 312 10 13 0.575
861 324 11 13 0.572
897 281 9 12 0.570
860 289 9 13 0.570
653 600 16 19 0.559
673 542 13 18 0.559
490 531 15 19 0.559
299 519 15 18 0.558
388 616 16 20 0.552
570 286 8 11 0.550
585 313 9 11 0.550
493 629 16 20 0.550
679 298 10 11 0.548
534 297 9 13 0.547
594 344 9 12 0.543
928 309 10 12 0.543
656 332 9 12 0.541
528 620 20 24 0.541
482 636 16 20 0.538
203 588 13 20 0.536
854 264 8 11 0.535
568 430 11 15 0.525
220 620 19 22 0.523
607 657 23 21 0.517
871 237 8 10 0.516
605 314 8 11 0.516
804 304 9 11 0.515
673 369 10 13 0.510
711 390 10 13 0.510
630 470 13 16 0.503
785 262 9 11 0.501
543 257 7 10 0.494
692 271 8 10 0.490
786 318 10 11 0.490
751 285 8 10 0.489
558 384 10 13 0.489
565 246 8 10 0.488
433 589 14 20 0.479
761 297 8 11 0.478
821 322 9 11 0.476
769 234 8 10 0.474
742 242 8 10 0.468
934 281 10 11 0.467
760 260 8 10 0.463
596 287 8 10 0.456
668 249 8 10 0.452
824 275 9 12 0.445
596 245 8 9 0.443
494 431 10 12 0.439
617 285 8 10 0.434
672 316 9 12 0.434
414 530 15 18 0.427
969 264 8 10 0.427
963 232 7 9 0.423
835 247 8 9 0.420
656 561 15 18 0.418
609 432 11 15 0.416
655 272 9 12 0.414
469 387 12 13 0.414
798 241 8 9 0.409
985 263 9 11 0.404
704 217 6 9 0.383
933 245 7 9 0.372
628 504 11 14 0.364
687 310 8 10 0.360
947 188 7 8 0.358
764 657 13 16 0.358
611 248 7 9 0.355
583 228 8 10 0.354
685 281 8 11 0.352
888 228 8 10 0.345
740 226 7 8 0.342
600 276 7 9 0.342
1000 217 7 10 0.340
488 633 17 20 0.335
906 324 9 12 0.330
685 241 6 9 0.325
744 650 20 21 0.324
732 168 5 7 0.320
935 206 7 9 0.319
673 391 11 13 0.303
510 574 14 18 0.298
973 197 6 8 0.288
939 228 7 9 0.288
865 181 6 8 0.286
631 246 7 9 0.286
699 653 15 18 0.283
598 551 15 18 0.277
759 209 7 8 0.276
913 178 7 8 0.274
925 184 6 8 0.273
738 188 5 7 0.271
721 256 7 9 0.267
528 255 7 8 0.267
841 301 8 11 0.257
679 390 12 14 0.257
891 189 7 8 0.257
641 236 7 8 0.255
524 278 8 10 0.255
731 233 7 9 0.254
818 202 7 10 0.249
889 272 8 9 0.240
972 216 7 9 0.236
304 661 23 19 0.233
685 256 7 9 0.227
736 268 7 10 0.227
704 200 6 7 0.226
620 568 13 18 0.223
844 239 8 9 0.223
755 654 17 19 0.221
880 221 7 9 0.219
925 234 7 9 0.218
684 311 9 12 0.212
740 214 6 7 0.208
953 215 7 9 0.208
750 157 5 7 0.201
672 214 6 8 0.201
899 201 6 8 0.200
626 611 14 15 0.200
794 218 6 8 0.199
684 350 10 12 0.188
885 202 7 8 0.185
665 453 11 14 0.183
820 271 8 12 0.182
745 598 13 17 0.176
634 184 6 7 0.176
854 218 7 9 0.170
699 166 5 7 0.170
808 276 8 10 0.169
845 161 6 7 0.169
794 172 6 7 0.169
17 654 19 18 0.165
819 189 6 7 0.162
873 287 9 11 0.162
1017 199 6 9 0.161
204 639 15 19 0.161
606 184 6 8 0.160
841 242 7 10 0.160
621 223 7 8 0.154
692 360 10 13 0.154
724 253 7 10 0.149
696 360 10 12 0.149
718 258 7 8 0.148
781 210 7 8 0.143
682 207 7 9 0.143
572 447 10 14 0.143
763 176 5 6 0.143
689 224 7 8 0.139
673 376 11 14 0.138
667 171 6 7 0.138
635 281 7 10 0.138
681 387 11 14 0.138
580 325 10 12 0.135
455 636 18 24 0.134
727 251 8 9 0.132
950 211 7 9 0.132
511 580 13 18 0.131
680 165 5 6 0.128
33 665 18 18 0.127
718 186 6 6 0.127
687 353 11 13 0.125
723 348 9 11 0.125
937 281 10 12 0.124
367 547 14 18 0.123
837 632 20 25 0.121
812 158 6 7 0.121
591 383 9 13 0.120
602 246 7 9 0.118
824 237 7 9 0.118
856 263 9 11 0.118
629 213 5 7 0.117
957 215 7 8 0.116
595 545 14 16 0.115
693 138 6 8 0.114
843 197 6 8 0.113
876 285 8 10 0.112
751 158 5 7 0.111
620 285 8 9 0.111
823 171 5 7 0.109
931 307 10 12 0.107
999 214 7 10 0.106
519 623 16 21 0.106
627 213 6 8 0.105
1001 249 7 10 0.104
825 189 6 7 0.104
753 278 9 12 0.104
824 150 5 6 0.102
926 186 6 8 0.101
658 202 6 8 0.099
836 218 6 9 0.099
596 210 6 8 0.099
855 216 7 9 0.099
873 190 6 8 0.098
775 187 6 7 0.098
889 187 8 9 0.097
839 182 6 7 0.096
839 180 6 7 0.096
714 382 10 14 0.094
823 223 7 8 0.094
825 151 5 7 0.093
780 251 8 11 0.093
840 221 7 8 0.091
746 176 6 7 0.089
831 188 7 8 0.089
679 144 6 7 0.088
762 212 7 9 0.086
695 243 7 8 0.085
589 385 9 12 0.085
669 171 6 6 0.084
528 377 9 12 0.084
651 559 13 19 0.084
692 224 6 8 0.082
685 209 7 9 0.081
644 214 6 8 0.080
520 280 9 11 0.080
863 196 7 8 0.079
828 277 9 11 0.077
371 562 16 19 0.075
883 328 10 10 0.074
702 236 7 9 0.074
972 482 12 15 0.074
768 191 6 8 0.072
1002 218 8 9 0.072
806 222 7 8 0.072
901 199 6 9 0.071
355 569 14 17 0.069
897 229 8 10 0.069
971 249 8 9 0.068
680 208 7 10 0.067
887 157 5 6 0.065
529 271 8 11 0.065
782 206 7 8 0.064
840 198 6 8 0.064
968 248 7 10 0.063
793 280 7 10 0.063
726 259 9 11 0.060
891 247 7 10 0.060
599 287 7 10 0.060
604 184 6 9 0.058
310 658 20 17 0.057
654 199 6 7 0.057
789 199 7 7 0.057
571 298 8 11 0.056
884 179 6 7 0.055
795 278 7 10 0.055
692 551 14 18 0.054
793 180 6 8 0.054
269 659 17 17 0.054
997 249 8 10 0.054
921 233 7 9 0.053
688 524 14 15 0.053
843 171 5 7 0.052
939 298 9 12 0.052
916 645 25 24 0.051
688 613 17 20 0.051
973 172 6 7 0.050
814 204 7 9 0.050
271 654 17 18 0.050
911 231 7 10 0.050
714 211 6 7 0.050
798 144 5 6 0.049
1017 242 6 10 0.049
504 239 8 10 0.048
718 188 5 7 0.048
741 195 6 8 0.047
659 204 6 8 0.046
690 196 6 8 0.046
750 288 8 10 0.046
602 553 15 19 0.046
655 217 6 8 0.045
931 482 17 21 0.044
443 480 12 16 0.044
671 659 18 17 0.041
845 135 5 6 0.041
166 507 13 16 0.041
894 194 8 10 0.041
795 148 5 6 0.040
780 291 8 10 0.039
440 483 11 15 0.039
630 270 7 9 0.038
645 235 6 8 0.038
889 191 7 9 0.037
497 435 10 12 0.037
511 263 7 10 0.037
517 271 8 11 0.037
885 158 5 7 0.034
797 147 5 6 0.034
794 159 5 6 0.034
321 651 21 16 0.034
869 212 7 9 0.034
828 483 14 16 0.033
917 209 7 8 0.033
846 158 5 7 0.033
489 605 15 19 0.033
655 196 6 7 0.032
712 136 5 7 0.032
470 590 11 15 0.031
277 652 19 18 0.031
817 156 5 7 0.031
903 325 9 12 0.031
880 174 6 8 0.031
677 266 9 12 0.030
747 320 8 11 0.030
473 584 10 13 0.030
698 243 7 9 0.030
692 592 18 22 0.030
915 500 11 14 0.029
687 196 5 7 0.029
518 283 9 11 0.029
451 105 7 8 0.028
792 320 9 11 0.028
1014 245 8 11 0.028
726 337 9 12 0.028
732 656 18 18 0.027
1000 246 7 10 0.027
818 272 12 15 0.027
327 648 16 16 0.027
630 461 11 14 0.027
831 255 7 10 0.026
806 168 6 8 0.026
772 168 5 6 0.026
698 358 9 11 0.025
596 602 17 20 0.025
303 580 12 16 0.024
627 466 12 16 0.024
770 294 7 10 0.024
703 203 7 9 0.024
628 613 15 19 0.023
735 432 9 11 0.023
536 639 18 22 0.023
820 145 5 6 0.023
954 160 5 7 0.023
696 656 14 16 0.023
669 174 5 7 0.023
974 170 6 7 0.022
840 99 6 7 0.022
802 262 7 9 0.022
517 355 9 11 0.021
964 195 6 8 0.021
682 395 11 13 0.021
298 653 18 19 0.021
722 351 9 11 0.020
785 286 7 11 0.020
468 555 13 16 0.020
521 629 19 22 0.019
897 173 6 7 0.019
772 154 5 6 0.019
597 557 16 21 0.019
1017 196 6 9 0.018
510 413 10 14 0.018
633 342 9 12 0.018
790 173 8 10 0.018
749 266 8 9 0.018
469 383 9 13 0.017
996 199 6 8 0.017
746 493 12 15 0.017
689 365 10 13 0.017
730 352 10 12 0.017
718 221 6 8 0.016
895 600 14 17 0.016
479 532 11 17 0.015
612 650 21 21 0.015
709 386 10 13 0.015
634 187 6 7 0.015
496 600 14 18 0.015
611 440 11 15 0.015
677 587 15 20 0.015
998 202 6 8 0.015
353 574 13 17 0.015
533 647 17 19 0.015
662 609 14 18 0.015
492 434 10 13 0.015
647 210 8 9 0.014
884 602 13 17 0.014
952 158 6 7 0.014
901 322 9 11 0.014
472 595 12 15 0.014
110 619 18 21 0.014
661 442 10 14 0.014
1018 299 6 12 0.013
470 574 12 17 0.013
975 485 12 17 0.013
317 656 21 16 0.013
554 394 9 14 0.013
856 328 9 11 0.013
574 284 8 10 0.013
527 372 9 13 0.013
931 158 5 7 0.013
741 600 14 17 0.013
853 156 5 7 0.013
864 590 16 18 0.013
811 144 5 6 0.013
731 166 5 6 0.013
517 662 19 17 0.013
527 651 19 19 0.013
505 324 7 12 0.013
464 536 11 14 0.013
896 250 7 9 0.013
750 436 11 14 0.012
472 494 9 13 0.012
664 148 5 6 0.012
659 439 10 13 0.012
878 576 13 16 0.012
918 500 12 15 0.012
143 658 18 13 0.011
439 621 17 21 0.011
744 325 9 12 0.011
939 644 20 24 0.011
744 605 14 18 0.011
952 163 5 7 0.011
1018 302 6 15 0.011
838 328 9 11 0.011
238 466 13 17 0.011
682 143 8 10 0.011
405 79 6 7 0.011
570 503 12 17 0.011
755 535 11 17 0.011
660 565 14 18 0.011
693 525 13 17 0.010
985 269 9 11 0.010
843 98 6 8 0.010
405 535 15 18 0.010
545 395 10 14 0.010
