2_Demonstration_Protesters_2_561
183
177 392 19 22 0.782
791 455 18 23 0.772
496 482 18 21 0.756
445 460 18 22 0.742
103 427 17 22 0.742
236 289 18 21 0.736
747 232 16 22 0.730
40 410 16 21 0.730
578 413 19 22 0.730
865 494 18 25 0.728
161 421 17 23 0.727
290 438 17 22 0.727
953 653 18 24 0.726
584 458 19 21 0.725
19 323 17 21 0.724
27 376 17 23 0.724
643 220 18 22 0.722
139 312 18 21 0.722
339 445 17 21 0.720
93 315 19 24 0.717
711 237 17 20 0.716
500 322 17 20 0.712
942 503 19 22 0.711
597 497 20 21 0.709
446 137 16 21 0.708
463 378 17 22 0.708
105 384 18 21 0.707
754 441 17 21 0.705
665 497 17 20 0.705
718 466 19 22 0.705
724 408 16 21 0.704
299 336 17 21 0.704
547 303 18 20 0.703
186 357 18 21 0.701
825 425 15 20 0.700
490 134 18 23 0.698
308 405 14 21 0.696
859 313 17 21 0.696
624 439 17 23 0.696
774 225 17 20 0.695
739 514 19 22 0.694
837 449 15 21 0.693
401 130 16 19 0.691
767 387 16 20 0.690
648 421 15 22 0.689
201 81 17 22 0.687
680 429 17 20 0.686
434 437 15 18 0.686
646 470 18 22 0.686
782 411 16 21 0.685
544 492 18 20 0.676
643 378 17 21 0.675
256 387 18 21 0.672
287 89 17 23 0.669
734 367 15 19 0.667
849 411 16 20 0.666
262 234 16 18 0.664
440 286 17 19 0.663
931 234 15 21 0.661
425 367 17 21 0.661
871 639 17 22 0.659
901 519 19 20 0.659
380 400 16 22 0.658
768 525 18 20 0.657
554 139 17 21 0.655
803 491 16 20 0.655
813 262 16 19 0.654
480 302 15 20 0.647
889 189 15 23 0.647
15 257 16 22 0.640
393 254 14 20 0.633
288 317 16 20 0.629
75 263 15 21 0.629
866 605 16 21 0.614
954 533 15 23 0.613
853 354 15 22 0.612
698 418 15 19 0.610
993 460 15 20 0.607
211 443 15 21 0.607
114 197 15 20 0.605
132 212 18 20 0.605
535 132 16 20 0.600
25 300 16 18 0.589
218 259 12 19 0.583
407 301 17 18 0.577
582 383 16 21 0.574
320 85 18 24 0.568
230 460 17 18 0.561
851 526 19 23 0.550
898 658 15 22 0.547
116 358 18 20 0.533
180 307 16 20 0.523
835 397 15 19 0.475
239 372 15 19 0.466
93 222 16 21 0.439
216 326 13 19 0.439
912 472 15 20 0.407
0 331 7 22 0.400
936 478 15 19 0.392
332 108 18 20 0.332
100 292 16 19 0.298
205 225 15 19 0.291
316 309 15 17 0.279
793 611 16 20 0.277
298 260 16 18 0.249
855 360 16 21 0.240
135 260 14 19 0.195
325 384 11 18 0.125
890 258 16 17 0.103
332 304 13 17 0.100
606 580 16 15 0.097
570 353 14 19 0.082
131 259 14 18 0.075
69 209 15 19 0.074
879 256 17 19 0.074
508 270 17 21 0.061
775 333 13 19 0.060
137 265 13 20 0.054
395 329 15 18 0.052
167 218 15 17 0.052
800 331 17 20 0.051
228 345 13 20 0.050
533 125 16 19 0.050
336 302 13 17 0.049
643 369 15 20 0.047
65 208 15 19 0.046
173 219 15 17 0.043
82 271 15 16 0.042
898 515 17 22 0.041
646 366 16 20 0.040
862 603 16 21 0.039
823 399 15 18 0.038
531 439 16 22 0.037
440 227 15 19 0.037
103 295 16 19 0.036
942 478 13 18 0.034
285 394 15 19 0.032
685 426 17 21 0.030
151 227 16 18 0.027
934 621 17 22 0.026
523 485 12 16 0.026
849 535 17 20 0.025
334 114 17 20 0.023
85 224 16 19 0.023
1005 507 14 19 0.023
186 258 12 17 0.022
953 491 14 17 0.022
541 491 16 19 0.022
489 129 17 22 0.021
815 402 13 17 0.021
31 218 16 18 0.020
711 265 13 17 0.020
356 131 15 21 0.019
1014 472 10 21 0.018
303 264 14 17 0.018
564 352 15 19 0.018
317 89 16 23 0.017
992 534 15 17 0.017
791 615 15 20 0.017
988 493 14 19 0.017
1010 65 14 19 0.016
176 304 15 20 0.016
616 428 14 19 0.015
1010 508 11 21 0.015
247 364 15 20 0.015
210 322 13 20 0.015
901 660 17 21 0.015
845 352 16 19 0.015
150 232 14 19 0.015
464 252 14 22 0.015
951 538 15 21 0.015
918 460 14 19 0.014
181 360 18 20 0.014
397 256 15 20 0.013
913 464 13 18 0.012
424 372 15 20 0.012
372 259 11 17 0.012
99 286 14 18 0.012
2 335 14 19 0.011
381 256 12 19 0.011
874 262 14 19 0.010
375 399 14 22 0.010
799 489 14 20 0.010
