2_Demonstration_Demonstration_Or_Protest_2_450
36
192 268 49 75 0.773
291 350 21 28 0.749
434 329 36 50 0.688
583 270 34 57 0.647
980 340 11 14 0.400
726 318 20 30 0.397
1013 360 11 15 0.394
906 320 12 24 0.314
813 357 10 12 0.279
954 339 14 17 0.266
0 367 7 16 0.207
854 357 12 14 0.194
319 371 20 27 0.173
48 380 9 13 0.079
503 337 13 17 0.074
816 356 9 11 0.072
32 380 8 9 0.068
873 348 10 13 0.065
864 353 11 15 0.063
46 378 8 10 0.054
849 357 12 15 0.053
471 364 34 42 0.041
49 384 11 14 0.026
41 379 10 11 0.026
18 380 7 10 0.024
837 358 10 13 0.022
910 322 13 24 0.022
712 312 18 28 0.021
0 402 10 14 0.013
981 336 11 14 0.012
725 332 21 32 0.011
571 343 29 34 0.011
401 302 19 31 0.011
499 332 15 20 0.010
901 320 11 19 0.010
494 338 16 20 0.010
