0_Parade_Parade_0_639
83
713 78 26 33 0.811
974 531 50 105 0.799
635 575 49 68 0.788
339 205 34 44 0.782
591 98 28 35 0.781
515 158 28 36 0.765
273 194 38 49 0.725
439 270 27 33 0.666
951 422 17 20 0.638
938 409 11 13 0.579
882 428 15 17 0.529
823 437 14 15 0.489
965 479 31 49 0.477
986 408 9 11 0.414
807 440 13 18 0.412
966 405 10 12 0.409
702 445 10 14 0.347
904 413 9 10 0.327
687 452 13 16 0.303
890 543 43 86 0.238
751 449 11 12 0.235
1002 403 8 10 0.233
926 412 8 9 0.213
698 448 14 14 0.211
970 404 9 11 0.208
737 442 8 10 0.205
691 0 26 15 0.196
822 465 15 19 0.175
681 452 15 16 0.150
692 450 12 14 0.141
911 410 7 9 0.124
840 428 8 10 0.119
777 445 9 11 0.109
1017 408 7 11 0.101
455 494 16 22 0.094
990 395 6 8 0.092
829 439 11 13 0.087
747 449 12 14 0.081
529 256 27 34 0.078
911 436 11 12 0.075
902 552 47 89 0.067
672 449 11 15 0.063
774 444 9 10 0.060
1012 419 9 13 0.058
728 453 12 14 0.057
758 447 11 12 0.056
600 437 16 19 0.053
731 450 11 13 0.052
1008 421 11 14 0.048
922 254 6 8 0.045
938 428 11 14 0.041
756 410 10 13 0.040
427 280 23 32 0.039
807 447 13 17 0.035
606 733 58 35 0.035
283 212 33 40 0.032
542 203 19 23 0.029
873 413 10 11 0.029
422 287 20 28 0.024
838 448 11 14 0.024
784 347 9 9 0.024
748 333 10 12 0.021
831 464 14 18 0.019
726 456 10 13 0.018
977 415 10 12 0.017
640 452 11 13 0.017
787 348 7 8 0.017
965 472 24 44 0.017
667 448 12 14 0.016
1003 428 12 13 0.016
1009 427 9 14 0.016
903 410 8 10 0.016
921 432 12 13 0.015
809 432 8 12 0.015
728 451 9 11 0.014
570 743 71 26 0.013
841 450 12 15 0.013
949 493 41 68 0.013
446 267 28 33 0.012
841 101 12 18 0.012
981 422 12 14 0.012
619 720 57 48 0.011
779 336 7 7 0.011
