0_Parade_Parade_0_443
35
687 300 71 85 0.871
372 234 51 68 0.864
522 210 71 85 0.858
302 175 40 55 0.831
217 274 27 44 0.752
214 237 24 28 0.711
791 210 23 37 0.626
110 328 18 22 0.555
65 256 11 14 0.490
1 254 10 12 0.362
130 257 6 8 0.306
118 260 7 8 0.171
90 264 7 9 0.125
152 268 10 12 0.092
122 258 8 9 0.083
150 268 8 11 0.080
149 259 6 8 0.071
35 216 30 40 0.067
109 252 5 6 0.058
88 254 5 7 0.042
116 258 6 7 0.036
0 256 9 14 0.033
161 256 6 8 0.033
130 260 7 9 0.025
427 260 11 15 0.023
147 268 9 11 0.020
671 256 18 31 0.019
159 258 5 6 0.017
85 256 8 10 0.016
828 400 64 90 0.015
89 266 8 11 0.015
49 330 18 23 0.012
107 328 14 18 0.012
71 286 8 10 0.011
158 269 7 10 0.011
