0_Parade_Parade_0_478
47
842 475 15 20 0.597
911 479 10 13 0.588
216 376 12 18 0.572
201 423 18 25 0.572
654 448 11 14 0.446
445 406 11 14 0.374
192 380 11 16 0.308
24 355 13 14 0.303
89 375 13 15 0.269
612 447 9 11 0.243
45 373 10 14 0.242
8 375 11 13 0.194
116 350 11 14 0.144
1008 508 11 16 0.128
472 424 9 12 0.084
768 456 9 11 0.075
694 462 9 14 0.075
441 408 10 13 0.050
525 432 10 13 0.048
308 412 15 27 0.047
377 421 9 10 0.047
610 448 7 10 0.047
115 353 13 16 0.039
1005 508 10 15 0.033
474 422 9 11 0.026
19 355 11 13 0.025
609 485 7 8 0.021
631 456 8 11 0.020
446 401 11 14 0.019
93 377 15 18 0.018
695 458 8 12 0.017
529 432 9 13 0.017
576 482 6 7 0.017
634 473 10 11 0.017
571 430 9 11 0.016
773 458 8 10 0.015
750 497 11 17 0.015
381 421 7 9 0.015
199 205 6 7 0.014
24 362 13 14 0.012
478 423 8 11 0.012
727 460 6 9 0.012
748 494 11 17 0.012
26 375 11 13 0.011
451 409 10 12 0.011
848 478 13 19 0.010
82 378 12 14 0.010
