0_Parade_Parade_0_288
38
507 209 13 17 0.645
494 169 13 16 0.576
750 331 14 17 0.564
422 215 11 14 0.516
697 344 13 14 0.476
703 404 11 15 0.461
460 197 9 16 0.418
784 384 12 14 0.277
298 389 11 15 0.236
657 358 12 12 0.210
778 411 12 13 0.166
594 339 12 15 0.159
653 360 12 12 0.104
649 359 11 12 0.093
831 414 8 10 0.064
412 205 12 15 0.058
474 214 11 16 0.042
661 354 11 13 0.042
403 191 14 17 0.035
645 361 12 13 0.034
774 413 12 13 0.034
409 200 13 16 0.033
935 340 7 9 0.032
642 358 12 14 0.032
704 401 11 13 0.029
530 227 12 16 0.028
645 351 11 14 0.026
796 402 11 13 0.022
662 360 10 12 0.022
340 343 13 17 0.021
469 212 12 16 0.020
788 384 12 14 0.018
829 416 8 12 0.016
405 199 13 16 0.014
778 417 13 14 0.012
351 248 11 14 0.011
302 392 13 16 0.011
632 358 11 14 0.011
