0_Parade_Parade_0_376
26
768 153 40 55 0.784
634 203 31 39 0.744
394 213 37 54 0.713
919 153 31 42 0.709
144 264 29 48 0.659
201 587 44 79 0.537
337 251 30 38 0.517
536 229 29 43 0.429
868 202 23 28 0.405
452 232 28 36 0.241
315 247 28 34 0.077
486 135 7 9 0.070
468 133 7 9 0.064
470 132 7 9 0.033
759 195 23 38 0.030
446 136 8 9 0.026
414 143 8 10 0.026
481 152 9 10 0.023
421 160 11 13 0.022
964 229 19 25 0.022
427 141 8 9 0.021
534 219 25 44 0.020
309 241 25 35 0.016
323 238 36 47 0.014
443 137 9 10 0.013
286 233 28 34 0.012
