0_Parade_marchingband_1_476
117
743 176 51 65 0.833
612 200 38 51 0.805
422 273 38 54 0.799
797 129 44 52 0.799
858 103 33 39 0.779
676 161 32 38 0.756
592 168 26 34 0.753
452 221 29 34 0.749
353 224 20 26 0.744
432 191 19 24 0.740
519 174 23 30 0.736
282 255 24 37 0.716
576 161 15 21 0.701
336 266 32 45 0.693
206 250 22 29 0.686
71 252 22 26 0.667
314 216 18 25 0.662
241 257 23 32 0.647
709 51 16 19 0.643
583 90 13 18 0.641
385 221 21 27 0.638
639 53 15 19 0.636
326 144 12 16 0.634
174 185 12 16 0.615
155 200 11 15 0.604
200 177 13 18 0.590
57 230 16 23 0.567
476 115 13 17 0.557
221 187 15 20 0.548
407 137 11 17 0.529
483 193 20 26 0.511
315 166 10 15 0.465
400 200 17 23 0.418
302 165 9 12 0.416
372 141 10 13 0.404
264 178 11 14 0.400
352 152 10 12 0.393
249 179 9 11 0.345
677 138 20 24 0.322
738 37 14 18 0.286
788 35 16 20 0.279
492 193 19 23 0.212
875 40 17 21 0.211
675 153 27 35 0.210
583 67 11 14 0.187
392 134 10 13 0.175
183 240 14 19 0.146
500 193 15 20 0.143
691 61 15 18 0.138
525 99 10 13 0.137
817 36 12 16 0.132
609 70 12 16 0.130
566 102 10 12 0.117
754 35 13 18 0.113
613 70 12 16 0.109
384 138 12 14 0.108
419 121 9 12 0.104
23 229 17 21 0.098
897 36 15 21 0.085
196 193 10 14 0.084
376 374 39 53 0.084
892 9 16 18 0.079
502 103 7 10 0.065
161 315 19 23 0.063
620 191 37 50 0.060
862 0 14 17 0.059
605 72 11 14 0.055
421 120 10 10 0.049
355 155 9 11 0.047
524 106 11 14 0.046
471 110 9 13 0.045
690 55 13 17 0.039
413 130 11 16 0.038
535 87 9 11 0.036
389 133 9 11 0.036
869 42 18 22 0.035
482 116 10 15 0.034
538 67 9 12 0.032
676 42 11 14 0.030
24 223 15 20 0.029
576 130 10 14 0.029
770 37 16 20 0.029
820 25 12 14 0.028
504 116 9 12 0.028
198 176 11 14 0.028
497 100 8 9 0.027
553 95 8 11 0.027
863 45 17 21 0.026
564 87 9 13 0.026
618 68 12 17 0.026
612 64 13 16 0.026
693 43 10 12 0.025
163 200 11 13 0.025
822 31 12 16 0.024
533 89 9 12 0.023
767 33 15 19 0.022
857 52 16 20 0.021
499 96 10 13 0.020
536 77 10 14 0.019
63 230 18 23 0.019
572 116 10 14 0.017
395 132 9 13 0.017
557 90 9 11 0.016
695 44 11 15 0.015
675 133 15 20 0.014
776 44 15 19 0.012
542 68 9 12 0.012
857 5 14 17 0.012
508 84 9 11 0.012
882 86 20 23 0.012
729 25 8 10 0.011
504 87 9 11 0.011
738 46 14 17 0.011
821 37 14 18 0.010
296 200 13 15 0.010
561 101 10 12 0.010
771 44 15 19 0.010
