0_Parade_marchingband_1_552
25
968 383 13 17 0.647
182 379 12 14 0.632
535 371 14 17 0.568
346 370 13 15 0.554
740 380 13 15 0.522
858 390 9 17 0.384
44 358 16 17 0.364
586 378 10 14 0.336
413 379 15 17 0.321
407 379 14 17 0.066
583 380 10 13 0.057
589 375 8 14 0.031
909 383 7 9 0.019
933 378 9 12 0.018
418 383 14 15 0.017
537 377 13 14 0.017
594 376 9 13 0.016
984 385 8 12 0.014
872 399 8 12 0.013
36 359 14 16 0.012
937 380 9 11 0.012
932 378 7 10 0.012
698 348 8 9 0.011
421 375 10 14 0.011
452 377 12 12 0.010
