0_Parade_Parade_0_317
128
170 194 26 32 0.662
566 125 14 17 0.609
605 104 16 19 0.553
223 98 14 15 0.483
491 89 14 16 0.473
309 76 14 18 0.450
430 84 14 15 0.435
275 101 12 15 0.419
245 88 14 17 0.405
541 92 15 18 0.400
783 99 15 16 0.400
330 73 14 17 0.396
302 100 13 15 0.396
658 153 16 18 0.395
708 114 16 18 0.386
178 103 13 16 0.350
389 120 13 16 0.301
102 67 15 16 0.280
385 104 12 14 0.244
163 90 14 16 0.218
643 130 14 17 0.214
34 90 15 17 0.212
321 74 14 17 0.195
739 108 15 17 0.193
263 100 11 15 0.173
869 88 15 17 0.171
455 97 14 17 0.160
809 91 14 16 0.156
523 105 14 15 0.143
382 81 13 17 0.131
479 85 13 16 0.130
819 98 14 16 0.130
641 108 14 16 0.129
697 99 13 16 0.128
409 89 13 15 0.125
385 109 14 16 0.121
170 97 13 17 0.111
50 91 14 17 0.096
295 96 13 16 0.091
519 99 15 17 0.089
535 96 16 17 0.083
654 102 14 16 0.082
203 108 12 13 0.079
649 104 14 16 0.071
929 72 14 16 0.068
789 95 14 17 0.068
181 66 15 15 0.067
641 79 13 16 0.064
839 120 14 17 0.064
446 91 13 16 0.062
778 98 15 17 0.060
905 90 15 18 0.060
14 91 13 16 0.058
921 102 16 19 0.058
128 88 15 19 0.055
486 64 13 13 0.051
625 84 15 18 0.051
271 97 13 17 0.050
314 346 25 36 0.049
958 107 15 17 0.048
948 89 16 19 0.046
758 119 12 13 0.044
335 75 15 17 0.039
160 92 13 16 0.038
74 67 14 16 0.038
745 111 14 16 0.038
356 119 13 15 0.038
841 114 14 18 0.038
735 103 16 20 0.037
348 82 13 15 0.036
81 244 10 11 0.035
522 96 13 16 0.034
661 105 13 17 0.032
542 73 13 16 0.032
127 76 16 19 0.031
432 87 14 15 0.031
53 89 14 17 0.030
851 88 14 18 0.030
604 131 14 16 0.030
834 70 15 17 0.029
839 97 14 17 0.029
741 100 15 18 0.027
789 102 15 15 0.026
513 94 14 16 0.026
563 81 14 17 0.025
835 118 14 18 0.025
592 92 13 16 0.024
536 155 13 14 0.023
124 84 16 20 0.023
317 329 32 31 0.022
551 86 15 18 0.022
96 84 13 18 0.022
0 92 11 17 0.022
469 72 13 15 0.022
689 78 14 15 0.021
383 78 13 14 0.021
642 85 14 17 0.021
767 91 14 17 0.020
197 84 12 15 0.019
347 63 14 13 0.019
271 70 12 14 0.019
409 83 14 16 0.019
51 244 10 12 0.018
308 101 13 15 0.018
126 97 15 17 0.017
34 68 13 15 0.017
284 96 12 16 0.016
700 95 13 17 0.016
835 93 13 17 0.015
800 110 13 15 0.015
322 325 34 23 0.015
644 81 14 16 0.015
126 103 12 15 0.014
232 70 13 13 0.014
640 141 14 17 0.013
93 88 13 16 0.013
230 74 14 16 0.013
8 109 12 14 0.013
304 125 11 14 0.012
721 81 13 16 0.012
469 336 58 33 0.012
970 90 15 17 0.012
353 81 14 16 0.011
355 115 13 15 0.011
55 64 12 12 0.010
130 94 14 17 0.010
171 89 14 17 0.010
415 91 13 14 0.010
