0_Parade_Parade_0_519
27
415 250 116 137 0.868
863 255 93 108 0.861
88 246 35 43 0.777
668 308 39 58 0.770
175 265 67 84 0.768
116 263 46 60 0.757
754 263 31 34 0.693
595 266 28 41 0.628
292 280 37 48 0.373
995 253 24 31 0.368
704 271 27 38 0.286
654 254 20 23 0.191
926 330 54 62 0.081
798 233 12 15 0.046
16 624 39 38 0.039
266 295 39 51 0.032
817 267 26 34 0.031
729 273 21 26 0.030
592 281 30 45 0.017
1000 211 14 19 0.015
224 262 37 49 0.015
816 254 23 29 0.014
20 634 43 39 0.013
626 241 11 14 0.012
813 274 25 33 0.011
799 295 27 34 0.011
652 258 20 28 0.011
