0_Parade_marchingband_1_410
621
564 467 25 35 0.743
695 483 31 43 0.737
877 450 30 44 0.728
18 501 18 25 0.720
88 504 18 26 0.706
465 487 24 34 0.697
1011 341 11 15 0.691
385 481 22 31 0.680
177 494 18 26 0.677
141 488 13 17 0.674
314 480 20 28 0.664
706 190 12 15 0.658
729 350 12 14 0.656
171 462 13 17 0.654
244 446 13 15 0.653
222 481 19 29 0.650
267 479 14 17 0.649
142 47 12 16 0.647
1000 279 12 15 0.645
665 333 12 15 0.645
331 450 14 18 0.639
848 280 11 14 0.639
277 435 13 17 0.638
686 323 12 15 0.638
40 110 12 16 0.634
652 318 11 15 0.634
660 220 11 15 0.632
49 130 11 16 0.631
390 413 13 15 0.631
639 336 10 13 0.629
61 462 14 17 0.628
177 258 12 15 0.626
825 340 12 16 0.625
469 129 12 15 0.622
283 286 13 16 0.622
267 330 12 15 0.621
834 174 11 15 0.621
885 315 11 15 0.621
893 69 11 14 0.621
784 225 11 15 0.619
916 321 11 14 0.616
40 344 14 16 0.616
829 300 12 14 0.615
649 416 13 16 0.614
273 270 12 15 0.613
983 213 10 14 0.612
169 228 12 17 0.612
238 295 11 15 0.612
493 112 11 14 0.610
387 98 12 15 0.609
94 177 12 16 0.607
242 238 12 15 0.607
74 312 11 15 0.607
256 314 12 15 0.607
902 337 12 14 0.607
1010 177 11 13 0.605
48 487 14 17 0.605
209 39 11 15 0.605
567 335 12 14 0.605
473 78 10 13 0.604
576 131 11 14 0.603
311 336 13 17 0.603
231 426 11 14 0.603
222 74 12 14 0.601
838 131 10 13 0.601
117 211 13 15 0.601
204 377 11 14 0.601
996 444 12 16 0.601
658 67 10 13 0.600
923 282 12 14 0.600
263 77 11 15 0.598
653 398 13 15 0.598
811 275 12 14 0.598
779 335 10 14 0.596
413 433 14 18 0.596
109 313 12 15 0.596
178 150 10 14 0.595
97 51 11 14 0.595
99 144 12 15 0.595
928 246 12 13 0.595
792 298 12 14 0.593
403 348 13 15 0.593
897 211 11 14 0.593
168 313 11 14 0.593
314 414 11 15 0.593
687 66 10 13 0.591
723 161 12 13 0.591
659 172 11 14 0.591
215 309 12 17 0.591
340 467 14 17 0.591
147 73 11 14 0.591
568 379 13 15 0.591
744 193 11 14 0.590
540 66 11 14 0.589
182 177 13 16 0.589
802 317 12 14 0.589
127 461 13 16 0.588
195 14 12 16 0.588
250 34 12 14 0.588
808 87 11 12 0.588
162 379 12 14 0.588
356 22 13 15 0.586
917 47 10 13 0.586
74 84 12 14 0.586
212 237 11 14 0.583
737 122 10 14 0.582
16 137 12 15 0.582
140 176 13 16 0.582
122 334 12 15 0.582
238 16 11 14 0.580
931 71 10 13 0.580
987 415 12 14 0.579
716 66 10 14 0.579
237 338 13 15 0.579
129 34 11 13 0.577
227 137 12 16 0.577
752 280 12 15 0.576
201 217 11 15 0.575
145 268 11 13 0.575
138 387 12 15 0.575
56 403 12 14 0.575
253 381 12 15 0.574
285 112 11 14 0.572
863 210 11 14 0.572
358 317 12 13 0.572
907 0 10 11 0.570
472 24 11 15 0.570
770 121 12 15 0.570
456 38 11 14 0.568
0 106 10 15 0.567
50 31 11 13 0.566
169 30 11 14 0.566
577 112 11 14 0.566
141 146 11 14 0.566
182 73 11 14 0.563
627 224 11 14 0.563
967 300 12 14 0.563
326 320 13 15 0.561
421 43 10 13 0.561
678 262 10 13 0.561
66 67 10 14 0.559
778 90 10 13 0.559
866 445 15 20 0.559
549 151 12 13 0.559
383 76 12 14 0.558
969 335 12 14 0.558
616 377 12 16 0.557
977 435 12 16 0.557
587 154 12 14 0.556
127 232 11 14 0.556
598 59 11 14 0.555
694 122 11 14 0.555
983 137 11 13 0.555
610 171 11 13 0.555
77 12 11 13 0.554
149 288 12 15 0.554
681 156 11 14 0.554
29 310 12 15 0.554
27 326 12 16 0.554
402 4 10 15 0.554
671 471 12 19 0.551
752 399 12 17 0.548
140 367 11 13 0.548
159 13 10 13 0.547
664 120 11 13 0.547
350 413 12 14 0.547
939 29 11 13 0.545
822 106 11 13 0.545
569 169 12 14 0.545
24 218 12 15 0.545
840 83 11 13 0.543
157 217 12 15 0.540
631 289 12 14 0.538
219 254 11 15 0.536
559 56 10 14 0.536
501 134 11 14 0.536
263 144 11 14 0.536
454 8 11 13 0.535
579 25 11 14 0.534
941 215 11 14 0.534
610 394 12 14 0.534
943 132 10 13 0.534
356 0 11 12 0.533
263 253 12 15 0.533
28 72 10 13 0.527
609 338 10 13 0.527
21 55 11 13 0.523
1 206 12 14 0.523
504 5 10 12 0.520
617 118 11 13 0.519
100 418 12 15 0.517
508 24 10 12 0.515
0 161 7 15 0.514
242 215 12 15 0.498
548 40 10 13 0.490
360 83 10 13 0.490
873 -1 10 11 0.487
544 24 11 13 0.487
244 122 10 13 0.487
40 227 12 14 0.487
496 314 10 16 0.487
326 28 10 12 0.486
436 419 12 15 0.481
934 120 10 13 0.481
441 260 11 16 0.481
309 164 11 15 0.479
217 469 12 17 0.479
870 31 10 13 0.478
20 84 11 15 0.478
616 6 9 12 0.474
602 293 10 12 0.472
796 484 19 26 0.469
181 49 11 15 0.468
808 133 11 13 0.467
512 75 10 13 0.465
423 95 12 14 0.463
838 319 10 13 0.463
657 447 12 14 0.454
433 10 10 13 0.454
61 53 9 14 0.445
87 211 14 16 0.441
392 42 12 14 0.434
45 8 11 12 0.432
641 99 10 13 0.425
881 48 11 13 0.422
983 -1 10 10 0.419
905 43 10 12 0.419
275 409 12 14 0.419
811 166 11 12 0.418
0 19 8 14 0.412
652 278 11 13 0.411
966 173 9 12 0.408
602 321 10 13 0.407
757 385 12 15 0.407
349 351 12 15 0.405
521 171 12 17 0.404
851 265 11 13 0.391
970 120 8 10 0.389
551 -4 9 9 0.388
744 264 11 13 0.386
605 75 10 13 0.384
222 325 11 15 0.382
806 397 12 15 0.381
88 335 10 13 0.379
647 290 11 14 0.375
957 159 9 12 0.367
379 253 11 14 0.366
938 7 8 11 0.364
848 203 9 12 0.362
0 262 6 15 0.355
850 276 11 15 0.352
836 -3 11 11 0.348
789 112 10 12 0.343
113 2 9 12 0.342
69 0 10 12 0.340
284 148 11 14 0.338
638 135 10 13 0.338
340 431 12 14 0.337
660 9 11 13 0.328
74 244 13 16 0.328
555 174 11 13 0.322
651 404 13 17 0.317
646 10 11 13 0.316
1017 140 7 12 0.312
871 129 10 12 0.312
32 0 9 12 0.309
1005 154 10 13 0.306
337 258 10 14 0.303
754 394 12 17 0.300
128 10 11 13 0.295
992 441 13 16 0.294
588 0 9 11 0.291
90 33 9 12 0.289
17 24 9 12 0.288
1 306 8 13 0.276
944 190 10 11 0.271
791 377 12 15 0.271
593 173 11 14 0.268
66 226 11 14 0.267
542 183 11 13 0.266
641 150 10 13 0.258
517 320 10 15 0.254
445 366 11 13 0.240
448 318 12 16 0.227
654 10 11 14 0.226
358 107 10 13 0.225
965 246 12 13 0.222
833 306 11 15 0.222
620 65 9 12 0.220
633 157 10 13 0.218
639 61 10 13 0.211
728 159 11 14 0.209
930 303 11 13 0.208
159 417 11 13 0.204
403 137 11 12 0.200
739 157 10 14 0.199
255 0 10 11 0.193
277 277 13 17 0.191
381 465 12 17 0.188
914 128 9 12 0.185
834 321 12 15 0.184
601 63 10 14 0.184
139 376 11 16 0.183
227 47 10 13 0.178
307 49 12 15 0.175
127 175 11 15 0.174
746 266 12 16 0.174
634 154 11 13 0.172
899 137 9 12 0.172
546 180 11 13 0.171
323 11 10 13 0.164
560 396 11 14 0.164
636 473 11 15 0.162
29 318 13 16 0.158
416 323 10 12 0.158
729 279 11 13 0.156
373 80 11 14 0.156
423 42 12 14 0.155
280 97 12 15 0.147
338 286 11 16 0.141
23 81 11 15 0.135
698 6 9 12 0.133
874 132 10 12 0.132
786 327 12 15 0.130
180 349 8 12 0.129
220 127 10 14 0.121
498 123 12 15 0.120
115 450 9 13 0.119
722 248 10 12 0.118
1010 149 8 14 0.115
856 206 10 14 0.115
784 8 9 10 0.114
345 117 9 12 0.114
1007 169 10 14 0.113
205 507 14 22 0.111
90 137 10 13 0.109
875 31 10 12 0.109
603 310 10 14 0.109
80 10 11 15 0.107
295 5 11 13 0.107
471 -1 10 10 0.105
6 129 10 14 0.104
1018 65 6 13 0.103
79 461 10 13 0.103
473 280 11 12 0.100
25 387 10 14 0.099
605 324 10 15 0.098
932 354 9 11 0.097
53 1 10 12 0.095
678 320 13 15 0.094
930 66 10 14 0.094
992 179 9 11 0.093
696 411 12 16 0.092
352 111 10 13 0.092
312 187 10 14 0.091
914 49 11 13 0.091
20 236 10 13 0.091
310 169 11 14 0.086
178 72 10 13 0.085
308 440 11 14 0.085
1018 377 6 20 0.082
198 419 10 14 0.082
765 364 11 13 0.081
955 246 11 14 0.081
282 349 10 13 0.080
43 197 13 17 0.079
959 163 10 13 0.079
517 71 10 14 0.079
518 170 11 15 0.078
407 36 9 12 0.075
182 148 11 15 0.074
118 124 10 13 0.074
854 264 11 13 0.072
661 48 11 13 0.072
290 170 10 13 0.071
1018 -2 6 10 0.070
345 427 11 16 0.069
537 333 10 14 0.069
119 24 10 13 0.066
94 35 10 12 0.066
362 108 9 12 0.065
480 381 11 15 0.064
228 402 11 14 0.061
397 5 11 14 0.060
190 460 9 12 0.059
4 404 10 14 0.059
638 106 12 14 0.058
514 0 9 10 0.056
166 73 10 13 0.056
524 107 10 12 0.055
606 471 13 17 0.054
567 23 10 13 0.052
495 282 11 14 0.052
599 24 9 13 0.052
531 177 13 15 0.051
675 145 10 13 0.051
709 384 11 15 0.050
1018 263 7 15 0.050
63 132 9 14 0.050
968 120 8 12 0.050
802 203 10 12 0.050
3 305 11 13 0.049
208 502 14 23 0.049
868 125 10 13 0.048
24 312 11 13 0.048
980 138 10 13 0.048
218 417 11 14 0.047
772 520 7 9 0.047
116 291 10 13 0.046
966 81 10 13 0.044
941 135 10 13 0.044
476 25 10 15 0.044
788 184 10 13 0.043
333 370 11 15 0.043
387 75 11 13 0.043
381 130 12 14 0.042
989 136 9 12 0.042
676 124 10 12 0.042
628 0 8 10 0.041
882 375 10 12 0.040
43 429 11 16 0.040
966 337 11 13 0.040
287 74 10 13 0.040
102 389 10 15 0.040
179 461 11 15 0.040
190 308 9 12 0.039
305 51 11 14 0.039
134 15 10 13 0.038
341 257 10 15 0.038
637 120 11 13 0.038
644 4 8 12 0.037
40 193 13 17 0.037
288 93 10 14 0.036
706 99 9 12 0.036
782 9 8 10 0.036
489 282 13 14 0.036
492 72 10 13 0.036
45 203 11 16 0.036
671 97 10 13 0.035
37 195 12 15 0.034
243 108 9 12 0.034
108 212 13 15 0.034
687 36 10 12 0.034
7 426 7 14 0.034
23 134 11 14 0.034
183 349 9 12 0.033
44 179 11 15 0.033
333 122 10 13 0.033
312 50 12 16 0.032
999 178 10 12 0.032
912 -1 9 10 0.032
664 64 10 15 0.032
213 40 11 14 0.031
795 377 12 15 0.031
869 94 9 12 0.031
632 161 9 12 0.031
19 28 9 14 0.030
92 334 10 14 0.030
299 5 11 14 0.030
295 219 12 15 0.030
38 231 12 14 0.030
462 479 19 30 0.030
114 121 11 14 0.029
787 380 11 14 0.029
212 9 9 11 0.029
726 282 11 13 0.029
695 99 11 13 0.029
896 133 10 11 0.029
0 158 9 14 0.028
73 402 10 14 0.028
832 -4 10 11 0.027
610 40 10 13 0.027
605 318 10 14 0.027
953 157 10 12 0.027
886 88 11 13 0.026
827 302 9 13 0.026
340 118 8 13 0.026
857 3 8 10 0.025
534 529 13 18 0.025
701 7 10 11 0.025
873 138 9 13 0.025
457 188 12 15 0.025
43 175 11 14 0.025
884 278 10 13 0.025
493 460 15 19 0.025
187 178 12 14 0.025
815 275 11 15 0.025
247 107 10 14 0.025
336 74 10 12 0.024
104 483 11 14 0.024
517 -1 8 8 0.024
1 497 7 18 0.024
791 364 12 15 0.024
153 215 12 15 0.024
380 256 11 14 0.024
104 385 11 14 0.024
90 4 9 11 0.024
665 297 10 13 0.023
969 174 9 12 0.023
118 61 10 14 0.022
281 376 9 12 0.022
333 258 10 14 0.022
683 274 11 13 0.021
747 401 12 16 0.021
864 117 9 11 0.021
355 353 12 15 0.021
412 76 10 13 0.021
259 -1 11 11 0.020
497 73 10 13 0.020
684 386 10 15 0.020
129 416 11 14 0.020
191 13 12 15 0.020
593 -1 9 10 0.020
1019 249 5 16 0.019
145 177 13 16 0.019
990 29 9 12 0.019
291 109 11 13 0.019
0 2 8 13 0.019
115 178 11 14 0.019
572 334 11 15 0.018
943 28 10 13 0.018
770 521 6 8 0.018
621 492 12 15 0.018
466 415 11 13 0.018
438 72 10 13 0.017
460 476 15 23 0.017
854 23 8 11 0.017
987 206 11 14 0.017
834 301 11 14 0.017
114 116 12 14 0.017
880 127 10 12 0.017
845 278 11 14 0.017
207 496 13 21 0.017
421 462 15 18 0.017
51 98 9 13 0.017
735 53 8 9 0.017
676 198 10 13 0.017
784 188 11 12 0.017
315 386 10 13 0.017
266 147 11 14 0.016
642 54 11 13 0.016
9 428 10 14 0.016
844 0 9 10 0.016
261 381 11 14 0.016
161 355 10 13 0.016
201 419 11 14 0.016
95 424 13 16 0.016
374 246 12 15 0.016
528 221 10 12 0.016
717 249 10 13 0.016
772 86 10 12 0.015
919 279 12 14 0.015
4 368 11 14 0.015
756 400 12 16 0.015
342 284 11 16 0.015
991 551 8 12 0.015
349 504 14 17 0.015
1014 484 10 25 0.015
841 266 11 14 0.015
436 149 11 14 0.014
28 434 12 15 0.014
809 393 12 16 0.014
370 56 10 13 0.014
185 142 11 13 0.014
30 375 10 14 0.014
146 77 11 14 0.014
2 160 11 14 0.014
774 517 10 12 0.013
75 399 10 14 0.013
13 383 10 13 0.013
190 451 10 13 0.013
292 222 11 15 0.013
152 457 9 13 0.013
79 240 12 15 0.013
846 408 10 14 0.013
450 449 11 15 0.013
307 335 12 17 0.013
929 354 9 12 0.013
319 16 10 13 0.013
862 481 20 27 0.013
437 131 9 13 0.012
1 463 7 15 0.012
793 182 10 12 0.012
365 289 10 15 0.012
628 456 13 18 0.012
736 54 9 11 0.012
23 290 9 13 0.012
49 230 12 15 0.012
674 466 16 22 0.012
654 4 10 12 0.012
134 386 11 16 0.012
645 104 10 14 0.012
461 496 18 29 0.012
886 82 11 14 0.012
773 335 11 14 0.012
476 356 11 13 0.011
119 287 10 13 0.011
154 460 9 13 0.011
469 411 12 16 0.011
181 10 10 12 0.011
970 285 10 13 0.011
491 301 11 16 0.011
806 275 12 14 0.011
671 104 10 13 0.011
534 19 9 12 0.011
529 188 10 15 0.011
684 52 10 13 0.011
28 387 11 14 0.011
345 413 11 14 0.011
224 453 9 14 0.011
934 349 10 13 0.011
74 436 10 14 0.011
374 12 9 12 0.011
306 186 12 15 0.010
487 172 10 13 0.010
5 204 11 15 0.010
247 407 9 12 0.010
992 547 10 13 0.010
102 14 10 14 0.010
822 204 10 13 0.010
107 386 11 15 0.010
