0_Parade_marchingband_1_746
41
745 86 31 41 0.802
815 93 32 43 0.785
371 89 30 39 0.777
546 86 34 45 0.777
764 46 29 39 0.776
299 75 28 35 0.771
141 79 34 44 0.768
424 81 28 36 0.767
627 110 27 35 0.710
597 87 30 39 0.700
167 65 28 39 0.687
452 99 23 30 0.660
1000 136 12 15 0.627
12 102 27 33 0.613
1005 162 12 15 0.598
928 184 12 15 0.591
1002 179 13 15 0.584
964 184 14 16 0.563
950 178 11 13 0.448
957 160 12 15 0.390
881 182 12 14 0.354
945 141 12 13 0.298
858 199 15 21 0.231
574 86 36 45 0.153
923 169 10 13 0.148
925 175 12 14 0.103
920 169 10 12 0.096
996 210 13 15 0.074
949 142 11 13 0.036
916 170 9 12 0.034
20 102 29 33 0.031
604 93 32 44 0.031
972 167 11 15 0.029
946 148 10 12 0.021
1010 178 10 16 0.019
885 180 11 15 0.018
863 208 16 19 0.017
328 74 36 42 0.017
881 173 10 13 0.014
867 213 14 16 0.012
940 136 11 14 0.012
