0_Parade_Parade_0_218
88
740 385 34 39 0.794
928 621 10 13 0.574
142 559 12 15 0.489
1015 535 8 12 0.414
943 610 8 13 0.404
919 547 8 10 0.398
969 546 8 11 0.359
859 526 13 22 0.355
994 557 9 12 0.329
944 541 8 10 0.292
871 496 7 9 0.232
957 552 7 9 0.216
101 563 8 9 0.191
865 531 12 19 0.161
201 664 13 16 0.134
34 574 8 9 0.120
942 542 7 9 0.118
905 591 7 10 0.114
38 559 9 11 0.110
52 569 7 9 0.107
1009 603 11 13 0.106
955 554 7 9 0.096
964 548 9 10 0.090
131 553 9 11 0.088
892 551 8 10 0.083
173 656 12 16 0.079
916 548 9 11 0.072
86 588 9 11 0.072
870 538 10 14 0.070
805 647 11 15 0.069
35 571 8 11 0.063
896 552 8 10 0.059
117 543 8 10 0.051
681 532 8 10 0.048
179 667 13 15 0.045
859 524 10 17 0.044
646 490 6 7 0.044
889 552 8 9 0.044
115 569 8 10 0.042
324 535 11 13 0.041
923 583 9 11 0.038
874 496 7 9 0.037
838 493 7 9 0.036
30 575 8 10 0.035
66 552 8 9 0.034
911 577 8 10 0.032
182 670 12 14 0.031
168 652 13 16 0.031
175 662 13 15 0.029
839 495 8 9 0.028
366 157 220 149 0.028
15 570 7 10 0.028
16 568 7 9 0.027
878 540 9 12 0.027
921 554 8 11 0.027
175 653 12 16 0.027
679 507 6 8 0.027
974 612 9 12 0.026
1 604 8 13 0.025
63 552 8 9 0.023
13 579 7 8 0.022
919 586 9 11 0.022
91 551 8 10 0.021
120 543 7 10 0.020
820 638 9 12 0.020
971 610 8 11 0.020
152 486 6 8 0.020
917 553 7 10 0.019
240 611 11 13 0.017
977 613 9 11 0.016
878 631 10 13 0.016
83 586 9 11 0.015
925 643 9 10 0.013
83 589 9 12 0.013
671 571 8 10 0.013
928 558 8 10 0.012
637 513 6 8 0.012
894 548 8 10 0.012
181 572 7 9 0.012
926 584 8 10 0.011
1006 603 9 12 0.011
361 668 12 13 0.011
31 577 8 10 0.011
684 529 7 10 0.011
149 553 8 11 0.011
102 652 15 21 0.010
818 635 9 12 0.010
40 554 9 10 0.010
