0_Parade_marchingband_1_653
112
601 185 14 19 0.753
604 138 13 18 0.734
538 194 14 19 0.733
396 197 14 19 0.732
125 149 14 18 0.729
461 147 14 17 0.729
398 87 14 16 0.728
679 192 14 17 0.728
765 189 14 19 0.727
325 136 14 18 0.726
419 144 14 16 0.725
226 142 14 17 0.723
649 128 14 18 0.722
130 201 13 18 0.720
512 131 14 19 0.718
981 129 14 17 0.716
481 206 14 17 0.714
352 95 13 15 0.714
961 181 15 19 0.714
231 47 12 15 0.710
534 95 13 16 0.710
45 197 15 18 0.709
489 83 15 16 0.706
78 145 14 16 0.705
373 145 14 17 0.705
176 140 13 16 0.704
871 193 15 18 0.702
958 37 14 16 0.701
412 33 12 15 0.701
654 20 14 18 0.700
304 95 13 16 0.699
28 144 14 16 0.697
739 134 14 17 0.696
312 208 14 18 0.695
223 205 13 16 0.691
188 41 12 14 0.690
260 109 13 15 0.690
113 87 13 14 0.689
876 117 15 19 0.689
585 91 13 15 0.687
782 134 15 17 0.687
364 44 13 15 0.687
603 37 13 15 0.687
913 27 12 17 0.686
273 154 13 15 0.681
150 56 13 14 0.678
891 96 13 15 0.677
743 41 13 15 0.676
673 91 13 16 0.673
68 98 14 16 0.672
23 96 13 15 0.672
100 50 12 14 0.669
210 93 13 16 0.668
509 32 12 15 0.666
807 91 13 15 0.666
321 41 12 15 0.661
556 33 12 15 0.659
45 43 12 14 0.659
274 51 13 14 0.658
827 29 13 15 0.657
851 92 12 14 0.655
443 94 13 15 0.653
716 83 13 15 0.652
933 95 12 13 0.652
467 35 12 15 0.650
166 95 13 15 0.644
700 25 13 15 0.643
784 33 12 14 0.638
629 89 14 16 0.629
944 107 14 16 0.619
692 122 14 18 0.618
980 78 13 15 0.612
825 126 15 17 0.607
760 87 13 16 0.607
560 129 14 17 0.604
865 37 13 15 0.524
797 49 13 15 0.510
873 57 14 16 0.497
925 115 15 17 0.462
820 108 13 15 0.430
751 60 13 14 0.407
863 107 12 16 0.405
838 48 13 14 0.317
983 83 13 15 0.313
902 113 12 15 0.297
774 104 12 14 0.222
989 93 14 15 0.199
754 66 13 16 0.181
867 44 14 16 0.172
317 204 14 19 0.106
547 112 12 15 0.104
972 55 11 14 0.099
901 106 15 17 0.091
777 249 13 15 0.087
188 157 13 15 0.083
280 250 10 12 0.066
929 46 11 15 0.056
689 216 16 18 0.040
643 106 14 15 0.031
374 202 13 15 0.026
869 56 14 16 0.024
777 244 15 16 0.021
709 44 12 15 0.020
320 197 13 16 0.019
104 48 12 14 0.017
867 106 12 14 0.017
843 198 10 15 0.016
880 58 12 14 0.014
994 93 12 14 0.014
157 72 12 14 0.013
840 144 14 15 0.011
907 87 11 13 0.011
