0_Parade_Parade_0_664
305
16 338 35 34 0.776
619 341 20 27 0.732
844 324 19 24 0.730
542 351 24 21 0.720
412 335 19 24 0.714
123 323 22 25 0.707
465 341 22 29 0.706
212 314 21 26 0.702
976 343 19 23 0.693
488 324 20 24 0.692
583 327 17 21 0.663
659 318 18 23 0.646
515 314 14 18 0.642
32 306 19 21 0.641
937 336 27 30 0.617
172 350 20 25 0.615
58 309 17 21 0.613
807 347 19 26 0.612
360 323 17 21 0.605
463 299 15 19 0.595
196 294 13 15 0.591
425 309 11 14 0.572
578 308 11 15 0.561
785 327 13 14 0.547
260 355 30 29 0.523
537 307 11 14 0.497
38 287 10 12 0.487
108 303 15 17 0.485
161 303 13 16 0.476
246 308 18 24 0.458
69 284 9 11 0.450
502 298 11 11 0.416
923 309 9 11 0.414
271 280 9 10 0.402
178 289 9 10 0.400
128 277 9 11 0.399
231 297 11 13 0.398
89 289 9 10 0.395
981 309 9 12 0.386
674 314 13 16 0.377
132 305 13 13 0.372
633 309 11 14 0.352
659 302 8 9 0.330
0 328 13 22 0.321
725 297 7 9 0.308
15 287 8 9 0.302
891 320 9 11 0.300
354 305 15 17 0.297
958 312 9 11 0.294
700 306 8 10 0.292
794 293 7 8 0.279
887 359 21 22 0.271
557 293 7 9 0.270
344 357 23 23 0.265
343 308 13 17 0.261
998 303 9 10 0.261
894 321 9 11 0.257
489 302 14 16 0.249
977 321 10 12 0.247
843 298 7 8 0.244
761 324 10 13 0.242
916 296 6 8 0.238
894 307 7 9 0.238
732 287 5 7 0.226
937 316 12 12 0.222
988 294 6 8 0.221
700 309 10 13 0.220
864 343 12 17 0.216
621 287 5 7 0.211
748 301 6 8 0.208
203 315 17 22 0.206
1012 337 11 18 0.204
781 293 6 7 0.203
710 288 6 7 0.199
441 301 10 13 0.199
685 300 7 8 0.193
469 282 6 8 0.192
769 306 9 11 0.186
944 295 7 8 0.184
638 310 10 13 0.181
744 287 6 8 0.179
409 291 9 11 0.176
872 326 10 12 0.176
250 276 8 9 0.171
766 349 16 23 0.165
860 306 9 9 0.164
252 311 20 24 0.163
1013 324 10 14 0.161
739 331 14 17 0.159
24 275 6 7 0.156
528 301 9 12 0.153
41 270 6 8 0.153
135 305 15 18 0.151
917 343 16 20 0.149
1009 301 7 9 0.146
758 295 6 8 0.146
131 277 9 10 0.146
348 308 13 15 0.141
725 354 23 21 0.138
26 301 14 16 0.137
358 294 8 10 0.131
261 308 17 21 0.129
1007 294 6 8 0.129
344 305 10 14 0.121
893 308 9 11 0.108
827 295 6 8 0.108
946 296 6 9 0.108
926 287 5 7 0.106
13 286 7 9 0.106
793 315 10 12 0.104
288 300 12 14 0.101
593 297 7 8 0.100
200 292 11 13 0.100
81 306 10 12 0.096
672 299 6 8 0.095
764 343 16 21 0.092
582 305 9 11 0.092
382 283 7 9 0.092
42 289 8 10 0.086
773 285 5 7 0.085
374 272 6 7 0.083
1014 320 8 12 0.081
384 316 14 18 0.081
502 278 6 6 0.080
383 286 9 11 0.080
577 289 6 8 0.080
371 302 9 13 0.078
506 279 5 7 0.077
984 308 8 11 0.076
1002 299 7 9 0.075
306 333 16 19 0.075
308 283 8 9 0.075
579 285 5 7 0.075
607 276 5 6 0.074
267 307 14 18 0.073
80 272 6 6 0.072
249 300 15 18 0.072
388 293 11 13 0.070
94 289 9 10 0.070
311 282 8 8 0.070
696 282 5 6 0.069
867 304 7 9 0.068
7 273 6 8 0.068
315 281 7 8 0.068
253 290 9 11 0.068
153 294 9 12 0.067
548 279 5 5 0.067
782 290 6 7 0.066
445 306 10 16 0.065
338 280 6 8 0.065
471 282 7 9 0.065
537 281 5 6 0.063
444 280 6 9 0.061
488 300 8 11 0.060
637 284 5 6 0.059
340 279 6 7 0.058
4 268 6 7 0.058
635 283 5 7 0.056
719 278 5 6 0.056
58 277 6 8 0.056
849 288 5 7 0.055
302 285 7 9 0.055
334 282 8 10 0.054
440 299 8 11 0.054
543 307 11 13 0.054
764 338 14 20 0.054
731 356 24 21 0.053
342 314 14 19 0.053
859 301 6 8 0.053
219 285 7 9 0.051
378 285 8 10 0.050
704 329 13 17 0.050
500 279 6 6 0.050
546 279 5 5 0.049
421 288 7 8 0.049
356 281 6 8 0.049
288 276 6 7 0.048
700 322 12 16 0.048
380 282 7 9 0.048
1 331 18 24 0.047
899 308 9 11 0.047
1005 290 5 7 0.047
423 287 6 7 0.046
0 314 8 19 0.046
795 290 5 7 0.045
545 278 4 5 0.045
498 307 11 15 0.044
55 276 5 7 0.044
895 337 12 16 0.044
255 275 6 9 0.044
595 299 7 9 0.043
2 304 8 14 0.043
85 299 8 12 0.042
605 277 5 6 0.040
940 296 7 8 0.040
405 291 10 12 0.040
464 284 9 11 0.040
601 291 6 7 0.040
905 282 5 6 0.039
480 275 5 6 0.039
561 294 8 10 0.038
552 277 5 6 0.036
684 287 5 6 0.036
109 275 7 8 0.035
511 290 7 9 0.035
649 308 13 16 0.034
257 318 17 22 0.034
282 302 15 19 0.034
299 282 6 8 0.034
336 313 14 18 0.033
825 284 5 6 0.033
117 282 9 11 0.032
114 269 6 8 0.032
449 288 9 10 0.032
86 272 6 7 0.032
289 302 14 18 0.031
29 264 5 5 0.031
648 291 6 7 0.031
972 296 6 8 0.031
997 301 12 15 0.030
662 278 4 5 0.030
395 297 10 13 0.030
592 276 5 6 0.030
77 270 6 7 0.030
328 286 9 10 0.029
621 300 8 10 0.029
378 310 13 16 0.028
502 279 9 10 0.028
394 311 13 17 0.028
829 335 12 18 0.027
537 284 6 8 0.026
657 300 12 14 0.026
916 330 12 15 0.026
15 262 5 6 0.025
488 274 5 6 0.025
857 348 21 20 0.025
656 280 5 6 0.025
874 296 7 8 0.025
959 316 10 12 0.025
18 273 6 7 0.025
904 280 5 6 0.025
888 284 4 6 0.025
54 308 14 16 0.024
811 287 5 6 0.024
845 294 7 9 0.024
410 288 7 8 0.024
87 286 13 15 0.024
349 271 5 6 0.024
567 277 5 5 0.024
901 324 11 12 0.023
305 282 10 12 0.023
236 270 6 7 0.023
755 289 5 6 0.023
797 316 9 11 0.023
836 287 5 6 0.022
751 307 9 11 0.022
594 281 5 6 0.022
709 329 10 16 0.022
16 307 13 16 0.022
521 336 15 18 0.021
405 279 5 7 0.021
658 278 5 5 0.020
418 330 16 20 0.020
334 264 5 6 0.020
110 263 5 7 0.019
897 300 6 8 0.019
621 306 10 13 0.019
594 293 8 10 0.019
399 273 6 7 0.018
885 293 6 7 0.018
951 317 13 12 0.018
932 288 6 6 0.017
572 281 5 6 0.017
223 273 6 7 0.017
1014 290 5 7 0.017
671 312 19 25 0.016
866 285 5 6 0.016
529 275 5 6 0.016
286 298 9 12 0.016
597 325 13 18 0.016
862 343 20 24 0.015
693 278 5 5 0.014
12 285 12 14 0.014
504 280 9 10 0.014
311 325 15 20 0.014
870 287 6 6 0.013
734 310 11 14 0.013
305 337 15 21 0.013
261 352 23 23 0.013
549 328 15 20 0.012
154 288 7 8 0.012
829 341 14 17 0.012
990 291 6 6 0.011
736 308 9 11 0.011
201 318 13 17 0.011
412 275 5 7 0.011
515 277 5 5 0.011
555 292 11 13 0.011
35 342 29 29 0.011
49 346 24 23 0.011
295 277 6 7 0.010
667 277 4 5 0.010
578 277 5 5 0.010
323 292 10 13 0.010
698 329 12 17 0.010
