0_Parade_Parade_0_873
263
820 505 62 80 0.847
319 460 50 62 0.841
981 460 43 75 0.839
871 573 90 111 0.831
96 580 74 105 0.825
452 524 65 84 0.824
727 479 50 70 0.809
663 604 59 81 0.797
152 409 33 39 0.785
930 401 45 55 0.784
608 489 49 69 0.776
31 428 33 46 0.758
316 402 34 46 0.745
278 373 21 26 0.742
131 384 31 34 0.739
716 407 34 42 0.738
557 426 36 50 0.735
401 322 27 35 0.732
958 345 29 31 0.729
451 398 32 42 0.728
189 357 18 22 0.727
744 313 21 26 0.711
819 319 21 26 0.710
301 354 22 26 0.707
994 309 19 24 0.696
79 456 53 55 0.692
746 354 24 30 0.690
627 333 17 26 0.689
780 415 35 48 0.689
372 321 18 23 0.684
903 376 24 33 0.679
975 418 34 60 0.675
481 310 17 21 0.675
853 327 23 28 0.672
808 350 22 28 0.667
533 357 25 31 0.667
212 310 15 18 0.664
13 361 25 31 0.664
629 363 24 31 0.663
933 296 22 27 0.662
859 376 28 39 0.656
510 372 23 29 0.654
251 577 34 63 0.646
468 347 16 22 0.646
665 391 28 36 0.642
60 334 14 19 0.639
703 289 14 17 0.638
143 479 36 56 0.636
34 336 14 17 0.634
336 368 28 31 0.631
428 307 14 16 0.629
633 309 16 22 0.628
663 311 13 17 0.628
23 297 14 17 0.617
501 321 14 18 0.617
934 269 15 18 0.615
79 370 23 27 0.614
670 363 20 25 0.607
0 391 23 32 0.606
247 343 14 17 0.600
966 294 14 18 0.593
907 307 16 19 0.591
788 343 21 25 0.591
445 369 27 33 0.584
808 263 13 17 0.582
1001 365 21 31 0.576
735 300 16 19 0.568
473 301 12 14 0.559
793 316 16 21 0.556
177 334 16 20 0.556
582 344 22 27 0.553
319 323 12 15 0.552
710 306 15 21 0.548
898 349 26 30 0.546
920 274 13 15 0.543
258 353 15 21 0.531
534 319 13 15 0.530
352 343 17 21 0.528
574 307 12 16 0.525
369 454 40 59 0.516
565 328 15 18 0.508
4 530 53 77 0.499
874 268 11 13 0.498
983 280 16 21 0.483
786 300 13 20 0.470
217 353 16 20 0.468
980 294 16 18 0.467
533 301 11 13 0.465
1000 293 16 20 0.447
233 329 13 15 0.445
525 337 16 20 0.439
1014 321 10 24 0.431
772 358 24 28 0.427
260 329 11 15 0.419
460 316 12 15 0.416
709 270 10 12 0.412
502 343 17 21 0.398
590 370 20 25 0.393
291 331 12 16 0.391
248 324 11 14 0.388
3 327 10 16 0.383
154 327 11 14 0.383
314 380 18 25 0.350
558 310 12 14 0.343
126 339 12 16 0.338
219 413 25 34 0.329
1017 270 7 14 0.319
162 345 14 19 0.303
242 371 19 24 0.291
772 398 26 36 0.286
462 327 14 18 0.274
548 329 14 16 0.267
501 349 18 23 0.264
105 465 48 56 0.254
856 279 9 13 0.254
911 269 10 12 0.253
202 408 26 35 0.244
380 310 12 13 0.223
869 344 20 25 0.220
23 399 26 30 0.219
686 321 15 23 0.214
586 319 14 18 0.206
165 318 11 12 0.200
502 358 17 22 0.196
98 341 14 15 0.189
157 362 16 20 0.186
463 334 16 21 0.185
42 315 12 15 0.184
585 317 11 16 0.184
524 347 18 24 0.179
79 351 17 19 0.179
100 336 12 14 0.177
292 430 21 30 0.171
282 321 12 17 0.169
228 337 12 17 0.168
459 320 13 17 0.165
914 411 27 38 0.158
913 324 17 22 0.153
866 283 12 16 0.142
-1 365 9 21 0.140
856 280 13 17 0.136
443 349 20 23 0.134
885 345 22 28 0.134
682 311 11 15 0.129
744 275 12 16 0.127
775 300 13 18 0.125
721 363 20 28 0.123
683 315 13 18 0.123
326 351 17 21 0.123
203 338 10 14 0.116
833 297 12 13 0.115
922 403 36 51 0.109
100 359 17 23 0.107
766 400 22 31 0.099
512 456 26 40 0.098
99 346 14 18 0.096
567 322 14 18 0.095
324 348 14 18 0.087
274 320 12 15 0.086
250 306 10 11 0.082
687 330 16 23 0.080
168 382 16 23 0.079
871 325 18 24 0.076
962 270 11 14 0.074
17 341 14 17 0.070
271 320 11 13 0.066
783 250 7 11 0.064
328 312 8 11 0.063
67 466 40 46 0.061
19 526 41 56 0.060
823 519 75 91 0.057
770 300 13 17 0.057
910 312 16 20 0.055
572 393 24 31 0.054
745 260 10 14 0.053
744 264 12 16 0.050
679 388 25 37 0.049
758 260 10 12 0.048
929 291 16 20 0.048
785 253 8 11 0.047
795 346 21 26 0.046
325 321 11 14 0.046
727 357 18 26 0.046
953 383 33 38 0.045
753 262 11 13 0.044
291 326 11 16 0.044
741 277 12 16 0.043
0 465 12 58 0.043
967 430 32 44 0.041
276 339 15 19 0.040
60 366 15 21 0.039
229 331 13 16 0.039
2 434 18 37 0.038
103 364 18 23 0.038
903 428 29 42 0.036
0 367 9 28 0.036
579 371 19 25 0.034
280 346 16 22 0.034
810 291 14 18 0.033
810 299 16 20 0.033
323 325 13 15 0.032
376 324 19 26 0.032
801 316 18 23 0.032
1002 316 18 26 0.031
0 335 9 19 0.031
284 337 15 20 0.031
783 259 9 11 0.031
591 326 14 17 0.031
209 309 13 15 0.030
872 318 18 22 0.029
0 556 40 102 0.029
220 310 12 14 0.028
263 354 16 23 0.027
914 330 19 25 0.027
591 317 12 17 0.024
691 328 19 24 0.023
104 355 15 20 0.022
437 393 23 38 0.022
32 323 12 14 0.022
78 397 23 29 0.022
279 641 50 47 0.021
428 459 42 62 0.021
762 295 12 15 0.021
761 257 9 11 0.020
185 393 25 28 0.019
782 248 7 9 0.019
153 324 10 12 0.019
210 416 31 38 0.018
152 373 19 24 0.018
535 297 11 13 0.018
910 298 15 19 0.018
346 323 9 12 0.017
759 300 16 21 0.017
77 338 11 15 0.017
344 326 11 12 0.017
908 420 26 36 0.017
432 328 12 16 0.017
871 301 17 19 0.016
253 305 9 9 0.016
210 374 17 22 0.015
284 316 9 13 0.015
546 343 21 28 0.015
270 317 10 12 0.014
988 276 13 16 0.014
198 410 21 29 0.014
695 333 19 24 0.014
695 397 28 38 0.014
907 348 22 28 0.014
825 383 21 27 0.013
287 651 59 43 0.013
368 321 14 17 0.013
1012 349 13 22 0.013
367 318 12 15 0.012
200 362 18 23 0.012
440 344 16 19 0.012
840 314 14 21 0.012
238 368 18 23 0.012
63 364 15 17 0.011
852 279 9 11 0.011
137 472 32 55 0.011
109 372 17 23 0.011
0 438 15 42 0.011
690 384 31 40 0.010
