0_Parade_Parade_0_53
47
269 168 46 54 0.855
792 180 47 60 0.840
468 217 13 17 0.628
243 214 10 12 0.467
1013 232 8 10 0.403
513 236 6 8 0.254
1003 245 7 8 0.115
969 269 7 10 0.067
967 270 7 10 0.063
417 235 6 7 0.058
871 204 7 9 0.055
525 234 5 6 0.054
618 219 12 16 0.052
526 226 5 6 0.041
983 225 7 9 0.037
988 211 8 11 0.036
837 251 11 14 0.035
525 229 6 7 0.032
557 227 5 6 0.031
863 232 7 9 0.031
363 222 6 8 0.031
988 241 7 9 0.027
560 228 4 5 0.027
987 215 7 10 0.026
651 236 8 11 0.026
698 239 5 6 0.025
512 234 6 8 0.024
696 239 5 6 0.022
744 233 5 6 0.022
988 265 8 9 0.021
539 236 5 6 0.020
618 228 10 13 0.017
383 235 6 7 0.017
377 234 6 6 0.017
583 238 4 6 0.015
601 234 6 7 0.014
669 233 6 7 0.014
383 232 6 7 0.013
599 236 4 5 0.013
949 282 7 9 0.011
385 225 6 8 0.011
723 234 5 6 0.011
362 223 8 10 0.010
875 204 7 9 0.010
562 227 5 6 0.010
379 230 6 8 0.010
692 239 5 6 0.010
