0_Parade_marchingband_1_329
50
449 415 20 26 0.799
572 421 20 26 0.790
632 426 20 26 0.778
716 374 19 21 0.765
835 324 21 25 0.763
510 426 19 24 0.760
136 312 23 27 0.752
330 387 18 19 0.748
253 384 19 21 0.742
566 337 17 20 0.741
372 324 17 19 0.737
193 313 19 22 0.733
640 308 17 20 0.730
413 318 17 19 0.730
291 318 18 20 0.726
181 393 19 21 0.724
571 304 18 19 0.724
478 314 18 20 0.723
392 382 17 19 0.723
522 315 18 21 0.722
897 334 22 25 0.720
333 321 16 19 0.717
659 333 19 20 0.717
758 392 17 18 0.716
213 341 18 20 0.710
81 299 19 21 0.700
785 352 18 18 0.698
707 333 17 18 0.689
746 340 19 19 0.684
591 315 16 19 0.676
797 402 18 18 0.673
685 331 15 17 0.652
160 327 17 19 0.621
611 315 16 19 0.464
543 322 15 17 0.450
767 334 15 16 0.436
464 324 15 19 0.429
507 331 15 18 0.279
444 322 15 17 0.265
769 330 18 19 0.208
457 324 16 18 0.160
777 326 18 18 0.117
371 313 13 18 0.068
463 313 13 16 0.047
767 324 17 20 0.043
218 326 15 18 0.028
397 430 16 18 0.022
264 431 15 20 0.017
597 317 16 19 0.015
338 359 17 19 0.010
