0_Parade_marchingband_1_359
66
733 114 56 63 0.861
167 171 34 40 0.755
909 118 22 28 0.745
609 187 17 23 0.725
864 149 25 27 0.725
411 191 17 21 0.701
1009 115 16 30 0.698
482 191 15 21 0.656
311 193 12 18 0.615
0 211 15 21 0.613
507 192 11 15 0.561
146 203 13 15 0.519
362 195 10 15 0.518
272 195 12 15 0.465
249 196 11 16 0.379
966 131 12 15 0.359
285 211 11 12 0.352
540 195 6 9 0.292
389 213 9 11 0.286
61 207 14 17 0.250
276 197 11 13 0.118
665 191 6 7 0.101
52 211 16 18 0.099
543 195 6 8 0.094
833 173 6 8 0.091
453 208 9 11 0.083
561 199 8 11 0.078
527 200 7 8 0.071
566 195 8 10 0.070
454 203 8 10 0.070
56 207 15 18 0.069
49 215 16 19 0.068
848 157 5 6 0.067
454 196 7 9 0.062
676 194 5 7 0.056
645 194 6 7 0.049
376 212 9 12 0.048
574 195 8 9 0.044
677 195 6 8 0.041
457 194 7 9 0.037
578 197 7 10 0.036
671 192 6 7 0.034
970 127 12 16 0.034
66 208 13 16 0.034
281 210 11 14 0.025
832 173 8 10 0.024
655 197 5 7 0.024
15 225 12 14 0.023
393 204 8 11 0.021
667 190 8 9 0.017
587 195 6 9 0.016
248 201 10 14 0.016
291 209 10 14 0.015
562 205 8 10 0.015
206 180 16 22 0.014
692 184 7 9 0.014
55 215 15 19 0.013
197 197 16 20 0.012
587 200 6 8 0.012
370 213 10 13 0.012
128 204 10 13 0.012
387 199 6 9 0.011
607 191 14 17 0.011
435 206 8 10 0.011
242 195 10 15 0.010
47 220 14 17 0.010
