0_Parade_marchingband_1_382
31
803 123 37 40 0.805
146 169 36 44 0.803
339 102 32 37 0.802
932 72 19 24 0.755
201 67 26 38 0.749
450 40 28 36 0.736
954 68 18 27 0.611
904 64 18 27 0.588
996 20 15 20 0.584
980 94 21 29 0.574
911 26 15 23 0.557
1000 97 18 28 0.502
930 -2 17 15 0.362
769 0 25 15 0.265
982 67 19 25 0.237
936 -2 15 14 0.093
737 14 23 28 0.081
747 54 19 23 0.065
739 25 23 29 0.053
961 66 21 28 0.049
906 26 15 23 0.047
989 4 12 15 0.042
926 -1 15 15 0.028
899 63 16 27 0.026
928 137 18 23 0.022
660 61 13 16 0.022
992 8 12 19 0.020
942 -1 12 12 0.018
900 14 12 17 0.016
355 1 29 24 0.016
984 77 20 26 0.011
