0_Parade_marchingband_1_649
35
176 281 41 51 0.845
294 286 42 52 0.843
24 196 39 50 0.837
798 283 39 52 0.829
896 319 39 51 0.827
557 83 34 46 0.824
940 206 41 47 0.823
410 84 37 45 0.821
701 288 38 49 0.819
969 150 33 41 0.809
246 190 41 46 0.804
662 213 38 46 0.803
860 152 30 39 0.801
131 236 36 45 0.800
490 122 35 44 0.797
815 200 34 46 0.789
6 126 28 36 0.787
56 118 30 37 0.784
762 150 27 35 0.782
651 146 28 39 0.781
343 118 31 40 0.780
249 144 29 33 0.764
528 129 30 39 0.741
104 135 26 33 0.739
907 178 23 29 0.739
703 172 23 32 0.719
150 118 19 36 0.596
835 176 22 30 0.565
234 156 18 26 0.559
440 132 28 31 0.363
147 156 17 26 0.361
790 161 23 31 0.356
305 166 19 22 0.047
126 140 16 25 0.011
133 140 13 23 0.010
