0_Parade_Parade_0_286
116
618 606 108 93 0.819
957 552 67 84 0.813
533 544 18 23 0.720
586 561 22 28 0.697
902 525 19 24 0.678
84 523 17 20 0.643
583 524 13 17 0.564
350 508 15 19 0.537
945 502 11 15 0.521
612 515 9 11 0.425
963 496 10 12 0.327
588 330 6 7 0.304
87 502 11 13 0.268
564 516 9 10 0.268
514 330 5 6 0.267
448 525 15 21 0.250
522 508 8 10 0.247
475 554 14 22 0.247
500 332 6 6 0.223
81 551 25 29 0.204
229 550 24 31 0.193
610 494 7 9 0.179
654 512 9 11 0.166
976 511 10 12 0.153
577 343 6 7 0.134
246 521 14 18 0.133
453 527 15 20 0.125
515 536 12 16 0.112
829 174 6 8 0.110
550 520 9 11 0.107
517 330 5 7 0.103
507 419 9 10 0.103
796 173 6 6 0.095
626 507 8 11 0.093
460 531 12 16 0.085
856 168 6 8 0.081
965 181 7 9 0.077
596 515 7 10 0.071
857 511 17 22 0.068
695 168 7 9 0.067
755 327 6 8 0.059
271 547 24 28 0.058
798 172 6 7 0.058
519 507 8 11 0.057
509 538 12 15 0.053
810 513 15 22 0.049
10 649 65 56 0.047
856 165 6 7 0.046
926 183 6 6 0.043
657 512 9 11 0.038
963 505 12 14 0.038
690 501 7 10 0.036
518 533 11 15 0.034
655 509 9 11 0.033
499 334 5 6 0.029
996 518 12 14 0.029
474 542 10 14 0.028
422 618 18 33 0.026
543 158 6 7 0.026
294 580 21 28 0.026
466 534 10 13 0.026
14 553 24 37 0.025
477 560 18 31 0.025
949 182 6 7 0.025
293 500 12 15 0.024
485 572 23 36 0.024
603 523 9 13 0.024
414 521 11 16 0.022
924 183 5 6 0.022
543 523 9 12 0.021
541 514 7 9 0.021
764 481 8 12 0.020
608 555 12 19 0.020
178 584 27 37 0.019
551 558 12 15 0.019
131 525 16 19 0.019
720 381 6 7 0.019
493 575 23 37 0.019
934 528 15 18 0.019
626 497 7 9 0.018
342 601 22 32 0.018
511 330 7 9 0.018
165 576 32 41 0.018
90 634 52 53 0.017
477 542 10 14 0.017
372 657 43 40 0.017
88 549 26 30 0.017
477 326 5 6 0.016
461 523 11 17 0.016
911 233 8 10 0.016
689 498 7 10 0.015
554 555 11 15 0.014
8 554 24 43 0.014
329 500 11 15 0.013
693 507 8 10 0.013
611 518 9 13 0.013
825 173 9 10 0.013
761 483 8 12 0.012
594 346 6 7 0.012
697 166 6 7 0.011
225 551 20 25 0.011
188 595 22 31 0.011
765 484 9 14 0.011
296 503 15 18 0.011
244 519 20 26 0.011
941 501 11 14 0.011
660 510 8 9 0.011
511 541 14 18 0.011
966 179 6 8 0.011
108 629 42 48 0.010
225 542 35 45 0.010
473 593 21 34 0.010
104 497 9 11 0.010
578 504 8 9 0.010
813 516 16 22 0.010
230 545 20 24 0.010
