0_Parade_Parade_0_29
61
542 165 61 72 0.834
801 164 42 50 0.785
978 185 35 42 0.782
238 233 24 28 0.739
422 246 20 22 0.710
860 231 20 24 0.700
487 233 17 19 0.698
194 240 19 21 0.689
162 248 15 19 0.669
141 247 13 15 0.659
706 243 16 20 0.641
294 240 13 16 0.605
512 243 13 15 0.591
748 240 20 25 0.590
586 238 24 26 0.567
357 238 15 18 0.557
122 242 12 14 0.547
315 227 34 43 0.538
692 246 11 14 0.490
220 250 11 13 0.454
648 238 8 10 0.412
617 252 12 13 0.402
596 242 17 19 0.354
670 239 7 10 0.340
408 239 12 16 0.308
681 237 8 10 0.274
461 249 7 9 0.186
75 253 6 7 0.143
377 253 7 9 0.110
389 252 6 8 0.081
182 258 9 11 0.065
104 249 8 10 0.064
382 253 7 8 0.056
390 253 7 8 0.053
374 249 11 14 0.045
70 247 7 8 0.033
70 239 7 8 0.032
661 246 8 10 0.030
657 249 8 11 0.029
71 251 8 9 0.027
385 251 10 11 0.027
88 244 7 8 0.024
472 250 7 8 0.022
625 251 9 11 0.020
684 235 8 10 0.019
180 253 12 15 0.017
712 246 13 17 0.017
405 236 18 23 0.017
145 246 12 13 0.016
432 246 15 16 0.016
0 244 6 8 0.015
510 247 15 16 0.014
420 227 9 13 0.014
668 237 11 14 0.014
2 274 6 8 0.014
102 252 7 8 0.013
283 252 11 13 0.013
376 255 8 11 0.013
459 249 12 14 0.012
106 256 8 10 0.011
477 244 11 13 0.011
