0_Parade_marchingband_1_629
81
561 368 12 15 0.683
610 370 12 16 0.680
508 366 13 15 0.675
955 392 15 24 0.673
139 359 12 15 0.658
36 376 12 15 0.655
110 373 12 15 0.649
234 364 12 15 0.641
2 348 10 13 0.639
794 351 12 14 0.636
425 361 10 13 0.636
359 361 10 12 0.633
392 360 11 13 0.619
463 357 11 15 0.617
578 321 11 13 0.616
429 320 9 12 0.605
54 334 10 12 0.598
293 352 9 12 0.588
406 326 8 10 0.579
636 326 11 13 0.559
862 353 10 14 0.547
650 373 10 17 0.527
327 357 9 12 0.514
715 394 10 18 0.511
860 383 11 19 0.505
496 331 8 11 0.481
324 357 9 11 0.461
289 383 8 15 0.423
826 341 7 9 0.398
713 335 8 10 0.391
531 323 8 10 0.372
791 374 10 18 0.319
776 340 7 8 0.291
538 336 9 11 0.271
741 334 7 9 0.261
320 357 9 11 0.253
562 325 8 10 0.246
483 334 7 9 0.207
510 390 9 16 0.195
165 389 7 9 0.188
721 353 10 12 0.172
793 405 9 19 0.164
867 334 7 10 0.155
493 332 8 11 0.147
532 325 8 12 0.143
533 330 10 12 0.107
841 319 5 7 0.097
729 341 7 9 0.095
291 384 9 14 0.091
712 333 7 10 0.083
865 333 7 9 0.081
541 335 8 11 0.065
419 346 9 11 0.059
869 333 6 9 0.054
844 319 5 6 0.049
638 360 9 12 0.049
718 394 12 18 0.046
506 390 11 15 0.042
290 380 9 14 0.035
710 393 10 17 0.033
571 349 11 13 0.032
1 314 6 13 0.030
746 370 12 16 0.030
795 404 12 19 0.027
542 321 7 8 0.026
489 352 10 13 0.026
162 388 7 9 0.024
864 348 8 14 0.020
746 368 10 12 0.016
71 383 7 10 0.015
661 327 6 8 0.015
505 332 7 10 0.015
748 337 6 8 0.014
504 324 7 9 0.014
738 333 7 9 0.012
479 338 9 11 0.012
662 328 7 9 0.012
129 369 8 11 0.011
127 371 9 12 0.011
514 391 11 15 0.010
712 333 11 14 0.010
