0_Parade_Parade_0_611
31
303 168 39 57 0.832
589 153 36 48 0.813
413 139 38 52 0.806
154 163 32 49 0.781
71 195 25 30 0.762
917 222 15 19 0.704
657 198 15 26 0.679
498 200 24 38 0.670
172 219 19 22 0.551
528 208 19 28 0.541
620 190 16 24 0.540
760 206 11 23 0.507
784 248 9 11 0.502
686 213 12 16 0.367
952 233 10 14 0.352
261 198 20 28 0.321
722 229 10 12 0.273
1 235 8 15 0.068
4 260 8 11 0.063
685 212 10 14 0.050
256 204 19 25 0.028
754 208 13 21 0.024
180 221 14 19 0.024
726 208 11 14 0.019
697 252 9 13 0.015
2 244 9 14 0.014
547 221 10 15 0.014
914 223 13 16 0.012
266 199 24 34 0.012
543 218 15 23 0.011
4 237 8 12 0.010
