0_Parade_marchingband_1_311
70
474 295 19 28 0.677
719 343 12 14 0.641
832 326 12 12 0.602
544 336 10 12 0.593
265 299 13 16 0.584
772 335 10 12 0.546
337 319 9 12 0.507
413 335 12 14 0.490
415 311 9 11 0.476
613 339 17 17 0.471
203 293 10 14 0.455
665 329 8 11 0.446
711 319 5 7 0.295
225 310 9 14 0.253
587 316 6 8 0.250
730 316 5 6 0.242
132 313 5 6 0.164
395 336 7 8 0.145
551 316 6 7 0.127
305 320 6 7 0.120
385 318 6 8 0.115
79 322 5 6 0.114
308 321 6 7 0.111
731 317 5 7 0.093
621 343 14 14 0.088
588 315 6 7 0.076
584 317 7 9 0.069
770 335 8 12 0.068
302 319 6 8 0.063
114 316 5 6 0.059
163 318 5 6 0.054
145 316 5 6 0.049
613 336 12 16 0.045
161 318 6 6 0.045
325 325 6 7 0.045
114 313 5 6 0.042
419 311 9 12 0.037
671 330 7 9 0.037
615 319 6 7 0.035
607 340 13 15 0.035
146 318 5 6 0.035
229 315 9 13 0.033
224 314 9 13 0.031
555 316 6 7 0.030
116 318 4 6 0.030
393 319 5 6 0.028
585 315 5 7 0.024
89 315 5 6 0.024
166 319 5 6 0.023
94 311 5 6 0.022
218 296 9 11 0.021
180 318 5 6 0.017
419 333 9 14 0.017
32 308 4 5 0.017
775 335 10 14 0.016
263 299 10 13 0.016
33 310 4 5 0.015
76 323 4 5 0.015
34 308 5 6 0.014
132 313 7 8 0.014
43 316 5 5 0.014
161 316 8 9 0.014
107 318 5 6 0.014
111 312 5 6 0.013
33 328 4 5 0.013
192 308 6 8 0.012
57 312 5 6 0.011
295 317 6 7 0.011
160 315 6 7 0.011
179 320 6 7 0.011
