0_Parade_marchingband_1_620
73
799 411 32 39 0.781
911 324 32 36 0.779
441 240 21 25 0.728
118 271 22 27 0.714
662 337 28 31 0.709
765 339 29 31 0.705
842 351 26 28 0.692
820 249 23 26 0.689
902 215 20 21 0.669
606 238 22 23 0.654
256 198 19 21 0.649
1011 328 13 28 0.641
954 231 19 21 0.633
972 214 19 22 0.624
859 202 18 19 0.617
288 232 20 25 0.611
585 177 16 17 0.600
193 175 20 21 0.595
397 190 14 17 0.589
82 189 18 21 0.582
761 206 19 21 0.542
332 241 20 25 0.531
716 162 15 17 0.517
307 184 16 19 0.441
106 183 17 20 0.441
619 158 15 16 0.436
468 191 15 16 0.435
838 229 18 20 0.427
515 174 12 15 0.288
406 172 12 14 0.236
623 161 14 17 0.223
313 158 13 17 0.223
960 168 16 17 0.221
170 188 15 16 0.188
97 185 18 20 0.171
464 190 14 16 0.168
411 192 11 14 0.168
322 241 20 23 0.129
413 189 12 16 0.124
330 250 21 24 0.121
109 187 18 21 0.120
625 166 14 17 0.101
967 269 21 26 0.082
59 185 18 21 0.080
852 175 17 19 0.076
316 162 13 17 0.069
940 173 16 19 0.060
637 394 24 26 0.050
132 230 22 27 0.045
0 132 8 22 0.041
753 170 13 15 0.038
329 179 12 16 0.037
954 163 17 19 0.033
629 169 13 17 0.029
635 296 24 27 0.026
319 176 13 18 0.020
631 292 22 25 0.019
653 309 21 24 0.018
53 185 17 21 0.017
458 190 13 16 0.017
475 191 12 15 0.016
416 182 13 15 0.016
512 67 19 23 0.015
720 167 14 16 0.015
765 190 17 21 0.014
907 218 18 20 0.013
1016 337 8 25 0.013
617 153 15 17 0.012
308 149 15 19 0.012
455 194 13 15 0.011
523 180 12 14 0.010
260 180 18 20 0.010
601 242 22 23 0.010
