0_Parade_Parade_0_850
68
485 299 23 30 0.755
941 285 28 35 0.749
836 294 27 39 0.735
364 312 22 28 0.717
620 288 33 39 0.709
749 304 24 28 0.709
250 315 20 24 0.689
153 313 18 22 0.673
125 319 15 18 0.672
73 319 16 20 0.670
188 317 17 17 0.654
544 335 12 13 0.613
990 327 13 20 0.610
34 320 14 17 0.598
859 336 15 17 0.554
51 325 11 14 0.531
273 315 13 16 0.412
409 327 6 6 0.322
429 329 6 7 0.300
7 330 9 12 0.165
682 337 7 8 0.165
12 338 14 17 0.147
9 332 12 15 0.102
395 330 6 7 0.093
81 321 13 16 0.092
680 337 6 7 0.087
516 330 5 7 0.083
232 326 8 10 0.074
57 324 13 16 0.069
44 309 9 12 0.065
272 321 10 14 0.062
284 296 5 6 0.060
101 302 7 9 0.052
844 337 10 12 0.047
229 323 9 13 0.047
975 372 9 11 0.045
382 299 7 12 0.037
84 308 12 16 0.034
867 340 12 14 0.034
851 336 13 16 0.030
166 311 12 19 0.028
514 331 5 7 0.028
535 306 5 6 0.027
88 324 11 14 0.026
525 342 5 6 0.023
91 308 9 11 0.022
14 302 7 10 0.021
609 296 29 31 0.020
270 311 10 14 0.020
168 321 11 15 0.020
725 335 16 19 0.019
163 308 14 17 0.018
0 315 8 12 0.017
230 322 13 16 0.016
538 306 5 5 0.016
379 319 14 18 0.016
840 333 12 16 0.015
393 330 8 10 0.015
166 304 10 13 0.014
534 305 5 6 0.014
1015 315 8 17 0.014
705 330 9 11 0.014
181 316 14 17 0.013
841 340 11 14 0.013
205 325 11 12 0.012
287 296 6 7 0.012
577 293 5 7 0.011
804 312 12 19 0.010
