0_Parade_Parade_0_137
71
714 446 15 20 0.687
952 460 16 21 0.652
751 448 16 22 0.649
964 486 18 22 0.642
662 486 15 20 0.641
237 467 15 19 0.590
0 432 10 16 0.494
708 352 18 21 0.488
996 510 17 19 0.465
251 446 17 20 0.447
249 421 15 18 0.432
457 323 33 38 0.390
238 403 13 16 0.273
659 448 17 21 0.241
1015 313 9 17 0.136
1012 441 10 17 0.130
657 454 16 21 0.121
504 347 24 26 0.114
946 321 14 16 0.099
332 364 16 20 0.089
0 453 8 19 0.088
660 464 14 19 0.085
13 373 12 15 0.069
667 447 15 19 0.067
407 396 19 23 0.055
569 334 36 41 0.053
23 438 14 16 0.053
87 433 14 16 0.041
395 346 21 24 0.041
718 479 14 20 0.041
1014 337 10 19 0.040
346 349 16 19 0.039
16 370 12 16 0.033
932 365 15 19 0.032
62 339 15 17 0.032
691 398 16 19 0.030
378 340 18 22 0.028
995 410 14 18 0.023
644 382 18 21 0.023
1009 437 13 17 0.023
995 454 15 17 0.023
772 345 15 20 0.023
228 428 12 16 0.023
50 446 15 17 0.020
15 354 12 13 0.018
656 484 16 20 0.017
946 314 13 17 0.016
1005 337 13 18 0.016
351 347 16 19 0.016
517 346 23 26 0.016
211 442 14 17 0.016
0 276 6 16 0.015
584 408 20 26 0.015
777 452 14 18 0.015
925 305 11 14 0.014
876 339 14 17 0.014
650 457 14 19 0.014
223 429 14 17 0.013
921 306 12 14 0.013
17 357 12 14 0.013
772 352 14 19 0.013
165 308 18 21 0.012
1016 491 8 21 0.012
1012 446 11 19 0.012
24 391 11 13 0.012
943 324 14 17 0.012
5 392 11 14 0.011
88 396 14 18 0.011
881 338 12 15 0.010
775 343 17 20 0.010
949 326 13 14 0.010
