0_Parade_marchingband_1_525
76
192 373 25 29 0.755
291 393 21 26 0.752
400 384 24 28 0.736
677 381 22 26 0.734
537 395 20 24 0.720
899 422 21 23 0.716
38 424 16 19 0.696
764 437 17 20 0.693
860 483 14 18 0.665
133 412 19 23 0.652
983 463 13 16 0.607
834 419 14 17 0.582
120 409 12 17 0.545
623 412 13 16 0.450
797 431 12 15 0.316
729 398 13 17 0.280
783 421 12 15 0.261
814 428 13 15 0.258
953 469 12 16 0.234
76 423 10 12 0.206
16 426 6 8 0.185
582 414 13 15 0.141
485 483 10 12 0.122
819 424 13 16 0.117
789 419 12 15 0.114
570 411 11 13 0.112
511 415 9 11 0.089
331 390 15 20 0.088
794 418 12 14 0.087
574 411 12 15 0.068
809 429 13 17 0.066
157 421 8 11 0.063
12 423 6 7 0.061
972 459 10 14 0.061
463 451 10 13 0.060
262 397 15 20 0.059
779 420 12 15 0.051
260 396 12 17 0.048
358 407 18 22 0.045
579 426 11 14 0.044
947 435 8 12 0.037
950 475 13 15 0.036
928 428 9 15 0.036
640 492 8 10 0.035
799 419 12 13 0.034
628 413 13 15 0.033
318 538 11 12 0.031
331 398 17 21 0.029
459 453 11 13 0.029
335 388 15 19 0.028
465 508 10 12 0.026
364 409 19 22 0.025
728 393 12 17 0.024
790 531 8 10 0.023
490 483 9 11 0.023
331 384 14 18 0.022
814 452 10 15 0.022
725 395 10 18 0.021
737 438 13 16 0.017
458 477 8 10 0.017
60 423 8 11 0.016
842 531 14 15 0.016
87 425 8 10 0.015
839 419 13 15 0.014
89 434 7 10 0.013
515 415 10 12 0.013
65 427 10 13 0.013
944 440 10 13 0.013
454 477 9 11 0.012
65 432 9 11 0.012
348 399 17 20 0.012
355 393 15 19 0.011
716 496 15 16 0.011
575 426 11 13 0.011
797 415 10 13 0.010
925 436 10 13 0.010
