10_People_Marching_People_Marching_2_822
26
666 223 87 97 0.875
514 145 74 101 0.867
316 75 84 104 0.863
175 129 32 56 0.705
841 257 19 23 0.633
32 150 17 24 0.625
108 148 15 21 0.616
893 245 17 24 0.411
907 244 12 21 0.325
883 261 12 17 0.317
887 252 16 23 0.206
482 218 7 8 0.186
911 244 11 20 0.139
640 252 14 17 0.132
464 218 6 8 0.053
2 140 10 22 0.035
610 236 14 18 0.034
68 166 9 10 0.018
485 218 8 10 0.015
646 257 10 14 0.013
7 146 11 18 0.013
8 159 11 14 0.012
72 167 7 9 0.012
6 156 10 16 0.012
634 255 15 16 0.011
605 234 15 20 0.011
