10_People_Marching_People_Marching_2_2
147
951 467 37 59 0.779
1001 420 23 35 0.775
761 425 32 38 0.763
665 479 29 52 0.733
488 480 25 44 0.682
660 433 19 34 0.620
961 392 15 26 0.578
792 386 10 17 0.550
903 404 15 25 0.525
826 348 9 14 0.515
630 383 11 15 0.505
657 396 19 28 0.498
996 354 10 14 0.487
297 393 10 17 0.448
814 395 10 19 0.427
541 373 8 9 0.411
520 413 11 20 0.377
571 422 12 20 0.355
234 406 11 16 0.343
910 353 9 13 0.330
557 387 12 16 0.317
619 359 8 10 0.316
162 427 12 19 0.309
522 356 7 9 0.294
591 357 6 8 0.292
253 383 8 11 0.285
701 369 8 10 0.264
697 354 6 8 0.263
975 347 8 11 0.251
39 386 9 18 0.238
878 344 7 13 0.236
340 388 8 11 0.230
520 394 9 15 0.207
640 375 8 11 0.203
273 385 8 11 0.183
618 361 7 9 0.181
520 356 7 9 0.181
218 395 7 10 0.171
680 364 7 9 0.168
433 403 9 15 0.166
102 393 9 12 0.165
720 391 11 17 0.162
566 360 6 7 0.155
364 376 7 10 0.154
515 383 8 12 0.144
814 387 11 17 0.130
635 363 8 8 0.116
250 383 8 11 0.112
88 402 8 18 0.112
479 369 6 7 0.110
404 390 7 12 0.108
517 386 9 15 0.106
342 455 20 39 0.104
593 357 7 8 0.103
313 391 8 12 0.095
456 463 13 26 0.094
940 360 10 13 0.086
359 390 8 10 0.083
513 522 23 54 0.081
477 397 8 12 0.080
909 352 7 12 0.066
691 361 7 9 0.060
576 402 12 18 0.058
856 393 10 19 0.057
513 382 7 12 0.055
402 387 9 12 0.055
683 363 9 10 0.054
406 392 8 12 0.045
749 404 14 24 0.044
115 403 9 12 0.043
42 386 10 17 0.043
880 344 8 12 0.042
242 419 10 16 0.039
203 389 7 9 0.038
638 362 8 10 0.036
644 375 7 10 0.036
377 363 5 7 0.036
313 441 13 22 0.035
1007 150 7 8 0.035
342 389 8 11 0.035
201 387 6 8 0.034
350 372 6 7 0.034
565 362 7 8 0.034
495 365 6 8 0.034
240 413 11 16 0.033
495 385 7 11 0.032
301 405 11 17 0.032
395 364 5 7 0.031
431 401 9 14 0.031
424 387 8 11 0.029
229 467 30 54 0.029
1010 151 6 7 0.029
203 395 8 9 0.028
202 391 9 11 0.027
309 395 10 14 0.026
913 510 24 40 0.026
330 374 7 8 0.025
112 405 9 12 0.025
720 398 10 15 0.025
119 400 9 12 0.024
244 384 8 9 0.024
789 385 9 15 0.023
365 384 9 12 0.022
267 399 8 11 0.022
333 374 6 8 0.021
913 352 9 12 0.021
587 356 6 8 0.021
289 374 6 7 0.021
693 355 7 8 0.019
180 391 8 11 0.019
290 375 6 7 0.019
861 373 10 16 0.018
580 399 12 16 0.018
334 372 6 7 0.017
304 410 11 15 0.017
461 373 5 7 0.017
306 413 12 16 0.017
447 374 6 7 0.017
940 357 8 12 0.015
115 381 6 9 0.015
402 393 9 13 0.015
569 405 12 19 0.014
717 394 10 16 0.014
427 387 8 11 0.014
409 377 6 8 0.013
863 418 11 19 0.013
11 393 7 11 0.013
439 405 9 13 0.013
758 395 12 16 0.013
151 394 6 8 0.012
177 393 8 11 0.012
957 435 23 35 0.012
452 373 6 7 0.012
449 372 6 7 0.011
49 391 9 15 0.011
158 424 12 17 0.011
196 403 8 10 0.011
300 415 12 16 0.011
678 367 6 9 0.011
200 383 6 8 0.010
497 386 8 12 0.010
193 388 9 10 0.010
344 447 18 33 0.010
643 409 14 21 0.010
205 382 6 8 0.010
121 405 9 13 0.010
1001 354 10 14 0.010
