10_People_Marching_People_Marching_2_401
110
331 402 68 87 0.863
193 351 53 67 0.847
639 532 75 97 0.840
90 516 66 73 0.838
662 266 34 41 0.802
725 383 37 46 0.802
551 496 57 64 0.798
729 302 35 44 0.794
851 511 92 117 0.793
799 280 46 53 0.786
101 280 30 38 0.767
188 266 26 31 0.762
349 333 32 38 0.761
64 317 29 36 0.759
21 411 56 63 0.756
102 392 35 40 0.755
352 275 22 26 0.748
672 421 40 51 0.745
740 252 20 26 0.744
921 266 27 34 0.737
308 327 26 31 0.736
252 272 23 28 0.729
783 354 47 75 0.728
314 268 19 24 0.719
386 248 20 25 0.716
542 241 24 31 0.716
508 241 20 25 0.715
850 246 37 52 0.714
283 293 23 30 0.714
206 302 28 31 0.705
567 264 29 36 0.700
627 249 28 36 0.695
381 311 28 35 0.690
327 291 20 25 0.689
0 351 23 55 0.688
46 289 24 29 0.677
423 239 23 29 0.660
546 302 29 33 0.617
479 264 22 34 0.606
32 268 20 27 0.600
702 240 14 20 0.597
357 252 14 17 0.585
758 263 26 38 0.546
746 229 17 22 0.494
817 246 28 32 0.456
495 267 29 39 0.437
169 260 17 25 0.420
616 236 18 23 0.393
782 262 30 42 0.373
586 248 21 27 0.352
939 245 17 22 0.317
606 474 45 63 0.310
174 327 30 35 0.257
423 357 34 38 0.249
987 228 14 18 0.223
320 287 21 25 0.194
496 345 31 53 0.188
138 196 15 17 0.166
631 235 19 23 0.166
901 235 14 17 0.158
663 240 19 20 0.137
390 315 26 32 0.137
338 264 15 19 0.137
316 254 14 16 0.131
996 273 22 33 0.119
0 282 11 29 0.118
486 240 17 19 0.109
408 326 23 31 0.103
988 232 15 22 0.098
993 291 27 43 0.085
41 281 24 31 0.077
299 273 13 18 0.077
256 376 24 40 0.072
908 244 15 18 0.066
972 247 12 17 0.059
446 217 9 11 0.049
173 265 18 23 0.049
899 239 17 22 0.046
626 218 18 22 0.043
647 256 35 42 0.041
73 281 14 18 0.041
913 248 13 15 0.036
174 258 14 21 0.035
587 233 18 20 0.035
988 276 34 49 0.034
240 284 15 21 0.033
989 278 20 28 0.032
399 364 28 34 0.028
777 269 27 40 0.027
985 241 15 19 0.026
950 327 27 37 0.026
659 247 19 23 0.025
305 367 36 47 0.023
792 211 11 13 0.023
711 217 10 13 0.021
309 267 17 22 0.019
180 320 37 44 0.019
991 241 14 22 0.017
455 249 14 19 0.015
909 250 18 24 0.014
971 250 15 21 0.014
943 241 15 18 0.014
392 368 28 37 0.013
630 215 17 20 0.013
951 344 28 32 0.013
435 237 13 18 0.012
459 253 15 20 0.012
544 300 22 27 0.012
658 249 26 35 0.011
0 298 11 38 0.011
