10_People_Marching_People_Marching_2_498
53
411 582 27 31 0.749
1003 275 21 26 0.748
785 541 25 28 0.745
69 145 23 30 0.733
346 418 28 32 0.733
28 15 22 28 0.732
773 134 22 24 0.728
955 544 23 31 0.728
895 416 23 30 0.721
363 29 21 26 0.718
576 595 26 35 0.714
608 128 23 26 0.714
164 422 23 28 0.712
721 418 25 29 0.711
705 0 21 25 0.703
37 613 27 28 0.693
192 28 22 25 0.685
544 5 22 24 0.682
664 280 23 25 0.675
835 275 22 28 0.674
239 137 23 25 0.669
290 285 25 27 0.662
538 440 26 30 0.662
117 270 24 28 0.654
941 124 24 27 0.653
214 593 26 31 0.638
875 8 23 26 0.606
468 293 23 26 0.596
0 454 17 28 0.431
209 65 22 19 0.416
801 178 19 20 0.372
423 142 22 27 0.274
424 150 23 27 0.166
122 304 22 22 0.160
258 174 22 20 0.134
0 447 15 27 0.038
806 174 18 22 0.030
642 175 21 21 0.028
428 133 20 26 0.027
736 47 17 18 0.022
565 48 23 20 0.020
214 605 27 32 0.019
305 324 26 28 0.018
795 180 19 22 0.018
875 0 25 26 0.017
811 569 24 27 0.016
376 84 18 17 0.016
0 465 12 25 0.013
741 446 25 28 0.013
169 428 23 29 0.012
675 314 22 24 0.011
462 290 21 26 0.011
294 293 27 29 0.010
