10_People_Marching_People_Marching_10_People_Marching_People_Marching_10_People_Marching_People_Marching_10_933
40
110 198 40 50 0.788
540 155 27 35 0.697
982 139 20 28 0.645
545 282 26 28 0.541
240 49 16 20 0.270
674 8 15 19 0.141
734 6 14 18 0.113
773 187 14 25 0.111
956 59 10 14 0.081
752 29 12 17 0.078
278 55 19 21 0.071
521 177 22 25 0.069
529 166 25 31 0.065
947 22 11 12 0.060
807 48 13 17 0.060
955 1 12 11 0.056
817 49 13 17 0.054
812 48 14 17 0.051
975 0 11 10 0.047
4 7 14 17 0.041
949 19 11 12 0.040
791 10 13 15 0.036
802 46 14 18 0.035
733 206 18 26 0.034
953 57 10 14 0.033
234 10 16 19 0.033
822 47 14 17 0.031
715 38 14 18 0.021
958 62 10 12 0.020
253 129 11 13 0.018
671 11 14 18 0.017
178 -3 17 13 0.017
820 42 13 18 0.015
11 9 13 16 0.015
791 42 13 17 0.014
787 43 13 18 0.013
1017 3 7 13 0.012
2 5 10 17 0.011
108 5 16 17 0.010
757 28 13 18 0.010
