10_People_Marching_People_Marching_2_404
53
607 231 24 32 0.672
1009 263 15 31 0.657
197 230 25 32 0.638
271 262 21 26 0.598
40 262 21 25 0.561
157 296 16 18 0.502
390 296 13 17 0.452
925 240 25 29 0.433
339 279 15 19 0.423
304 243 16 21 0.194
317 269 16 20 0.169
413 303 10 11 0.129
868 255 16 21 0.113
38 255 20 27 0.062
841 284 15 17 0.056
781 293 13 14 0.053
762 281 11 13 0.045
452 292 12 13 0.033
821 264 15 18 0.032
782 276 12 14 0.031
64 269 16 16 0.029
265 256 20 24 0.029
765 278 12 14 0.027
734 287 11 13 0.027
842 277 15 19 0.027
68 274 13 13 0.025
254 251 15 22 0.023
472 281 11 13 0.023
62 274 14 14 0.022
788 273 13 14 0.022
826 261 14 19 0.022
497 305 9 11 0.021
254 244 16 21 0.021
930 248 24 26 0.017
466 283 12 13 0.016
493 305 9 10 0.016
45 269 18 21 0.016
369 289 13 16 0.016
715 290 10 12 0.016
384 276 12 13 0.015
367 295 13 14 0.015
192 236 21 27 0.013
494 308 9 10 0.012
439 306 9 12 0.012
346 272 15 17 0.012
163 225 16 19 0.012
37 247 16 23 0.012
439 310 9 10 0.012
149 295 12 15 0.011
449 299 10 12 0.011
255 237 16 20 0.010
111 270 10 12 0.010
787 278 12 15 0.010
