10_People_Marching_People_Marching_2_40
206
713 268 56 65 0.802
76 462 96 106 0.787
45 132 40 47 0.779
684 245 40 54 0.773
832 237 57 72 0.770
944 245 46 56 0.764
585 272 42 51 0.764
667 202 40 56 0.759
986 332 38 74 0.750
265 116 29 33 0.749
401 154 31 38 0.744
162 216 42 52 0.737
229 91 22 26 0.734
524 523 94 86 0.732
98 135 28 35 0.716
421 100 21 26 0.708
355 124 28 36 0.708
253 84 20 23 0.681
711 357 44 63 0.681
93 88 24 28 0.680
137 78 22 28 0.680
52 343 54 68 0.680
680 95 20 25 0.678
474 108 19 25 0.677
712 82 15 20 0.668
816 142 22 35 0.662
770 210 34 31 0.655
564 64 15 17 0.655
516 84 19 26 0.650
742 63 13 16 0.634
716 52 13 16 0.617
952 300 45 63 0.613
821 52 14 16 0.602
225 195 36 41 0.602
796 65 13 17 0.601
410 44 14 16 0.601
853 51 13 17 0.596
590 128 24 36 0.593
758 47 13 16 0.588
933 158 21 28 0.586
382 88 18 23 0.581
769 86 18 21 0.579
497 144 31 34 0.573
316 144 31 38 0.555
574 44 12 16 0.552
666 99 17 22 0.540
790 117 25 30 0.531
512 47 12 17 0.520
699 42 14 16 0.468
58 39 10 12 0.446
883 100 16 23 0.438
523 42 11 15 0.437
944 202 35 44 0.431
155 43 10 13 0.430
668 46 12 15 0.411
907 114 17 22 0.409
189 38 9 11 0.387
302 186 37 48 0.383
192 77 19 24 0.364
466 45 13 15 0.362
881 79 15 19 0.354
113 25 8 10 0.347
100 8 7 8 0.337
17 1 9 11 0.332
95 41 10 12 0.292
154 26 7 9 0.277
0 338 39 130 0.275
912 453 51 90 0.270
750 111 19 23 0.265
491 55 12 16 0.251
582 69 10 14 0.246
143 40 9 11 0.229
167 53 15 18 0.226
439 85 15 19 0.212
947 267 47 66 0.206
798 112 22 30 0.196
154 45 14 15 0.194
364 56 16 21 0.192
275 429 56 103 0.179
557 50 10 11 0.176
120 382 65 77 0.176
283 55 15 17 0.171
828 208 34 45 0.166
106 40 11 13 0.158
62 64 14 15 0.156
11 29 11 13 0.142
687 250 53 62 0.137
854 107 18 23 0.136
572 67 14 15 0.135
61 86 21 25 0.133
0 73 9 35 0.128
127 35 8 10 0.126
811 53 12 15 0.123
97 38 10 13 0.120
98 8 6 9 0.120
188 89 24 31 0.120
514 62 16 22 0.117
680 37 10 13 0.106
815 240 47 56 0.104
355 104 25 29 0.101
667 155 20 34 0.098
875 138 21 29 0.095
35 328 54 90 0.094
879 95 15 23 0.086
58 30 9 10 0.084
0 17 7 11 0.082
602 214 25 32 0.081
0 322 32 91 0.080
23 2 8 10 0.076
96 31 8 11 0.075
653 54 13 16 0.073
457 72 13 16 0.071
659 52 11 15 0.070
714 74 15 20 0.068
371 70 18 22 0.067
99 40 11 13 0.066
619 47 11 15 0.066
632 53 14 16 0.066
637 54 14 16 0.065
694 207 43 47 0.063
624 50 13 16 0.061
811 29 11 14 0.059
547 106 20 24 0.057
611 106 16 20 0.057
473 47 13 15 0.053
954 194 28 41 0.052
834 197 30 40 0.052
514 44 14 17 0.051
620 41 10 14 0.050
425 145 24 33 0.050
684 63 13 14 0.047
196 96 21 26 0.046
14 2 8 9 0.045
436 80 17 19 0.045
249 37 13 15 0.040
751 116 22 26 0.039
490 60 13 18 0.038
579 106 20 24 0.034
459 46 13 15 0.034
7 54 13 21 0.032
184 82 21 26 0.032
806 107 18 25 0.031
321 89 18 20 0.030
422 39 10 13 0.029
555 106 17 23 0.028
157 27 8 8 0.028
130 39 9 10 0.028
826 219 27 41 0.028
620 37 12 14 0.026
794 61 18 23 0.026
66 62 12 14 0.026
667 187 32 49 0.026
318 86 17 20 0.025
486 44 9 13 0.025
814 27 10 13 0.025
615 107 17 21 0.024
764 136 20 25 0.023
613 47 11 15 0.022
557 47 9 11 0.022
245 35 14 16 0.022
322 59 13 17 0.021
805 101 17 22 0.020
149 367 55 68 0.019
757 80 16 19 0.019
886 77 13 16 0.019
97 69 17 21 0.018
664 113 16 21 0.017
909 90 13 16 0.017
309 84 16 19 0.017
16 33 10 12 0.017
763 90 19 22 0.017
972 294 39 73 0.017
315 78 16 19 0.016
159 39 8 10 0.016
562 44 9 12 0.016
758 35 11 13 0.016
101 50 12 14 0.016
197 57 10 13 0.015
663 37 10 12 0.015
461 4 8 9 0.015
177 349 40 65 0.014
872 149 18 27 0.014
498 71 14 17 0.014
87 37 8 10 0.014
65 67 15 18 0.014
574 104 18 22 0.014
939 213 33 42 0.013
322 36 11 13 0.013
237 192 32 41 0.013
851 72 12 16 0.013
535 120 21 26 0.013
522 63 12 15 0.012
325 37 12 14 0.012
372 56 16 19 0.012
188 73 17 19 0.012
588 124 21 30 0.012
168 81 19 24 0.011
318 96 21 24 0.011
279 55 14 15 0.011
332 38 11 14 0.011
300 84 17 19 0.011
420 64 13 15 0.011
319 36 10 12 0.011
0 91 10 41 0.010
306 78 15 18 0.010
757 135 19 23 0.010
