10_People_Marching_People_Marching_2_191
45
660 321 20 24 0.761
747 324 20 27 0.757
96 315 17 22 0.733
242 309 19 26 0.713
329 238 15 17 0.703
183 315 19 20 0.697
337 306 17 24 0.689
82 293 17 22 0.687
21 302 18 20 0.687
454 321 17 24 0.672
379 238 14 19 0.672
318 300 16 22 0.670
515 315 19 28 0.662
846 316 21 28 0.652
969 346 17 26 0.636
255 291 16 21 0.591
828 323 17 24 0.568
139 301 15 23 0.541
384 315 18 22 0.520
1013 472 11 31 0.473
366 310 15 21 0.386
170 296 15 21 0.117
11 296 17 21 0.064
724 26 6 8 0.046
637 322 16 21 0.045
3 291 13 20 0.036
501 332 10 16 0.029
879 325 15 20 0.025
633 320 15 22 0.024
840 323 19 27 0.023
249 283 13 16 0.022
1 286 11 20 0.021
510 310 15 22 0.020
233 309 12 21 0.019
822 323 16 22 0.017
121 301 14 20 0.016
390 319 16 21 0.016
23 295 18 21 0.014
121 294 14 20 0.014
5 299 12 18 0.013
10 290 17 20 0.012
35 290 12 18 0.012
641 319 18 22 0.011
121 288 13 16 0.011
509 306 12 15 0.010
