10_People_Marching_People_Marching_10_People_Marching_People_Marching_10_447
748
69 444 23 28 0.713
175 827 25 30 0.711
621 2 20 25 0.705
14 290 21 27 0.704
968 475 26 33 0.702
569 754 25 29 0.701
964 391 25 30 0.698
255 568 23 26 0.696
872 623 23 31 0.690
85 193 22 26 0.689
993 365 23 28 0.689
850 652 25 29 0.689
488 325 23 28 0.687
279 367 23 28 0.684
253 806 23 30 0.684
463 480 27 31 0.683
248 482 23 30 0.682
260 437 22 28 0.676
382 643 23 27 0.676
807 635 21 29 0.668
979 268 23 27 0.667
276 546 20 26 0.666
670 509 22 28 0.665
233 635 21 29 0.663
410 452 25 31 0.662
927 616 24 30 0.662
770 742 24 29 0.661
295 233 21 24 0.661
108 534 22 28 0.661
36 683 24 32 0.661
132 793 23 27 0.661
296 332 20 26 0.659
272 278 20 26 0.659
557 632 22 27 0.659
831 241 22 27 0.658
567 274 21 26 0.657
169 468 25 28 0.657
124 449 22 26 0.649
774 498 22 27 0.649
702 18 22 27 0.646
810 307 22 29 0.646
214 881 24 31 0.644
854 293 20 25 0.642
333 156 20 24 0.641
338 250 21 26 0.639
831 526 23 27 0.639
302 397 22 28 0.639
640 672 24 28 0.638
30 504 22 28 0.636
737 331 20 26 0.635
895 236 21 27 0.634
685 265 21 26 0.634
519 350 23 27 0.634
609 690 24 27 0.633
678 310 20 26 0.631
143 344 21 26 0.629
719 44 21 27 0.627
326 423 24 30 0.625
860 469 24 30 0.625
897 198 22 25 0.624
503 35 21 27 0.622
952 23 19 25 0.621
884 406 22 25 0.621
221 336 22 25 0.619
150 174 20 25 0.619
49 76 19 23 0.617
680 363 23 28 0.617
615 362 23 30 0.615
848 13 19 23 0.614
414 348 23 27 0.614
907 68 20 25 0.610
190 123 21 24 0.610
492 154 22 29 0.609
793 703 23 27 0.609
16 455 20 25 0.607
839 196 22 27 0.604
253 756 22 29 0.604
186 575 22 26 0.600
530 180 21 25 0.598
741 135 20 24 0.598
768 360 20 24 0.598
665 149 22 26 0.596
600 158 22 27 0.595
760 105 21 28 0.590
968 164 21 24 0.590
255 72 23 27 0.589
168 538 21 25 0.589
662 439 23 27 0.586
546 37 20 23 0.584
206 59 19 24 0.582
903 160 21 26 0.581
38 780 22 33 0.579
932 327 21 25 0.575
879 2 20 23 0.575
698 654 22 25 0.575
411 164 23 28 0.570
872 107 22 27 0.568
358 510 19 25 0.567
214 96 19 25 0.566
178 601 23 27 0.562
994 525 22 24 0.561
835 47 20 25 0.558
72 647 22 27 0.555
501 291 22 26 0.552
993 106 21 26 0.550
872 325 21 27 0.548
311 640 21 26 0.547
463 38 18 22 0.545
718 294 19 24 0.545
403 85 24 29 0.541
512 77 22 27 0.536
67 834 24 30 0.536
565 331 21 25 0.532
696 87 21 24 0.531
408 799 27 32 0.531
147 668 23 30 0.528
83 620 22 24 0.525
158 732 24 29 0.523
765 408 20 26 0.521
334 469 22 27 0.521
53 3 21 24 0.518
826 366 20 25 0.515
108 57 18 23 0.512
574 226 21 25 0.508
109 125 20 24 0.507
65 102 19 22 0.503
873 381 21 25 0.496
194 429 24 27 0.492
561 108 22 25 0.492
122 590 22 28 0.489
640 396 21 26 0.485
784 20 22 27 0.481
79 893 26 32 0.476
479 112 22 26 0.476
233 394 21 26 0.474
321 5 20 25 0.472
859 588 23 26 0.471
667 49 21 25 0.470
18 226 18 22 0.470
530 0 22 17 0.468
612 131 24 28 0.468
494 788 41 43 0.462
677 134 21 25 0.450
1005 183 17 25 0.448
545 146 22 25 0.445
606 265 21 27 0.445
460 305 21 25 0.445
630 94 20 25 0.441
708 233 20 25 0.441
420 283 21 26 0.441
805 421 23 28 0.441
658 478 22 27 0.437
523 428 22 26 0.434
638 239 20 25 0.431
993 341 19 24 0.429
546 131 20 24 0.425
962 204 21 24 0.420
649 272 22 28 0.420
810 120 20 24 0.416
361 539 17 27 0.414
191 4 19 24 0.414
460 187 21 26 0.411
928 734 24 31 0.407
23 156 20 23 0.405
770 214 20 24 0.402
534 705 22 28 0.394
596 57 21 26 0.393
652 114 21 25 0.389
205 386 22 25 0.387
596 453 20 27 0.386
742 425 20 24 0.383
783 268 19 23 0.381
414 389 22 25 0.379
512 258 19 24 0.376
839 349 20 22 0.372
54 583 22 24 0.372
725 458 22 26 0.360
950 229 21 25 0.356
458 282 21 25 0.353
973 353 21 25 0.353
528 251 19 23 0.347
398 0 22 14 0.337
428 27 19 23 0.330
416 604 23 25 0.330
693 0 20 14 0.324
553 441 20 25 0.324
654 204 20 27 0.324
320 578 22 27 0.322
4 249 18 24 0.319
764 0 19 12 0.316
957 102 20 24 0.316
321 496 18 23 0.316
749 169 21 26 0.314
462 101 18 25 0.311
347 385 20 27 0.309
700 344 19 22 0.300
148 414 20 26 0.298
657 52 20 25 0.297
586 491 21 26 0.297
550 383 22 25 0.297
972 102 20 25 0.291
41 892 23 29 0.288
898 730 23 29 0.288
386 257 16 24 0.286
490 428 19 26 0.286
316 309 20 26 0.283
152 877 17 33 0.280
471 109 23 27 0.279
7 185 18 26 0.273
891 353 20 24 0.266
718 1 20 17 0.264
143 52 18 23 0.263
42 587 23 26 0.262
748 78 19 23 0.257
456 247 19 24 0.257
286 585 19 26 0.257
320 741 23 28 0.256
853 45 19 25 0.255
626 337 20 23 0.250
755 539 20 24 0.250
858 427 20 24 0.246
700 117 20 26 0.242
983 0 21 10 0.240
815 816 27 38 0.240
530 260 20 26 0.238
504 246 20 24 0.235
-2 120 15 23 0.234
229 295 20 22 0.234
904 441 20 26 0.234
45 663 19 26 0.231
404 261 20 25 0.227
153 390 20 25 0.227
889 449 19 26 0.221
238 292 21 23 0.219
110 510 20 24 0.214
681 702 18 28 0.213
954 311 21 26 0.212
735 172 23 26 0.208
961 706 24 27 0.205
603 522 23 29 0.202
395 139 17 23 0.201
1009 235 15 24 0.199
11 236 19 24 0.197
408 221 22 28 0.195
713 375 20 25 0.195
795 280 20 26 0.194
505 464 20 24 0.192
133 570 21 29 0.192
566 153 19 25 0.190
928 389 18 24 0.190
419 413 21 26 0.190
129 310 21 27 0.190
496 419 20 26 0.189
532 269 19 25 0.187
730 175 20 26 0.185
644 323 19 23 0.185
562 98 23 27 0.184
785 420 21 26 0.183
339 365 19 24 0.182
190 95 18 22 0.177
780 124 18 23 0.176
967 587 21 26 0.175
816 177 20 24 0.173
463 456 19 21 0.172
8 75 17 22 0.171
589 408 21 25 0.171
630 268 19 24 0.169
60 493 19 26 0.168
745 623 20 25 0.168
870 270 19 22 0.168
887 290 19 23 0.168
505 78 22 27 0.167
318 259 18 23 0.167
397 259 19 24 0.167
924 260 21 27 0.165
191 113 21 26 0.164
318 84 19 24 0.164
397 110 19 26 0.161
910 352 21 25 0.160
519 400 19 24 0.159
251 120 18 21 0.159
720 455 21 26 0.158
535 61 19 24 0.156
209 534 20 26 0.156
568 1 17 17 0.155
786 272 20 25 0.155
818 145 20 25 0.153
357 681 19 25 0.153
950 316 19 25 0.151
1009 457 15 26 0.151
729 217 19 24 0.150
663 3 17 17 0.147
356 542 17 26 0.145
827 716 24 31 0.145
584 480 20 25 0.144
460 225 20 27 0.143
264 596 20 24 0.143
130 54 19 23 0.142
572 329 20 26 0.138
657 194 21 27 0.137
17 154 19 24 0.135
716 540 20 23 0.135
263 283 21 25 0.134
408 267 20 25 0.133
718 369 20 24 0.133
577 0 18 16 0.132
194 652 21 26 0.132
441 337 19 23 0.131
436 1 19 13 0.129
141 403 20 25 0.128
768 709 24 29 0.128
405 637 20 26 0.126
26 635 20 29 0.125
419 401 21 27 0.124
827 172 20 24 0.123
911 232 19 24 0.123
957 298 20 24 0.120
437 513 21 26 0.120
683 32 19 24 0.120
520 435 22 26 0.119
96 515 21 23 0.117
927 254 19 24 0.117
603 148 24 28 0.117
378 233 15 26 0.116
412 396 22 27 0.116
711 38 22 28 0.114
859 366 20 25 0.114
334 579 22 26 0.114
618 424 20 24 0.113
335 362 18 23 0.113
569 87 20 25 0.109
176 646 20 25 0.109
692 589 23 25 0.109
606 603 22 26 0.109
391 639 21 28 0.107
44 499 22 27 0.106
835 450 18 26 0.106
430 76 19 26 0.105
617 57 19 24 0.104
61 485 19 26 0.102
816 157 20 25 0.102
773 244 20 25 0.102
427 281 21 26 0.102
356 329 15 24 0.102
131 445 21 26 0.101
285 494 19 26 0.100
807 178 19 24 0.099
460 375 19 26 0.099
122 124 19 23 0.099
837 136 19 24 0.098
655 348 18 24 0.098
963 186 22 27 0.097
353 415 18 27 0.097
612 600 21 24 0.097
193 37 19 22 0.097
-1 735 16 27 0.097
325 497 21 27 0.096
240 312 20 24 0.095
529 416 21 28 0.095
595 603 20 25 0.094
8 82 17 23 0.094
47 892 27 31 0.094
634 308 22 25 0.094
161 720 25 30 0.093
333 732 23 26 0.093
973 66 19 26 0.093
776 203 20 26 0.093
181 305 18 23 0.091
748 618 21 24 0.091
959 162 21 25 0.090
895 427 22 28 0.087
394 123 19 27 0.087
392 108 18 25 0.086
323 564 22 28 0.085
217 90 19 25 0.084
911 0 17 14 0.083
344 851 31 40 0.083
351 401 19 28 0.082
234 555 20 25 0.082
784 702 25 30 0.081
650 343 18 24 0.080
135 561 20 26 0.080
408 608 23 27 0.078
505 45 21 29 0.078
140 412 21 26 0.078
793 22 19 25 0.078
376 858 25 32 0.078
262 487 22 27 0.075
36 593 19 27 0.075
454 419 19 28 0.074
952 135 19 24 0.074
948 585 20 24 0.073
596 405 20 25 0.073
61 6 19 23 0.072
356 858 31 38 0.072
41 838 25 31 0.071
4 42 18 23 0.071
828 142 21 26 0.071
666 106 21 24 0.070
566 623 23 27 0.068
374 35 16 26 0.068
306 694 23 28 0.068
477 388 20 23 0.068
782 302 18 24 0.067
776 453 22 27 0.067
763 651 24 29 0.067
541 471 21 28 0.067
768 277 19 23 0.066
37 189 17 23 0.066
431 68 21 26 0.065
736 461 22 29 0.065
655 549 20 22 0.065
338 836 23 30 0.065
449 227 20 26 0.065
213 418 21 27 0.065
3 242 18 22 0.065
943 588 18 22 0.065
582 406 21 26 0.064
391 886 26 33 0.064
41 116 19 24 0.064
199 397 22 26 0.064
685 590 21 24 0.063
244 357 18 23 0.063
493 83 20 25 0.063
151 51 18 23 0.063
409 283 20 26 0.062
532 486 21 27 0.062
341 722 23 27 0.062
1003 416 17 26 0.061
444 795 16 23 0.060
7 57 16 23 0.060
551 295 17 23 0.060
7 97 16 24 0.060
299 584 21 25 0.060
344 126 16 25 0.059
945 68 19 25 0.059
464 216 20 26 0.059
486 387 18 23 0.059
633 328 21 25 0.059
561 280 20 25 0.058
815 396 20 26 0.058
470 153 18 24 0.057
473 391 19 24 0.057
903 267 20 25 0.057
316 195 18 25 0.057
633 416 21 25 0.056
421 701 21 28 0.056
748 635 23 28 0.056
343 367 21 27 0.055
762 57 19 24 0.055
399 806 26 31 0.055
425 133 20 25 0.055
285 771 21 28 0.054
97 877 20 28 0.054
963 222 21 25 0.053
836 709 25 31 0.053
44 122 19 24 0.053
567 228 22 24 0.053
653 481 20 25 0.053
107 680 20 25 0.052
604 53 21 26 0.051
97 167 20 25 0.051
343 555 19 26 0.051
172 633 18 23 0.050
573 94 20 24 0.050
197 126 21 24 0.050
921 430 21 26 0.050
1005 433 16 27 0.050
998 223 17 23 0.049
707 385 21 25 0.049
121 485 19 25 0.049
417 705 20 28 0.049
566 510 21 28 0.048
1 0 16 13 0.048
382 873 27 35 0.048
879 324 21 27 0.048
402 432 20 24 0.048
327 204 20 25 0.047
189 292 18 24 0.047
618 605 19 23 0.047
485 432 19 25 0.047
707 543 23 23 0.046
719 234 20 27 0.046
395 0 18 20 0.046
381 100 17 27 0.046
341 576 21 28 0.046
613 217 15 19 0.045
559 116 21 27 0.044
535 171 20 27 0.044
804 411 22 26 0.044
608 530 23 26 0.043
604 441 20 27 0.043
0 549 13 25 0.042
949 166 18 24 0.042
317 751 22 27 0.042
247 284 19 23 0.042
68 751 20 28 0.041
407 841 27 37 0.041
676 593 17 22 0.041
197 286 17 24 0.041
171 38 17 23 0.041
288 783 22 29 0.041
429 699 20 27 0.040
895 73 18 23 0.040
333 206 20 26 0.040
385 855 28 34 0.040
447 340 19 24 0.039
728 166 21 25 0.039
269 0 17 12 0.039
501 468 19 24 0.039
38 124 18 24 0.039
953 653 20 29 0.039
659 241 18 25 0.038
442 371 19 26 0.038
599 467 22 28 0.038
184 374 17 23 0.038
856 527 18 22 0.038
323 527 19 26 0.038
692 703 23 29 0.038
636 652 21 25 0.037
72 100 18 24 0.037
681 481 18 25 0.037
740 627 20 25 0.036
770 802 29 35 0.036
392 143 17 26 0.036
752 305 18 23 0.035
423 797 24 28 0.035
87 774 22 30 0.035
766 181 22 27 0.035
356 430 18 26 0.035
325 88 19 24 0.034
781 435 21 29 0.034
441 71 18 26 0.034
582 60 19 25 0.034
601 125 22 27 0.034
755 164 21 27 0.033
537 311 16 21 0.033
571 416 20 26 0.033
710 707 22 28 0.033
992 137 18 25 0.032
402 834 26 34 0.032
662 392 19 24 0.032
644 63 19 23 0.032
315 664 20 25 0.032
137 50 18 23 0.031
323 81 19 25 0.031
327 155 19 24 0.031
753 62 20 24 0.031
82 523 20 25 0.031
616 97 20 25 0.031
948 190 19 23 0.031
468 163 17 29 0.030
73 534 20 25 0.030
431 140 18 26 0.030
691 772 37 40 0.030
525 221 19 23 0.029
74 712 24 26 0.029
380 225 15 25 0.029
1008 81 15 22 0.029
116 583 23 31 0.028
761 675 20 24 0.028
145 640 19 25 0.028
975 590 19 25 0.028
398 815 25 32 0.028
408 766 19 27 0.027
927 427 19 25 0.027
80 747 23 30 0.027
423 60 21 26 0.027
782 311 18 23 0.027
978 140 20 24 0.026
49 834 26 31 0.026
188 655 21 28 0.025
319 780 21 27 0.025
212 32 17 23 0.025
292 795 24 28 0.025
362 417 18 27 0.025
988 -2 19 18 0.025
217 428 20 26 0.025
279 413 20 25 0.025
910 737 24 30 0.024
962 782 42 44 0.024
710 225 19 25 0.024
988 142 18 23 0.024
926 506 22 27 0.024
249 70 19 26 0.024
72 741 23 31 0.023
820 433 23 29 0.023
923 517 23 27 0.023
699 539 19 22 0.023
919 533 21 23 0.023
891 377 21 23 0.023
185 95 16 21 0.023
756 590 21 27 0.023
543 461 21 28 0.023
352 719 19 27 0.022
0 556 15 27 0.022
784 456 22 29 0.022
692 655 21 26 0.022
159 435 19 25 0.021
951 106 20 25 0.021
951 607 19 28 0.021
760 305 18 23 0.021
26 228 17 21 0.021
287 234 20 24 0.021
711 266 17 24 0.021
649 671 23 27 0.021
73 899 27 31 0.021
29 732 22 26 0.021
768 663 22 27 0.021
708 118 18 24 0.021
959 316 20 24 0.021
860 597 20 24 0.020
453 132 18 26 0.020
894 38 20 25 0.020
130 357 19 24 0.020
235 356 21 24 0.020
748 594 22 27 0.020
933 484 21 25 0.020
720 172 21 26 0.020
795 521 21 26 0.020
916 650 19 24 0.019
561 455 19 25 0.019
402 714 20 27 0.019
364 682 20 26 0.019
367 29 16 25 0.019
948 157 19 24 0.019
929 493 21 25 0.019
250 874 22 35 0.019
1007 447 16 23 0.019
39 148 19 24 0.019
103 162 19 23 0.019
673 700 19 27 0.019
250 320 19 22 0.019
768 381 20 25 0.019
999 703 17 24 0.018
126 399 20 25 0.018
406 322 20 24 0.018
479 266 21 26 0.018
666 382 20 26 0.018
587 2 18 22 0.018
388 362 18 26 0.018
718 389 21 26 0.018
353 215 20 26 0.018
585 372 16 25 0.017
133 121 17 20 0.017
295 491 17 25 0.017
609 517 23 31 0.017
463 343 18 25 0.017
324 396 20 25 0.017
326 356 18 25 0.017
396 721 20 26 0.017
266 70 20 25 0.017
912 273 20 26 0.017
129 296 16 22 0.016
178 364 18 24 0.016
411 713 20 26 0.016
155 721 22 28 0.016
192 282 17 24 0.016
881 511 19 24 0.016
998 90 19 25 0.016
797 393 19 24 0.016
722 533 20 23 0.016
1006 216 14 24 0.016
1018 242 12 22 0.016
744 532 20 24 0.016
379 540 19 25 0.015
178 26 17 22 0.015
932 272 19 24 0.015
125 318 19 26 0.015
209 134 17 22 0.015
762 589 22 26 0.015
935 566 22 26 0.015
237 547 21 27 0.015
38 641 21 26 0.015
252 41 17 23 0.015
996 416 18 25 0.015
96 891 22 29 0.015
11 154 16 23 0.014
30 102 18 21 0.014
129 0 17 16 0.014
623 52 19 24 0.014
142 163 19 26 0.014
586 111 20 24 0.014
12 591 21 24 0.014
490 10 17 19 0.014
345 205 18 28 0.014
594 616 17 22 0.014
584 235 18 24 0.013
854 469 22 28 0.013
740 618 20 23 0.013
666 77 21 26 0.013
523 213 20 24 0.013
386 286 14 24 0.013
78 1 15 16 0.013
311 520 21 27 0.013
172 711 23 28 0.013
138 151 19 24 0.013
3 722 19 29 0.013
728 366 18 24 0.013
590 370 16 25 0.012
135 126 18 23 0.012
311 56 19 26 0.012
543 497 22 27 0.012
961 603 19 28 0.012
171 903 20 28 0.012
397 876 29 36 0.012
147 36 19 23 0.012
702 699 21 29 0.012
977 61 19 25 0.012
842 703 22 29 0.012
186 595 22 30 0.012
263 2 19 23 0.012
521 79 20 26 0.012
325 757 24 31 0.011
771 590 19 24 0.011
922 650 20 25 0.011
390 4 16 20 0.011
624 309 20 23 0.011
401 686 21 28 0.011
930 772 22 30 0.011
769 631 19 26 0.011
874 657 21 29 0.011
810 689 17 25 0.011
167 739 25 29 0.011
3 4 15 21 0.011
178 911 20 24 0.011
638 479 18 24 0.011
394 543 17 23 0.011
647 742 23 30 0.011
659 227 18 26 0.011
441 222 19 25 0.011
314 206 19 23 0.011
252 127 19 22 0.011
804 818 30 41 0.011
957 26 19 24 0.011
338 241 20 25 0.011
645 751 24 32 0.011
891 27 20 24 0.010
365 544 17 27 0.010
787 343 19 24 0.010
748 435 21 25 0.010
82 732 25 31 0.010
137 0 18 13 0.010
127 3 16 20 0.010
912 538 20 23 0.010
637 786 25 31 0.010
311 40 18 24 0.010
719 188 20 26 0.010
