10_People_Marching_People_Marching_2_173
135
795 511 24 32 0.714
860 515 14 18 0.642
365 496 13 16 0.618
319 488 9 12 0.565
761 498 9 12 0.559
454 495 10 13 0.510
520 501 11 15 0.496
283 497 9 10 0.486
494 504 11 13 0.483
210 484 9 10 0.472
674 503 11 14 0.468
171 490 8 10 0.463
250 494 8 10 0.446
421 497 9 10 0.360
675 533 11 16 0.348
954 506 17 23 0.343
467 503 8 11 0.343
381 495 9 11 0.340
189 488 8 9 0.338
732 503 12 14 0.295
404 560 24 26 0.250
342 498 7 10 0.238
481 502 9 10 0.232
115 487 7 8 0.226
145 492 7 8 0.218
324 555 20 25 0.214
980 491 6 8 0.213
568 498 11 15 0.204
238 489 8 9 0.201
253 493 8 10 0.196
281 496 8 10 0.186
251 483 8 9 0.172
813 498 9 12 0.171
458 496 9 12 0.167
187 490 7 9 0.167
857 499 9 10 0.163
976 516 13 19 0.158
469 501 10 12 0.152
259 491 8 10 0.147
615 506 9 13 0.142
247 489 8 10 0.140
269 492 8 10 0.131
234 490 8 9 0.123
147 490 8 9 0.119
670 503 11 13 0.118
542 495 6 9 0.117
186 487 7 8 0.111
1016 505 7 18 0.111
347 488 8 11 0.111
994 519 12 16 0.109
345 495 8 10 0.108
582 507 10 12 0.102
254 483 7 9 0.096
959 510 16 20 0.095
417 497 8 11 0.091
658 501 7 8 0.090
634 519 9 14 0.089
586 506 9 12 0.086
987 518 14 17 0.081
700 516 9 12 0.081
698 483 7 8 0.081
642 497 7 9 0.080
565 518 12 14 0.077
511 497 8 11 0.076
346 484 7 9 0.076
566 505 12 16 0.068
224 481 6 8 0.065
144 485 7 8 0.064
156 491 7 8 0.063
385 492 9 10 0.063
945 499 17 24 0.062
376 485 6 8 0.062
592 507 11 12 0.056
639 497 7 9 0.056
226 497 7 9 0.054
116 489 7 9 0.054
615 504 8 11 0.051
104 488 6 8 0.051
132 485 6 6 0.050
939 498 11 16 0.050
108 487 6 7 0.049
228 480 7 8 0.049
748 543 15 24 0.047
104 491 7 8 0.047
980 514 11 16 0.046
671 535 11 14 0.043
817 498 7 11 0.042
574 497 10 13 0.038
159 487 6 7 0.038
137 488 6 7 0.038
441 496 7 10 0.036
480 500 8 9 0.035
106 489 8 9 0.033
856 498 13 16 0.033
258 496 8 9 0.033
295 484 7 7 0.033
691 496 8 11 0.030
487 499 7 10 0.028
411 502 8 10 0.028
759 500 9 12 0.028
809 494 14 19 0.026
393 496 8 10 0.026
343 562 19 24 0.026
546 493 6 8 0.026
742 541 16 25 0.024
283 492 8 9 0.024
312 492 7 10 0.024
443 496 8 10 0.023
522 498 9 12 0.022
660 502 8 10 0.020
287 486 6 7 0.019
563 514 10 13 0.019
134 492 7 7 0.018
374 488 8 11 0.018
984 493 6 7 0.017
329 559 19 25 0.017
78 484 6 8 0.017
340 497 11 13 0.016
506 498 8 10 0.016
938 498 8 12 0.016
995 532 13 17 0.016
169 486 7 8 0.015
764 499 8 10 0.014
633 494 7 9 0.014
359 563 33 33 0.014
411 562 29 25 0.014
72 482 6 6 0.014
542 492 9 10 0.013
344 483 7 8 0.013
646 557 10 14 0.013
222 497 9 10 0.013
563 521 10 12 0.011
980 488 6 8 0.010
345 565 33 31 0.010
1016 515 8 18 0.010
