11_Meeting_Meeting_11_Meeting_Meeting_11_441
33
649 289 29 36 0.777
555 279 26 32 0.774
401 277 26 36 0.756
462 274 24 32 0.755
199 473 68 86 0.745
730 288 28 40 0.735
919 586 105 94 0.721
738 333 27 36 0.690
823 343 34 43 0.690
256 304 26 46 0.667
140 359 36 66 0.660
770 332 26 42 0.636
379 305 26 41 0.604
423 348 30 52 0.595
600 225 9 13 0.541
558 227 8 11 0.322
778 9 9 12 0.277
673 9 10 12 0.274
777 46 8 11 0.242
855 229 12 17 0.125
672 46 8 10 0.073
775 10 9 11 0.058
749 314 32 47 0.053
560 228 9 12 0.043
847 254 12 14 0.029
336 299 23 32 0.023
624 321 21 27 0.020
369 304 28 41 0.018
223 636 51 53 0.016
194 495 54 62 0.015
604 226 9 12 0.014
431 357 28 49 0.011
412 361 33 42 0.011
