11_Meeting_Meeting_11_Meeting_Meeting_11_574
116
958 331 35 44 0.783
713 321 31 37 0.780
262 298 22 28 0.763
483 260 17 23 0.751
850 293 30 37 0.745
349 301 23 27 0.741
801 264 22 30 0.738
639 284 26 31 0.735
197 290 24 27 0.730
688 260 19 25 0.719
971 288 32 36 0.718
865 240 19 22 0.717
533 243 16 20 0.710
357 257 17 21 0.710
509 237 14 19 0.704
304 258 16 21 0.702
123 296 21 25 0.689
729 239 16 20 0.679
400 275 19 25 0.667
804 235 16 19 0.657
435 216 14 20 0.655
354 234 16 20 0.655
44 336 43 67 0.653
495 222 13 19 0.652
454 219 15 20 0.642
592 231 14 17 0.639
752 219 14 17 0.634
873 216 16 18 0.621
741 289 23 30 0.617
784 255 19 27 0.609
659 205 12 16 0.605
515 207 13 17 0.603
926 220 15 17 0.598
920 194 11 15 0.580
952 258 18 26 0.575
771 207 12 15 0.572
625 219 12 14 0.567
587 193 12 14 0.564
553 232 16 19 0.550
931 203 14 17 0.538
823 209 13 16 0.532
555 200 12 14 0.509
635 187 9 13 0.501
706 250 17 23 0.478
528 205 11 16 0.463
785 207 11 15 0.439
612 200 11 14 0.429
401 253 15 20 0.416
566 199 12 15 0.405
604 193 11 13 0.400
128 55 17 30 0.392
304 132 12 17 0.354
570 211 11 16 0.330
942 235 16 18 0.322
820 189 10 11 0.319
706 192 10 12 0.311
694 195 10 13 0.277
470 246 14 17 0.264
958 241 14 17 0.255
645 193 10 13 0.251
884 194 10 12 0.250
412 241 16 19 0.239
568 202 11 15 0.200
780 207 12 15 0.194
446 217 16 20 0.182
407 245 15 19 0.159
665 185 9 11 0.151
414 235 14 19 0.147
638 189 10 13 0.136
678 194 10 12 0.128
705 186 9 12 0.121
637 244 14 17 0.103
804 209 10 13 0.100
832 197 11 13 0.091
643 219 11 15 0.088
611 190 11 13 0.085
544 221 13 17 0.082
961 300 36 44 0.082
736 226 12 15 0.078
694 228 12 15 0.069
704 183 8 10 0.068
807 204 10 13 0.066
895 214 10 14 0.060
676 238 14 19 0.052
802 215 12 15 0.051
674 234 14 18 0.037
792 194 9 11 0.037
938 239 17 20 0.037
763 211 12 16 0.036
613 226 11 15 0.032
527 210 12 16 0.031
671 225 12 16 0.029
903 270 17 23 0.025
482 253 17 23 0.021
525 241 16 20 0.019
907 243 13 19 0.019
962 239 12 16 0.017
680 183 9 11 0.016
401 245 13 17 0.016
716 214 11 14 0.016
937 201 11 15 0.016
673 242 15 20 0.015
688 238 13 16 0.015
610 202 11 14 0.014
301 140 13 18 0.014
845 205 10 13 0.014
910 210 11 15 0.013
908 214 11 14 0.013
299 147 12 16 0.012
626 275 16 22 0.012
768 262 15 20 0.012
883 190 10 12 0.011
843 288 22 28 0.011
555 196 10 13 0.010
693 172 8 10 0.010
0 350 14 62 0.010
