11_Meeting_Meeting_11_Meeting_Meeting_11_774
337
15 602 50 58 0.801
742 394 18 23 0.761
403 436 23 30 0.757
498 419 20 25 0.749
234 410 18 22 0.733
450 435 19 26 0.727
601 440 21 28 0.717
709 413 18 23 0.716
473 391 16 22 0.716
273 400 18 23 0.704
301 420 18 24 0.700
568 471 21 26 0.694
766 388 16 21 0.690
348 417 17 21 0.678
598 404 14 20 0.676
393 410 16 21 0.670
844 363 12 15 0.663
425 406 17 20 0.659
790 351 13 15 0.653
128 387 15 18 0.650
453 378 12 15 0.646
508 389 14 20 0.646
298 386 15 19 0.645
801 373 14 18 0.641
830 307 10 13 0.635
509 363 11 15 0.634
654 361 12 15 0.634
650 450 15 21 0.626
195 372 14 18 0.625
741 356 12 15 0.624
412 359 11 16 0.622
146 365 11 15 0.617
628 394 12 20 0.615
819 374 13 16 0.610
65 380 14 16 0.607
377 367 12 16 0.605
103 354 13 16 0.603
782 298 10 12 0.598
229 375 12 16 0.598
424 385 13 15 0.598
480 370 12 15 0.596
348 368 12 17 0.595
331 351 9 12 0.593
251 379 13 18 0.589
714 369 13 16 0.588
132 350 11 15 0.574
399 385 12 17 0.570
715 302 8 11 0.563
536 470 27 25 0.561
945 325 12 15 0.553
13 95 9 11 0.550
101 393 13 17 0.548
832 390 14 18 0.547
887 324 10 14 0.543
109 375 12 15 0.543
322 373 14 16 0.541
481 352 10 13 0.541
271 349 11 13 0.540
286 370 11 13 0.538
202 346 10 13 0.527
645 299 8 10 0.527
109 306 8 10 0.518
760 44 12 13 0.514
358 341 10 12 0.514
564 340 9 11 0.511
70 365 12 13 0.509
176 359 12 17 0.509
524 304 7 9 0.503
109 336 10 12 0.479
325 332 9 11 0.476
459 352 10 13 0.472
157 345 11 14 0.470
432 355 11 15 0.470
128 331 9 12 0.463
660 388 13 16 0.459
392 328 7 10 0.459
94 100 7 9 0.450
522 348 9 12 0.450
706 351 10 12 0.445
669 308 7 10 0.443
336 296 6 7 0.439
705 50 11 13 0.437
166 117 7 9 0.431
527 418 15 18 0.430
40 97 8 10 0.430
547 343 8 12 0.427
532 334 8 9 0.412
567 377 11 15 0.409
216 302 7 8 0.407
371 293 6 7 0.402
184 389 13 20 0.400
797 45 10 13 0.388
420 300 6 8 0.386
582 383 12 16 0.384
68 105 7 9 0.383
735 345 10 12 0.381
255 342 10 12 0.380
184 108 6 8 0.375
634 347 8 11 0.368
644 57 10 13 0.364
239 339 9 11 0.362
1 376 12 17 0.361
670 54 11 13 0.360
606 372 13 14 0.357
566 83 9 11 0.356
183 343 10 11 0.345
365 403 15 16 0.340
211 328 7 9 0.337
462 333 7 9 0.337
619 346 9 12 0.329
441 335 8 11 0.325
303 352 10 13 0.325
234 362 11 14 0.319
247 360 10 13 0.312
504 346 9 11 0.309
577 356 9 11 0.302
142 114 7 8 0.298
214 129 6 7 0.294
368 327 8 10 0.289
231 112 6 8 0.286
421 337 9 11 0.283
119 109 7 8 0.273
604 345 8 11 0.270
302 340 9 11 0.270
661 433 17 23 0.268
609 66 9 11 0.266
247 130 7 8 0.257
343 394 15 17 0.243
308 359 11 15 0.240
379 347 9 11 0.239
277 334 8 10 0.225
59 355 10 13 0.221
293 330 7 9 0.219
500 347 9 10 0.219
159 390 12 18 0.217
68 350 10 12 0.216
245 324 7 8 0.214
443 334 8 10 0.210
480 328 7 8 0.208
188 330 8 10 0.202
347 319 6 8 0.200
351 96 6 7 0.191
496 344 10 11 0.190
904 360 12 14 0.183
117 110 6 8 0.181
347 331 8 10 0.177
314 323 7 9 0.172
610 372 13 14 0.171
146 370 10 15 0.169
476 338 8 10 0.168
493 109 7 9 0.165
389 107 6 7 0.160
823 345 12 14 0.158
447 327 7 8 0.157
190 380 14 20 0.154
266 324 7 8 0.153
279 337 8 10 0.151
478 341 9 12 0.143
594 75 9 11 0.140
116 323 7 11 0.140
158 336 9 11 0.139
174 390 14 18 0.137
313 109 6 7 0.136
341 100 6 7 0.135
822 376 13 17 0.132
468 97 7 8 0.129
839 5 11 13 0.128
125 386 13 17 0.119
433 421 16 20 0.115
214 302 6 8 0.113
147 379 10 15 0.112
106 360 12 17 0.110
414 322 7 9 0.103
460 346 9 13 0.102
70 347 9 12 0.100
68 362 11 13 0.097
186 329 8 9 0.094
416 299 8 9 0.092
56 356 10 13 0.092
432 413 18 22 0.089
163 117 7 8 0.086
191 352 12 16 0.086
65 353 11 13 0.084
158 332 8 10 0.083
706 286 7 8 0.083
276 352 11 14 0.081
514 88 8 10 0.080
705 371 11 15 0.073
238 363 11 14 0.072
230 355 9 11 0.072
363 385 12 15 0.069
471 96 7 9 0.068
251 129 7 8 0.068
53 361 11 14 0.067
855 412 14 15 0.066
189 391 14 20 0.064
452 102 8 11 0.064
281 133 6 8 0.063
682 64 9 12 0.063
418 107 6 7 0.063
445 90 7 8 0.063
516 90 8 10 0.063
471 428 14 18 0.061
261 129 7 8 0.061
676 436 14 18 0.059
543 414 16 19 0.059
905 367 13 16 0.058
428 96 6 7 0.058
112 307 8 10 0.058
153 341 11 14 0.057
340 102 6 9 0.057
818 345 11 13 0.056
563 377 12 15 0.056
719 69 10 12 0.055
338 398 16 18 0.055
0 382 12 19 0.054
624 398 14 19 0.053
386 107 6 7 0.053
52 371 10 13 0.050
904 378 14 17 0.047
829 346 10 13 0.047
711 302 9 11 0.045
294 128 6 8 0.045
217 328 7 10 0.044
850 413 15 16 0.044
391 106 7 7 0.044
564 430 17 19 0.043
131 332 9 11 0.043
403 109 6 7 0.042
539 413 15 18 0.042
130 110 8 9 0.042
630 297 7 9 0.042
536 365 10 13 0.041
223 332 8 10 0.040
342 99 8 9 0.040
755 63 11 13 0.040
599 395 14 19 0.040
633 297 7 9 0.039
445 322 7 8 0.039
167 87 6 7 0.039
531 70 10 11 0.037
736 342 9 10 0.037
640 285 6 8 0.037
289 328 7 9 0.037
282 369 11 13 0.037
559 416 18 21 0.037
638 370 9 13 0.036
565 438 18 18 0.035
122 107 7 7 0.035
562 421 18 20 0.035
780 339 9 11 0.034
32 311 9 10 0.033
649 66 9 13 0.033
2 110 6 9 0.033
420 106 6 8 0.032
0 393 11 17 0.032
456 99 9 11 0.032
301 320 7 9 0.031
519 99 8 10 0.031
74 107 7 8 0.031
288 130 7 7 0.031
651 71 10 12 0.031
260 122 6 8 0.030
52 136 6 9 0.029
666 406 14 18 0.029
11 344 9 12 0.026
50 355 10 13 0.026
900 362 13 15 0.025
530 386 11 14 0.024
39 101 8 10 0.023
532 380 11 15 0.022
204 161 6 9 0.021
3 366 11 15 0.021
311 105 8 9 0.020
662 104 8 10 0.020
141 125 7 9 0.020
755 375 11 15 0.020
828 8 10 12 0.020
302 318 6 7 0.020
520 304 7 9 0.019
641 57 9 13 0.019
533 86 9 11 0.019
46 375 9 13 0.019
438 92 7 8 0.018
36 336 9 11 0.018
562 366 10 14 0.018
702 376 10 14 0.018
376 293 5 6 0.017
39 338 8 11 0.017
571 429 16 19 0.017
404 341 8 10 0.017
566 416 16 20 0.017
235 112 6 8 0.016
654 73 10 12 0.016
831 0 9 12 0.016
730 345 10 12 0.016
669 403 12 18 0.016
637 287 8 9 0.016
629 296 6 9 0.016
432 441 15 21 0.016
26 327 9 12 0.015
740 342 7 10 0.015
3 371 12 17 0.015
32 314 8 11 0.014
496 108 7 9 0.014
424 100 8 10 0.014
909 50 11 13 0.014
31 334 9 12 0.014
159 330 7 8 0.014
534 418 15 19 0.014
511 424 18 21 0.014
618 400 14 18 0.014
23 329 9 12 0.013
834 308 10 12 0.013
262 116 7 8 0.013
286 130 8 9 0.012
28 325 9 12 0.012
3 355 9 14 0.012
702 290 8 9 0.012
323 380 13 16 0.012
756 44 11 14 0.012
347 117 6 8 0.012
554 419 18 21 0.012
529 304 6 9 0.012
709 284 7 9 0.012
313 451 16 18 0.012
888 348 11 14 0.012
589 75 9 11 0.011
549 385 11 14 0.011
213 126 6 8 0.011
378 125 5 6 0.011
178 128 7 8 0.011
438 411 15 20 0.011
51 108 7 8 0.010
492 85 6 8 0.010
351 92 7 9 0.010
702 76 11 12 0.010
