11_Meeting_Meeting_11_Meeting_Meeting_11_644
76
616 463 24 34 0.677
306 427 26 47 0.658
447 450 21 36 0.585
603 454 14 21 0.554
378 464 17 28 0.475
669 446 12 21 0.429
927 450 11 16 0.328
853 462 9 11 0.271
785 465 7 9 0.260
876 464 8 9 0.254
162 468 8 10 0.194
247 468 15 22 0.181
915 469 11 14 0.138
265 449 11 15 0.137
803 472 9 11 0.136
843 461 12 12 0.132
150 462 7 9 0.123
222 464 8 11 0.121
904 445 11 13 0.118
244 461 11 18 0.109
202 467 11 13 0.109
838 461 10 12 0.103
262 449 11 14 0.096
152 462 8 10 0.075
69 463 8 11 0.071
0 501 6 15 0.070
156 466 9 10 0.059
186 464 8 9 0.054
523 477 10 14 0.050
984 450 5 8 0.039
1000 452 8 11 0.036
781 466 7 9 0.035
70 465 10 12 0.034
341 459 10 14 0.032
243 460 9 13 0.032
814 486 9 11 0.031
673 447 13 20 0.031
807 467 8 9 0.029
376 458 12 23 0.029
752 549 25 24 0.029
57 491 11 14 0.026
445 452 16 28 0.026
801 474 8 12 0.025
591 486 13 19 0.023
514 460 7 7 0.023
511 459 7 9 0.022
872 491 8 9 0.021
918 471 10 13 0.021
339 462 9 12 0.021
864 473 8 10 0.021
985 452 6 8 0.020
348 452 10 13 0.020
763 461 8 10 0.020
741 451 9 12 0.019
533 459 7 9 0.017
402 452 13 20 0.016
769 463 9 9 0.015
60 491 12 16 0.015
741 447 8 11 0.014
500 456 10 14 0.014
241 461 19 26 0.014
983 455 5 9 0.013
999 476 8 9 0.013
739 455 9 11 0.013
811 486 10 13 0.013
836 456 10 11 0.013
827 469 8 10 0.013
532 457 6 8 0.012
1000 457 9 11 0.012
618 448 8 10 0.012
814 493 12 15 0.012
493 455 9 15 0.012
828 465 10 11 0.011
561 498 15 22 0.011
901 483 8 11 0.010
65 463 8 11 0.010
