11_Meeting_Meeting_11_Meeting_Meeting_11_349
44
194 164 74 128 0.795
630 57 20 25 0.737
145 35 20 26 0.733
525 48 18 23 0.683
698 61 18 20 0.675
476 49 15 20 0.674
428 37 15 22 0.672
668 44 16 21 0.672
729 57 17 21 0.661
826 51 17 22 0.636
587 50 16 22 0.615
860 53 13 18 0.545
607 50 15 18 0.528
983 50 14 17 0.506
895 50 12 14 0.437
789 56 13 15 0.416
837 35 11 14 0.159
785 58 14 16 0.153
940 64 11 14 0.148
953 51 10 13 0.144
912 57 11 15 0.102
409 339 57 50 0.069
965 69 9 11 0.068
658 41 13 19 0.066
943 61 11 13 0.066
653 43 13 19 0.061
927 49 9 11 0.058
369 56 13 17 0.052
930 48 10 12 0.039
776 61 12 17 0.037
921 52 11 12 0.034
841 35 13 15 0.034
882 64 12 14 0.025
556 53 12 16 0.021
957 51 9 13 0.021
915 60 11 15 0.021
740 47 13 16 0.020
882 58 12 15 0.016
977 50 11 15 0.016
77 -3 47 50 0.015
882 68 13 15 0.015
562 54 13 17 0.012
845 59 13 16 0.012
641 103 18 20 0.011
