11_Meeting_Meeting_11_Meeting_Meeting_11_663
56
242 215 50 67 0.815
38 506 13 17 0.663
101 477 13 18 0.653
130 480 13 18 0.651
59 509 15 18 0.619
29 524 13 19 0.514
2 535 12 16 0.512
80 480 11 15 0.501
81 508 12 15 0.501
16 509 12 15 0.447
974 269 8 9 0.388
1012 268 7 8 0.375
51 487 13 16 0.357
105 512 13 16 0.302
112 497 13 15 0.289
998 268 6 8 0.277
0 503 7 13 0.273
23 481 12 14 0.154
960 338 7 9 0.152
53 481 12 14 0.143
85 505 11 16 0.136
57 478 10 13 0.114
888 323 5 7 0.101
15 513 12 17 0.098
20 485 11 13 0.094
870 308 5 7 0.084
942 344 9 11 0.079
995 269 6 7 0.076
968 298 7 9 0.072
46 474 11 12 0.065
885 322 7 8 0.057
966 295 7 9 0.055
986 339 9 13 0.050
2 486 8 12 0.048
946 342 10 10 0.039
971 299 7 9 0.036
129 519 11 14 0.031
924 349 10 12 0.031
936 346 11 12 0.029
927 347 10 11 0.027
919 348 10 12 0.026
914 351 10 12 0.025
21 507 11 15 0.023
976 355 9 10 0.023
922 333 6 8 0.023
44 473 9 11 0.023
867 308 5 7 0.021
121 516 12 15 0.020
991 348 12 13 0.020
947 346 10 10 0.017
986 350 11 12 0.017
909 328 7 8 0.016
1013 352 8 12 0.015
995 352 11 12 0.014
921 334 9 10 0.012
989 337 11 14 0.012
