12_Group_Group_12_Group_Group_12_112
40
182 307 38 42 0.830
87 301 34 39 0.824
257 314 37 43 0.819
320 459 35 38 0.819
582 255 34 41 0.816
488 263 37 43 0.815
149 231 34 40 0.814
924 318 36 40 0.814
258 116 37 43 0.811
861 152 34 41 0.810
188 482 35 39 0.808
234 272 36 40 0.803
852 244 36 43 0.802
526 214 35 39 0.802
544 483 34 38 0.801
456 479 38 40 0.800
728 248 32 36 0.799
786 119 34 45 0.797
742 319 34 38 0.796
449 238 32 35 0.794
721 454 34 36 0.790
580 142 32 39 0.790
641 486 34 35 0.789
144 172 34 39 0.787
370 317 34 36 0.785
790 197 36 38 0.784
788 458 34 37 0.784
366 153 32 37 0.784
701 205 33 41 0.777
673 276 32 34 0.775
364 262 32 39 0.773
469 147 33 38 0.753
398 253 31 37 0.741
612 239 30 34 0.729
265 239 33 38 0.706
703 160 34 38 0.702
581 213 31 32 0.629
702 179 34 46 0.234
831 229 39 45 0.132
106 740 60 29 0.011
