12_Group_Team_Organized_Group_12_Group_Team_Organized_Group_12_83
46
730 375 169 238 0.874
807 221 63 71 0.820
301 238 35 48 0.759
144 283 29 37 0.742
401 243 29 40 0.708
29 321 22 27 0.687
997 190 19 25 0.687
0 342 16 34 0.682
556 269 37 34 0.679
110 237 25 32 0.659
9 259 19 26 0.636
94 282 27 33 0.628
39 256 22 26 0.622
905 242 21 27 0.606
961 193 13 18 0.593
733 224 14 18 0.591
956 244 16 20 0.589
918 206 13 15 0.563
209 268 20 28 0.512
182 255 20 26 0.443
15 293 18 27 0.409
197 286 20 31 0.375
62 262 15 19 0.288
1004 237 15 18 0.285
126 249 18 24 0.160
142 260 19 23 0.135
703 259 31 36 0.101
194 247 16 21 0.084
760 234 22 37 0.049
997 247 12 17 0.040
759 211 12 18 0.039
914 207 13 15 0.039
203 290 20 28 0.038
393 284 22 28 0.032
68 260 15 19 0.029
203 299 21 32 0.019
217 236 12 15 0.019
977 329 42 61 0.018
927 196 9 12 0.018
948 237 14 19 0.016
717 223 10 14 0.014
13 286 17 25 0.013
968 191 13 18 0.013
722 224 11 14 0.012
924 205 12 14 0.010
137 251 16 21 0.010
