12_Group_Group_12_Group_Group_12_843
48
390 492 97 108 0.854
290 489 70 68 0.756
94 437 111 201 0.737
621 202 18 20 0.657
423 238 13 18 0.616
673 261 16 21 0.587
546 222 13 17 0.584
508 227 13 17 0.576
584 192 10 13 0.489
142 238 5 7 0.327
205 235 6 8 0.276
69 236 7 7 0.200
225 226 7 7 0.198
256 236 6 8 0.172
632 191 14 18 0.114
164 238 6 6 0.099
282 235 7 8 0.096
251 225 6 7 0.095
635 191 10 12 0.086
191 225 5 6 0.072
254 231 6 8 0.072
228 226 6 8 0.067
605 212 11 14 0.063
61 325 9 11 0.053
390 230 6 8 0.046
485 343 38 46 0.046
67 236 5 8 0.046
603 215 12 14 0.045
141 240 5 6 0.041
1 442 119 200 0.038
209 231 9 9 0.037
608 211 12 16 0.030
189 225 5 7 0.027
312 202 5 6 0.025
0 14 61 130 0.025
272 227 5 7 0.024
351 212 5 6 0.021
282 229 6 7 0.020
618 201 15 18 0.019
513 227 12 16 0.018
233 235 6 8 0.015
335 214 6 7 0.015
57 325 10 11 0.013
601 216 10 13 0.013
223 213 6 6 0.012
202 236 6 7 0.011
243 213 6 7 0.011
365 205 6 6 0.010
