12_Group_Large_Group_12_Group_Large_Group_12_736
31
937 454 23 30 0.732
397 388 18 24 0.702
573 401 31 36 0.672
424 388 18 26 0.650
143 389 24 29 0.628
71 311 11 13 0.584
632 358 19 27 0.563
12 357 23 33 0.561
301 384 24 26 0.546
229 367 17 21 0.485
155 334 19 29 0.481
752 387 15 30 0.210
226 394 18 25 0.204
185 362 17 25 0.141
20 305 9 11 0.103
100 373 18 23 0.082
23 304 8 10 0.049
296 379 20 25 0.033
0 357 7 22 0.027
2 312 7 11 0.023
313 386 21 23 0.021
749 383 16 26 0.017
770 356 14 19 0.015
16 309 11 13 0.014
631 349 16 22 0.013
17 363 24 34 0.013
767 363 14 23 0.013
9 361 15 25 0.012
179 369 18 26 0.012
639 356 17 24 0.012
90 340 12 15 0.010
