12_Group_Large_Group_12_Group_Large_Group_12_86
118
703 435 9 12 0.500
621 393 9 11 0.484
823 394 9 12 0.452
578 390 8 9 0.414
872 401 8 10 0.407
462 355 12 21 0.404
963 408 9 11 0.400
572 458 9 11 0.386
902 404 10 12 0.356
704 395 8 11 0.329
674 396 8 10 0.308
404 377 6 8 0.306
599 394 6 8 0.306
913 391 8 11 0.292
958 395 9 10 0.291
718 400 8 10 0.263
770 397 6 9 0.238
738 415 8 10 0.225
919 406 9 11 0.223
749 398 8 9 0.220
504 408 12 14 0.219
962 405 9 12 0.201
780 397 7 8 0.200
167 375 5 6 0.193
933 406 8 9 0.184
48 358 8 12 0.169
856 395 8 9 0.162
1008 392 7 9 0.152
338 367 14 20 0.148
949 380 7 8 0.143
596 393 7 8 0.134
653 396 7 10 0.131
985 405 8 10 0.120
731 397 7 8 0.117
690 437 7 11 0.106
778 397 8 9 0.100
690 392 7 9 0.099
874 400 8 10 0.097
914 408 9 10 0.096
987 400 8 10 0.094
863 397 9 10 0.094
941 395 8 9 0.092
745 403 9 10 0.088
800 400 6 9 0.087
683 393 7 9 0.083
274 388 7 7 0.082
635 394 8 9 0.078
692 437 9 10 0.078
857 396 9 10 0.078
305 391 6 7 0.078
510 406 10 13 0.070
722 389 7 8 0.069
631 393 7 9 0.068
559 396 6 8 0.068
901 408 9 11 0.065
385 382 6 7 0.063
180 377 5 6 0.062
801 398 7 9 0.061
571 456 8 12 0.060
442 378 6 8 0.060
1018 406 6 10 0.056
342 374 14 17 0.050
214 380 5 7 0.048
986 397 8 10 0.048
127 386 5 6 0.042
148 377 5 7 0.040
125 384 6 7 0.038
800 402 7 9 0.037
782 395 7 8 0.037
250 388 6 7 0.036
639 393 7 9 0.035
686 438 8 9 0.035
513 402 8 12 0.033
707 435 8 11 0.033
644 396 7 9 0.032
164 375 6 6 0.032
672 393 7 9 0.032
984 408 8 10 0.031
659 393 9 10 0.031
303 391 6 7 0.028
234 381 6 7 0.027
935 409 7 9 0.025
253 387 6 7 0.022
256 388 6 7 0.022
852 397 7 10 0.022
596 396 7 8 0.022
912 391 12 15 0.021
277 390 6 7 0.021
337 378 11 12 0.021
726 393 7 8 0.021
386 384 6 7 0.020
558 394 5 8 0.020
915 385 7 9 0.020
697 426 8 10 0.019
698 395 7 10 0.018
217 379 5 6 0.017
769 395 7 8 0.017
531 390 6 7 0.017
678 431 7 9 0.017
852 393 7 9 0.016
836 406 7 9 0.016
602 396 6 8 0.016
157 367 5 7 0.016
564 393 6 8 0.015
833 414 8 10 0.014
563 398 6 7 0.013
236 384 7 8 0.013
124 380 5 7 0.013
129 378 5 6 0.013
499 407 11 15 0.013
336 364 11 17 0.012
510 397 9 13 0.012
992 403 8 10 0.011
989 394 6 8 0.011
701 426 8 11 0.010
799 420 7 11 0.010
901 429 9 11 0.010
278 360 6 8 0.010
