12_Group_Team_Organized_Group_12_Group_Team_Organized_Group_12_778
71
645 297 26 31 0.823
518 293 24 31 0.815
467 293 24 31 0.813
586 298 25 30 0.810
108 281 26 30 0.807
231 96 20 25 0.800
931 149 31 36 0.800
344 289 24 28 0.799
171 283 24 29 0.799
612 228 20 27 0.798
849 189 26 30 0.798
384 227 20 25 0.798
277 228 20 25 0.797
817 139 25 29 0.796
709 302 26 31 0.795
781 301 26 31 0.795
288 291 24 27 0.793
60 282 24 29 0.792
664 89 21 27 0.792
251 76 20 24 0.792
623 90 20 24 0.792
653 227 22 28 0.790
227 279 25 29 0.789
688 74 21 25 0.789
766 114 23 31 0.787
441 225 20 27 0.785
435 82 22 26 0.783
892 164 25 31 0.783
236 220 21 27 0.782
556 227 21 26 0.781
164 92 21 25 0.781
494 222 21 28 0.781
582 98 22 28 0.780
330 227 19 25 0.780
406 307 23 29 0.778
580 58 20 25 0.775
294 100 23 26 0.774
178 212 21 26 0.773
319 72 20 24 0.768
788 92 21 25 0.768
467 64 20 25 0.767
210 50 21 26 0.766
413 56 20 24 0.765
284 62 19 23 0.764
389 67 20 26 0.761
371 82 21 26 0.758
346 54 20 25 0.757
512 58 21 26 0.751
878 131 22 28 0.748
848 129 25 30 0.748
805 114 22 26 0.746
539 66 21 25 0.745
743 66 20 24 0.741
717 87 21 25 0.739
499 87 22 27 0.738
748 91 22 28 0.737
807 75 20 26 0.730
831 98 21 26 0.724
694 120 22 27 0.711
597 75 17 22 0.702
660 69 17 22 0.677
708 52 21 26 0.663
643 77 19 25 0.605
904 136 25 31 0.604
718 119 24 29 0.577
655 83 21 26 0.222
431 77 22 26 0.196
862 111 21 24 0.151
760 84 22 26 0.056
532 216 16 20 0.034
731 206 20 20 0.020
