12_Group_Team_Organized_Group_12_Group_Team_Organized_Group_12_412
28
578 400 45 58 0.853
555 234 35 43 0.839
496 227 36 49 0.829
386 220 39 48 0.829
143 214 34 52 0.826
234 199 37 54 0.819
604 333 36 49 0.815
117 189 33 43 0.813
330 216 36 48 0.810
705 200 38 45 0.808
966 133 39 54 0.805
3 204 43 45 0.803
781 58 31 38 0.795
761 178 33 41 0.792
891 221 38 48 0.771
496 174 29 36 0.766
662 224 33 39 0.760
590 223 29 40 0.709
811 228 35 43 0.539
908 206 33 43 0.529
636 227 28 36 0.492
205 200 24 28 0.365
472 234 25 36 0.328
478 224 26 40 0.053
492 213 35 48 0.036
267 200 30 40 0.025
641 224 35 43 0.020
257 197 29 48 0.012
