12_Group_Large_Group_12_Group_Large_Group_12_253
62
243 399 33 42 0.824
351 422 32 38 0.823
131 416 37 47 0.810
486 364 34 44 0.807
22 434 33 45 0.807
971 391 33 38 0.804
355 226 29 37 0.802
159 210 27 34 0.801
679 322 28 34 0.801
590 421 28 37 0.801
41 264 32 41 0.796
0 241 22 34 0.795
617 285 27 33 0.792
87 241 29 37 0.790
935 261 27 32 0.790
161 264 31 39 0.789
659 385 30 36 0.789
874 387 29 35 0.788
409 236 27 33 0.786
758 374 28 30 0.786
609 322 25 33 0.785
764 261 23 26 0.784
613 209 23 27 0.775
796 232 25 32 0.774
279 259 29 38 0.768
298 228 25 34 0.766
262 219 24 27 0.766
206 195 25 31 0.757
461 233 27 34 0.756
860 253 28 33 0.756
330 199 24 32 0.753
119 200 22 31 0.753
29 201 26 33 0.750
499 209 23 29 0.749
637 226 24 29 0.748
394 199 25 29 0.746
560 204 24 29 0.746
390 432 42 44 0.745
683 238 22 27 0.745
767 202 21 26 0.741
896 241 21 28 0.738
214 269 29 33 0.737
545 333 30 42 0.723
732 233 21 28 0.709
860 225 23 23 0.700
456 203 25 30 0.690
562 320 25 31 0.580
710 246 23 30 0.560
689 219 19 23 0.292
945 218 6 7 0.168
940 218 5 6 0.067
788 233 22 27 0.067
779 233 18 22 0.062
82 249 31 41 0.061
936 218 5 6 0.033
782 243 17 21 0.027
896 218 7 9 0.026
902 228 11 14 0.017
973 222 6 6 0.014
904 223 13 16 0.013
718 233 16 19 0.013
198 265 34 40 0.010
