12_Group_Group_12_Group_Group_12_519
44
448 207 41 50 0.821
568 198 38 48 0.811
822 202 32 40 0.808
712 222 36 46 0.801
902 207 30 37 0.783
964 56 13 17 0.298
1002 62 11 14 0.295
997 101 13 15 0.228
720 133 26 33 0.160
927 38 12 14 0.112
979 37 11 15 0.108
802 176 21 26 0.095
824 95 12 14 0.088
918 74 12 15 0.082
759 71 12 15 0.065
800 65 13 16 0.056
898 61 14 17 0.042
824 41 12 15 0.040
661 147 23 33 0.037
721 78 13 16 0.037
893 17 10 12 0.036
973 11 13 15 0.035
978 89 13 15 0.029
707 47 14 16 0.028
802 62 14 16 0.025
53 310 16 23 0.025
778 54 13 16 0.022
785 109 18 23 0.022
746 46 14 16 0.020
1014 80 10 15 0.017
863 1 12 13 0.017
497 23 18 23 0.017
744 97 14 17 0.016
946 105 11 14 0.016
771 28 13 16 0.015
855 41 14 17 0.015
832 61 16 19 0.015
828 94 13 16 0.015
805 58 14 17 0.014
247 93 15 20 0.014
935 57 14 18 0.013
728 134 20 26 0.013
912 73 13 15 0.012
886 48 12 16 0.011
