12_Group_Large_Group_12_Group_Large_Group_12_315
138
580 405 32 45 0.837
808 386 38 48 0.830
692 411 36 40 0.820
181 408 25 31 0.818
754 268 31 37 0.806
258 408 24 34 0.804
117 423 27 33 0.803
793 259 29 34 0.801
647 305 30 35 0.795
682 275 27 33 0.790
600 303 26 31 0.790
294 358 20 25 0.779
187 340 21 26 0.778
499 270 17 21 0.776
447 329 19 24 0.773
335 380 22 28 0.771
406 296 16 20 0.770
156 340 22 26 0.770
479 331 22 27 0.768
228 333 21 27 0.768
119 345 23 26 0.767
429 347 20 24 0.766
534 331 24 28 0.762
926 408 21 25 0.757
192 316 20 23 0.753
504 315 21 25 0.753
949 449 23 27 0.752
885 418 20 25 0.750
355 278 15 20 0.737
371 319 18 24 0.736
882 393 20 24 0.735
312 278 16 19 0.734
382 268 14 17 0.733
954 385 17 20 0.732
287 316 17 20 0.730
320 321 18 22 0.730
369 359 24 30 0.728
389 314 16 22 0.722
322 350 18 21 0.721
414 265 14 18 0.720
536 253 16 19 0.714
899 351 16 20 0.712
453 281 16 18 0.711
387 288 15 20 0.710
265 337 20 25 0.708
397 256 14 18 0.708
476 261 15 19 0.705
496 380 30 36 0.702
864 411 20 26 0.700
437 224 13 17 0.698
490 304 17 21 0.698
429 315 17 19 0.696
421 239 13 17 0.689
496 241 14 17 0.687
447 260 13 17 0.685
348 309 17 19 0.682
135 327 17 21 0.675
457 232 12 16 0.673
554 235 14 18 0.670
210 339 19 25 0.667
481 219 13 15 0.661
571 237 13 19 0.654
581 218 12 16 0.649
475 241 14 16 0.647
456 213 12 15 0.631
527 233 12 15 0.622
519 208 11 14 0.612
498 213 11 14 0.610
707 145 9 11 0.590
658 184 11 14 0.584
772 138 9 10 0.581
614 217 11 15 0.579
554 212 11 14 0.577
566 199 10 13 0.575
665 145 9 11 0.567
507 229 12 15 0.564
594 188 10 12 0.561
723 135 9 11 0.548
657 161 9 11 0.548
753 130 9 11 0.547
694 171 10 13 0.533
612 183 9 12 0.530
798 136 9 11 0.525
729 147 9 12 0.513
608 203 10 13 0.506
811 128 10 12 0.497
612 168 9 11 0.479
669 167 9 12 0.463
536 209 10 14 0.452
696 142 9 11 0.450
680 147 9 11 0.441
839 60 9 11 0.384
596 215 11 15 0.355
826 126 10 11 0.342
837 114 9 10 0.267
569 200 10 11 0.264
299 356 20 23 0.246
401 259 14 18 0.228
681 163 9 12 0.227
872 405 21 25 0.225
834 115 10 11 0.188
694 194 9 11 0.183
718 192 9 11 0.154
575 200 10 13 0.135
400 298 17 22 0.135
808 129 10 11 0.134
793 153 8 9 0.114
614 161 8 10 0.109
710 142 10 12 0.105
833 77 9 11 0.091
612 163 8 11 0.083
478 228 14 17 0.081
668 185 10 13 0.074
678 150 10 12 0.072
516 244 12 15 0.072
497 254 16 20 0.067
520 229 12 15 0.046
585 219 12 15 0.046
975 435 16 20 0.043
834 95 10 12 0.042
684 162 9 12 0.037
836 104 9 11 0.036
611 255 15 17 0.032
442 282 13 17 0.030
486 217 11 14 0.029
840 112 9 10 0.028
723 137 11 13 0.027
750 134 9 12 0.024
709 239 11 15 0.024
618 159 8 11 0.023
750 130 9 10 0.022
836 77 8 11 0.021
754 147 9 11 0.021
912 398 14 18 0.020
653 163 10 12 0.018
473 301 13 14 0.013
748 146 9 12 0.012
248 347 13 18 0.011
