12_Group_Team_Organized_Group_12_Group_Team_Organized_Group_12_442
22
759 181 23 30 0.775
455 208 21 31 0.766
199 184 22 29 0.756
523 179 22 33 0.743
808 164 23 36 0.714
970 219 26 25 0.687
27 217 24 31 0.654
245 200 22 32 0.650
662 211 21 25 0.606
380 206 15 29 0.591
561 200 17 22 0.196
1006 177 15 24 0.071
879 266 19 23 0.063
606 136 21 30 0.061
632 160 13 27 0.047
128 186 16 26 0.040
1012 172 12 22 0.015
166 182 22 30 0.015
159 179 21 30 0.014
551 161 14 21 0.013
672 209 23 27 0.013
1001 177 16 22 0.010
