12_Group_Group_12_Group_Group_12_179
24
893 247 56 68 0.867
785 254 54 68 0.866
635 246 56 67 0.857
87 219 60 70 0.857
269 158 39 50 0.857
228 231 53 71 0.857
493 201 57 74 0.856
310 193 46 62 0.851
355 229 47 66 0.849
447 140 48 61 0.847
723 202 51 59 0.844
144 199 49 57 0.820
979 287 9 11 0.625
999 286 10 12 0.600
982 247 10 13 0.552
1005 247 9 12 0.518
979 325 9 12 0.479
1000 328 10 13 0.434
1018 369 6 14 0.238
980 246 9 12 0.167
957 272 7 9 0.058
953 272 9 12 0.020
1002 284 8 12 0.015
1018 327 6 11 0.012
