12_Group_Group_12_Group_Group_12_935
483
688 184 20 26 0.790
701 389 20 26 0.786
356 276 19 26 0.779
686 452 21 25 0.771
112 183 20 25 0.770
808 662 20 27 0.767
532 525 21 27 0.766
719 347 19 26 0.763
123 629 21 28 0.763
591 158 19 25 0.762
562 420 19 25 0.761
535 122 20 25 0.760
580 605 21 26 0.760
1005 459 19 31 0.759
263 409 22 28 0.757
961 564 22 27 0.757
853 20 20 26 0.757
327 57 19 25 0.757
655 114 19 25 0.757
234 317 20 25 0.756
737 453 21 27 0.755
944 111 20 25 0.755
52 190 20 25 0.753
760 377 22 27 0.752
250 629 21 26 0.751
598 528 23 26 0.751
782 560 21 27 0.751
37 351 19 24 0.749
588 561 21 26 0.748
942 419 22 32 0.748
112 669 22 25 0.748
242 450 20 25 0.746
21 454 21 27 0.746
648 559 22 29 0.746
719 556 21 26 0.746
543 488 21 25 0.746
412 348 20 27 0.745
484 113 19 23 0.744
635 189 20 26 0.744
149 388 20 24 0.744
113 533 19 24 0.744
144 597 21 29 0.744
595 347 21 25 0.744
205 600 20 26 0.744
69 317 21 28 0.743
0 486 16 26 0.743
695 592 24 31 0.743
822 90 20 27 0.743
135 277 21 27 0.743
280 561 20 25 0.743
977 492 22 25 0.742
847 220 20 25 0.741
892 318 20 25 0.741
463 528 21 26 0.741
216 61 19 24 0.740
217 380 22 28 0.739
1011 387 13 27 0.739
375 654 23 32 0.739
470 157 20 26 0.738
412 523 20 24 0.738
764 638 21 26 0.738
429 288 21 25 0.738
366 89 20 25 0.738
904 557 22 29 0.738
428 114 20 25 0.737
988 193 20 23 0.737
98 353 21 27 0.737
444 405 19 25 0.737
771 602 20 25 0.737
174 663 20 27 0.737
617 217 19 25 0.737
299 154 19 24 0.736
405 558 21 28 0.736
241 661 21 27 0.736
413 165 18 23 0.736
363 116 21 26 0.736
570 219 19 24 0.736
783 285 19 24 0.736
435 490 20 26 0.736
501 63 19 23 0.734
65 155 19 25 0.734
620 425 21 26 0.734
793 489 19 24 0.734
649 157 18 22 0.733
226 346 21 27 0.733
356 349 21 29 0.733
399 380 20 26 0.733
18 560 21 29 0.733
1 46 17 24 0.733
303 283 21 26 0.733
772 125 19 27 0.732
941 374 21 27 0.732
861 485 19 25 0.732
1 634 18 28 0.732
951 317 21 26 0.732
830 351 20 25 0.732
279 385 21 25 0.732
523 389 19 26 0.732
456 0 19 25 0.731
904 59 19 26 0.731
275 596 20 25 0.731
21 602 22 31 0.730
62 636 21 28 0.730
553 666 21 25 0.730
742 -3 18 21 0.730
614 284 18 25 0.730
544 319 20 25 0.730
726 509 21 27 0.730
761 418 23 29 0.729
442 644 20 25 0.729
607 90 19 22 0.728
756 176 21 26 0.728
74 599 20 27 0.728
687 216 21 26 0.727
204 286 20 27 0.727
660 536 22 25 0.726
949 610 21 27 0.726
553 64 18 23 0.726
304 124 19 23 0.726
554 255 21 26 0.725
897 361 22 27 0.725
218 567 20 27 0.725
753 662 22 29 0.725
888 662 22 28 0.725
800 227 19 24 0.724
464 560 21 27 0.724
719 29 18 25 0.724
846 527 21 26 0.724
912 529 21 26 0.723
626 662 19 26 0.723
809 454 20 27 0.723
633 606 21 25 0.723
514 182 20 27 0.722
832 382 19 26 0.722
263 251 18 22 0.722
220 521 22 30 0.721
831 605 20 24 0.721
32 88 19 24 0.720
615 254 18 22 0.720
773 321 17 23 0.720
364 0 18 24 0.719
1010 119 14 26 0.719
357 321 21 24 0.719
153 563 20 26 0.719
945 685 20 25 0.719
718 128 18 25 0.718
155 348 22 27 0.718
683 4 19 24 0.718
920 215 20 25 0.717
596 315 20 26 0.717
575 391 21 26 0.717
685 668 19 25 0.717
979 149 18 26 0.717
613 491 22 29 0.716
1000 676 21 24 0.716
48 525 21 24 0.715
357 149 21 27 0.715
342 380 21 27 0.714
507 454 21 28 0.714
676 488 23 30 0.714
298 190 19 24 0.713
535 352 20 27 0.713
512 424 20 25 0.713
895 633 21 27 0.713
122 151 22 27 0.712
177 313 21 27 0.712
357 190 18 22 0.711
57 33 18 21 0.711
962 349 20 24 0.711
975 523 20 26 0.710
569 642 18 24 0.710
262 108 19 23 0.710
869 459 21 28 0.709
829 639 21 25 0.709
9 -3 18 17 0.709
441 57 19 25 0.709
663 60 17 24 0.708
522 607 20 25 0.708
805 -2 18 21 0.707
847 555 20 25 0.707
393 58 20 27 0.706
84 570 21 27 0.706
613 59 21 27 0.705
432 453 21 25 0.705
338 23 20 26 0.704
743 256 19 25 0.704
319 423 19 24 0.704
613 456 21 28 0.703
193 635 20 27 0.703
9 157 19 26 0.703
221 159 18 23 0.703
667 353 20 27 0.702
168 534 20 27 0.702
18 106 20 27 0.701
925 241 19 26 0.701
913 24 19 22 0.701
949 93 19 22 0.701
459 188 19 26 0.700
705 285 21 24 0.700
207 91 17 25 0.699
881 115 19 24 0.699
633 377 20 27 0.698
53 675 22 26 0.698
326 595 20 25 0.698
895 607 20 25 0.698
863 -3 19 18 0.697
789 25 19 22 0.696
38 266 20 24 0.696
1003 86 18 26 0.695
296 319 20 23 0.695
632 638 20 27 0.695
958 63 18 23 0.694
938 465 21 29 0.693
296 491 19 26 0.693
38 216 17 23 0.692
818 427 20 27 0.691
549 89 19 25 0.689
114 314 19 23 0.689
191 -3 18 20 0.687
654 310 21 26 0.687
512 627 21 27 0.687
247 132 17 21 0.686
736 231 17 23 0.686
76 490 19 23 0.686
476 345 20 28 0.685
973 290 21 24 0.685
935 147 19 23 0.684
341 559 20 27 0.683
745 492 21 25 0.682
666 89 20 24 0.681
874 424 22 27 0.681
563 458 19 26 0.680
77 291 19 22 0.680
556 284 21 27 0.680
476 320 19 21 0.680
570 199 18 22 0.679
43 423 20 26 0.679
113 483 19 26 0.678
489 288 21 24 0.677
285 345 21 27 0.677
183 172 19 25 0.676
145 81 21 27 0.675
232 195 19 26 0.675
696 148 19 25 0.674
526 567 22 25 0.674
627 1 18 22 0.673
400 19 20 25 0.672
124 14 19 27 0.670
594 133 18 22 0.669
380 417 20 27 0.669
689 424 19 23 0.667
39 389 20 28 0.666
362 481 20 27 0.664
783 527 19 22 0.664
987 245 20 25 0.661
0 184 9 25 0.659
462 382 20 29 0.659
420 94 19 25 0.659
500 493 20 23 0.658
63 -4 18 18 0.658
488 259 20 25 0.658
386 637 20 27 0.658
890 87 18 25 0.657
433 591 20 25 0.657
287 30 18 22 0.656
234 486 20 25 0.656
975 223 19 24 0.655
833 315 20 25 0.653
695 646 21 24 0.652
902 290 19 23 0.652
819 177 21 26 0.650
918 498 23 28 0.650
137 118 20 24 0.647
968 30 18 24 0.642
460 50 18 23 0.641
0 667 11 28 0.631
438 256 18 23 0.629
779 347 17 22 0.626
296 -3 16 14 0.624
306 91 19 25 0.621
0 22 10 21 0.621
23 290 19 24 0.619
92 85 18 25 0.616
506 659 20 25 0.611
925 -3 19 20 0.607
316 455 19 23 0.607
821 66 18 22 0.607
317 533 21 27 0.606
215 0 17 19 0.601
488 93 18 22 0.600
136 -3 16 16 0.595
509 -1 21 21 0.588
304 666 23 26 0.587
323 251 18 22 0.542
531 167 19 23 0.534
382 612 20 23 0.534
798 261 19 22 0.533
323 621 20 24 0.510
421 328 18 22 0.503
373 459 18 22 0.487
386 201 18 23 0.476
1016 322 8 24 0.471
168 22 15 18 0.470
840 284 18 21 0.443
201 27 14 17 0.430
186 440 19 20 0.405
544 5 17 24 0.395
507 139 17 21 0.386
0 314 9 26 0.377
162 0 14 17 0.372
404 128 17 22 0.350
1016 49 8 24 0.332
997 60 16 21 0.327
1017 0 7 20 0.294
348 553 19 25 0.288
257 83 16 21 0.270
141 510 16 20 0.260
289 99 21 24 0.245
938 135 20 26 0.240
780 85 16 19 0.233
221 256 17 21 0.223
14 225 17 21 0.220
666 304 17 23 0.214
0 35 14 27 0.206
395 199 18 23 0.199
297 461 16 21 0.196
230 699 20 12 0.172
946 -3 15 16 0.171
217 28 15 19 0.165
558 567 18 23 0.161
578 693 20 18 0.158
167 186 16 22 0.157
170 117 15 22 0.156
611 -1 16 18 0.149
405 199 16 21 0.143
242 527 17 24 0.143
478 698 22 14 0.135
1013 278 10 24 0.122
880 409 18 23 0.116
179 435 20 23 0.114
875 702 20 9 0.106
1 376 14 25 0.105
362 240 19 24 0.104
456 244 17 22 0.104
878 191 17 24 0.102
28 219 18 22 0.100
128 78 16 22 0.091
1015 60 9 23 0.087
662 460 17 22 0.085
424 312 20 26 0.084
0 248 9 24 0.084
976 4 14 19 0.082
0 564 9 24 0.081
975 11 15 21 0.080
512 573 17 22 0.078
872 163 20 23 0.077
69 -3 17 16 0.074
833 282 19 22 0.074
513 265 17 22 0.072
1017 7 6 24 0.070
135 511 16 21 0.064
639 378 19 23 0.063
899 212 15 20 0.062
974 0 15 18 0.061
332 620 17 23 0.060
729 81 18 22 0.057
176 480 18 21 0.055
541 48 15 20 0.054
1018 24 5 22 0.053
1017 626 7 24 0.051
430 -4 17 14 0.049
948 100 19 26 0.048
895 295 20 24 0.047
876 415 20 25 0.045
263 88 16 20 0.044
656 231 14 20 0.043
264 6 16 20 0.042
0 242 12 23 0.040
492 96 18 23 0.038
126 380 15 22 0.038
847 386 18 24 0.038
666 291 17 22 0.037
721 398 15 22 0.036
-2 172 9 24 0.035
436 206 16 23 0.034
669 279 16 20 0.034
952 251 15 21 0.033
855 163 18 23 0.033
841 158 20 24 0.033
414 340 20 24 0.031
902 128 14 19 0.031
3 561 16 27 0.030
339 481 15 21 0.029
907 287 18 23 0.028
258 185 17 22 0.027
835 158 18 23 0.026
159 237 20 25 0.026
0 340 5 24 0.025
776 90 17 19 0.025
48 631 18 24 0.025
747 69 16 22 0.025
491 5 15 19 0.024
404 218 17 23 0.024
1014 494 9 18 0.024
448 622 18 23 0.024
507 116 14 20 0.022
457 552 15 20 0.022
0 312 16 25 0.022
1014 379 10 31 0.022
67 117 17 22 0.022
593 126 18 22 0.022
443 618 18 22 0.021
537 322 19 24 0.021
400 229 16 21 0.021
812 150 17 21 0.021
577 94 13 20 0.020
876 684 22 19 0.020
1018 634 6 23 0.019
227 261 16 20 0.019
1008 276 14 21 0.019
977 -1 15 14 0.019
186 -3 16 17 0.019
57 665 22 28 0.018
899 140 15 20 0.018
805 261 18 21 0.018
162 226 21 26 0.018
303 472 16 22 0.018
877 170 18 25 0.018
1014 242 9 22 0.017
196 26 15 19 0.017
545 -4 15 15 0.016
1010 2 13 20 0.016
661 288 16 19 0.016
620 487 21 27 0.016
406 233 17 22 0.015
158 -1 20 25 0.015
188 448 20 19 0.015
409 240 17 23 0.015
5 633 21 27 0.015
576 322 16 20 0.015
140 67 15 23 0.015
461 246 16 20 0.014
269 485 18 24 0.014
815 172 19 23 0.014
127 -4 18 19 0.013
163 218 19 24 0.013
4 280 13 20 0.013
843 275 19 22 0.013
432 602 22 25 0.013
869 697 21 14 0.013
357 624 15 21 0.012
890 634 19 24 0.012
549 4 17 23 0.012
410 198 15 20 0.012
177 487 17 22 0.012
925 503 19 24 0.012
118 471 18 26 0.012
178 473 19 22 0.012
482 93 17 21 0.012
517 393 18 22 0.012
871 -2 16 15 0.012
16 -2 17 16 0.012
608 200 14 20 0.011
787 -1 13 13 0.011
681 0 17 21 0.011
401 156 14 19 0.011
658 457 17 22 0.011
302 676 20 23 0.011
231 259 15 18 0.011
452 240 17 22 0.011
964 61 18 22 0.011
1017 369 7 21 0.011
312 93 19 24 0.011
675 265 17 23 0.011
455 623 17 21 0.011
1008 -3 14 12 0.011
356 597 17 23 0.010
793 254 18 22 0.010
666 478 18 23 0.010
983 625 14 20 0.010
176 427 20 24 0.010
675 255 16 22 0.010
2 247 16 23 0.010
