12_Group_Group_12_Group_Group_12_268
25
342 352 43 58 0.841
587 361 38 49 0.838
458 323 38 51 0.833
914 319 37 47 0.828
485 189 35 46 0.825
702 190 33 43 0.822
247 348 36 45 0.821
707 383 39 46 0.820
219 209 34 40 0.818
103 244 37 46 0.818
810 393 42 49 0.817
626 217 35 47 0.815
155 345 42 52 0.814
150 260 33 39 0.811
758 211 33 43 0.811
369 208 33 41 0.810
807 223 31 39 0.808
853 229 36 42 0.808
726 263 35 42 0.805
444 214 35 46 0.802
571 219 34 47 0.802
896 207 36 49 0.794
304 243 32 36 0.785
241 90 23 26 0.695
604 198 30 39 0.642
