12_Group_Large_Group_12_Group_Large_Group_12_107
24
717 372 41 49 0.852
386 313 37 48 0.850
189 379 40 52 0.846
758 198 34 44 0.846
636 311 34 45 0.840
298 323 35 44 0.839
590 204 34 45 0.837
232 175 36 45 0.832
469 377 36 44 0.831
510 202 35 43 0.825
546 294 36 46 0.824
838 192 37 46 0.824
466 201 30 35 0.823
301 202 34 40 0.823
433 239 33 41 0.823
644 214 32 39 0.819
549 191 29 38 0.814
161 204 35 43 0.811
346 213 29 40 0.807
410 204 30 36 0.805
617 180 30 33 0.781
78 214 46 54 0.761
700 193 31 42 0.716
914 199 16 19 0.013
