12_Group_Large_Group_12_Group_Large_Group_12_143
23
467 226 33 42 0.807
303 164 33 45 0.802
257 217 33 47 0.778
390 229 31 41 0.776
80 205 26 37 0.758
168 188 39 47 0.753
354 251 31 40 0.687
616 336 35 53 0.638
581 215 27 32 0.559
38 228 21 34 0.550
890 344 31 40 0.117
140 208 17 22 0.114
55 204 17 27 0.078
629 497 21 23 0.060
641 374 27 38 0.060
805 358 28 35 0.040
0 220 11 31 0.027
626 345 38 53 0.023
0 214 7 24 0.017
599 335 32 50 0.016
104 196 15 21 0.016
566 249 33 42 0.010
31 224 23 34 0.010
