13_Interview_Interview_Sequences_13_2
26
266 189 55 69 0.843
740 292 86 87 0.831
493 170 52 63 0.830
637 241 56 70 0.818
656 26 35 44 0.815
116 271 64 61 0.811
326 28 31 40 0.796
917 219 38 47 0.792
644 147 30 37 0.789
949 18 47 54 0.784
569 27 38 46 0.783
547 200 32 43 0.762
238 28 34 41 0.758
0 25 24 41 0.753
316 137 26 34 0.728
229 189 28 40 0.679
12 241 22 25 0.626
0 135 14 35 0.622
450 -1 35 18 0.580
119 -1 35 18 0.567
805 -1 38 26 0.326
1015 211 9 34 0.024
709 190 27 30 0.018
131 1 30 20 0.017
470 3 27 21 0.015
805 6 39 39 0.013
