13_Interview_Interview_Sequences_13_495
42
537 67 45 56 0.775
495 118 30 37 0.645
433 143 30 36 0.628
349 125 28 34 0.576
409 141 25 33 0.475
401 115 24 34 0.458
588 97 18 22 0.335
0 123 22 37 0.251
107 126 22 26 0.245
185 135 22 26 0.168
594 131 21 26 0.160
669 112 15 24 0.154
209 106 23 29 0.129
176 136 21 26 0.067
582 93 20 25 0.064
96 155 24 29 0.057
80 95 21 30 0.049
422 134 35 44 0.036
668 131 18 26 0.034
193 131 19 26 0.030
306 137 26 28 0.030
101 145 22 27 0.027
341 121 28 35 0.022
6 120 24 34 0.022
93 165 22 25 0.021
15 119 25 31 0.020
601 131 18 23 0.019
667 179 18 21 0.018
668 169 17 25 0.018
381 104 21 25 0.017
69 97 25 32 0.016
463 19 14 18 0.015
101 239 18 22 0.015
367 83 21 26 0.014
60 88 22 30 0.013
173 133 18 24 0.013
588 117 20 24 0.011
316 134 21 26 0.011
405 124 27 37 0.011
186 146 20 26 0.011
388 105 20 25 0.010
108 151 22 26 0.010
