13_Interview_Interview_2_People_Visible_13_325
28
292 118 39 58 0.807
368 639 32 34 0.755
227 519 12 17 0.670
498 581 15 17 0.655
455 571 12 13 0.555
158 526 9 11 0.548
423 571 10 12 0.536
102 523 10 12 0.501
178 525 11 14 0.501
140 526 9 11 0.483
88 507 9 10 0.402
69 487 13 17 0.352
195 533 8 10 0.337
286 554 7 9 0.292
109 519 8 11 0.119
113 514 8 10 0.112
150 78 41 46 0.101
270 553 6 9 0.095
288 553 5 8 0.095
268 553 6 8 0.060
251 72 40 39 0.033
321 558 5 6 0.031
72 484 12 16 0.030
408 612 16 20 0.029
66 498 11 14 0.020
116 528 8 10 0.016
302 552 5 5 0.013
492 580 9 11 0.011
