13_Interview_Interview_Sequences_13_867
81
382 250 243 354 0.899
284 401 36 49 0.779
998 369 16 21 0.664
880 427 23 30 0.664
174 419 21 27 0.650
10 439 17 23 0.647
23 459 20 26 0.639
240 415 21 24 0.624
217 454 20 28 0.616
881 329 18 20 0.506
628 40 10 13 0.416
575 71 9 11 0.416
555 70 10 12 0.393
718 25 12 15 0.354
598 62 10 12 0.334
649 39 10 13 0.327
754 4 10 13 0.300
1014 364 10 19 0.253
942 360 17 21 0.247
681 27 11 13 0.214
771 2 12 16 0.211
516 73 9 11 0.150
585 66 11 12 0.131
877 470 15 18 0.125
942 400 16 23 0.110
18 452 19 26 0.105
829 6 10 11 0.104
488 94 9 11 0.099
932 428 15 21 0.073
775 5 11 14 0.064
860 392 18 23 0.063
123 442 18 24 0.063
709 31 10 13 0.063
808 2 11 12 0.058
664 30 11 14 0.056
470 98 9 11 0.054
577 68 9 12 0.054
680 22 12 14 0.049
818 459 19 22 0.045
806 426 16 19 0.044
670 28 12 13 0.043
848 0 10 11 0.042
843 1 11 11 0.041
747 21 10 13 0.036
309 400 22 37 0.036
435 120 8 10 0.035
229 429 14 21 0.034
453 109 8 11 0.033
57 468 15 20 0.031
482 95 10 11 0.031
0 424 8 15 0.029
884 469 18 21 0.027
513 73 9 11 0.027
132 391 15 22 0.025
686 28 11 12 0.024
82 427 20 28 0.024
464 100 9 11 0.023
557 117 9 11 0.022
630 65 9 13 0.022
980 385 11 15 0.022
814 446 18 22 0.021
784 420 12 15 0.021
580 67 9 14 0.018
920 471 20 25 0.018
516 68 10 11 0.017
617 46 9 12 0.016
0 418 12 19 0.015
523 105 9 11 0.014
799 297 17 24 0.014
961 311 27 35 0.014
666 61 10 12 0.014
491 96 9 12 0.014
521 71 8 11 0.013
316 403 17 26 0.013
649 25 10 13 0.013
447 113 9 11 0.013
813 463 20 23 0.012
819 27 10 12 0.011
650 21 11 12 0.010
125 87 12 12 0.010
390 133 9 10 0.010
