13_Interview_Interview_2_People_Visible_13_252
33
620 29 62 81 0.856
872 10 64 84 0.834
324 557 47 58 0.828
109 552 46 62 0.823
32 26 54 69 0.803
577 508 34 42 0.789
865 523 32 39 0.785
804 271 34 45 0.785
84 283 29 35 0.741
502 282 26 29 0.733
272 265 23 27 0.721
436 13 22 27 0.716
226 15 30 38 0.685
20 260 26 30 0.670
546 350 20 25 0.194
623 309 24 24 0.174
305 360 24 33 0.111
780 234 26 25 0.085
367 301 19 24 0.034
116 6 33 39 0.033
991 319 17 20 0.031
413 307 18 22 0.029
630 326 22 22 0.027
247 253 16 20 0.025
627 318 21 22 0.023
459 286 20 27 0.020
287 299 23 29 0.019
911 360 18 22 0.016
25 298 22 25 0.015
646 300 20 21 0.014
381 293 20 28 0.013
750 243 15 18 0.011
538 238 22 26 0.011
