14_Traffic_Traffic_14_380
35
293 242 94 79 0.819
720 227 46 60 0.779
649 196 35 41 0.766
930 285 69 89 0.722
540 192 38 46 0.717
0 152 18 23 0.698
45 166 28 29 0.679
771 118 14 22 0.643
192 162 21 26 0.625
494 186 24 28 0.604
980 238 44 74 0.506
118 163 22 30 0.498
454 157 17 23 0.465
223 163 22 26 0.450
1006 149 12 19 0.300
818 210 37 56 0.151
402 178 21 30 0.139
392 146 16 18 0.096
108 145 19 27 0.081
894 211 44 53 0.065
1009 151 12 20 0.047
459 187 19 24 0.036
243 208 18 23 0.028
174 185 15 18 0.028
335 252 52 57 0.027
557 155 16 23 0.026
906 264 45 65 0.026
408 181 24 31 0.020
896 240 49 62 0.018
551 169 31 39 0.017
172 182 14 16 0.016
459 159 18 21 0.016
451 154 16 21 0.013
396 148 18 20 0.012
107 155 19 24 0.011
