14_Traffic_Traffic_14_170
339
370 737 9 10 0.547
500 645 7 10 0.507
315 535 7 9 0.501
304 600 7 9 0.478
334 678 7 9 0.412
516 623 6 8 0.405
352 605 6 8 0.383
252 528 7 8 0.375
420 625 6 8 0.354
369 479 6 8 0.330
377 511 6 7 0.279
254 411 6 7 0.253
853 608 7 8 0.247
532 703 7 9 0.226
208 392 6 7 0.207
251 443 5 7 0.198
155 703 7 9 0.197
374 435 6 8 0.186
364 426 6 7 0.184
321 478 5 6 0.178
515 333 6 8 0.168
490 297 7 7 0.150
367 480 6 7 0.134
268 458 5 7 0.133
366 273 6 6 0.132
832 584 7 8 0.130
967 478 7 9 0.127
248 564 6 7 0.124
363 512 6 8 0.119
476 345 6 7 0.119
514 624 6 8 0.115
451 347 5 7 0.111
376 435 6 8 0.110
449 407 6 8 0.108
304 560 6 8 0.107
379 317 5 7 0.100
933 634 7 9 0.098
306 561 5 7 0.092
487 670 7 8 0.091
954 565 7 9 0.089
550 392 5 7 0.087
430 699 7 8 0.085
430 361 7 7 0.085
746 571 6 9 0.082
513 335 5 8 0.081
547 392 5 6 0.081
479 345 5 7 0.080
402 302 5 7 0.074
303 448 5 6 0.072
210 392 6 6 0.070
849 630 7 9 0.069
335 269 5 6 0.069
352 477 5 6 0.068
629 628 6 7 0.068
503 645 7 10 0.067
252 411 6 6 0.065
428 266 5 6 0.065
155 380 5 7 0.063
157 703 8 9 0.063
195 371 5 7 0.063
601 520 6 8 0.063
951 616 7 10 0.063
969 599 8 9 0.061
352 475 6 6 0.061
748 568 6 7 0.061
432 700 7 8 0.060
267 457 5 6 0.059
418 291 5 7 0.059
337 678 6 10 0.059
254 526 7 8 0.058
517 380 6 8 0.057
506 342 5 7 0.057
608 391 6 7 0.057
437 260 5 6 0.054
193 374 6 6 0.054
282 266 6 6 0.053
552 419 6 7 0.053
382 317 5 6 0.053
855 607 8 10 0.053
465 303 5 6 0.052
355 437 5 7 0.052
345 491 5 7 0.052
206 392 6 7 0.050
614 453 6 7 0.050
1010 564 7 8 0.049
417 625 7 9 0.049
363 244 5 6 0.048
581 419 5 7 0.048
419 413 6 7 0.047
360 431 6 7 0.046
445 385 6 7 0.046
614 613 5 7 0.045
610 390 6 8 0.045
917 507 5 6 0.044
198 375 6 6 0.044
318 536 7 9 0.043
537 382 5 7 0.043
647 648 6 7 0.042
421 687 6 8 0.042
280 264 5 7 0.041
476 378 6 8 0.040
542 343 6 7 0.040
674 565 7 7 0.040
430 304 5 7 0.039
330 410 5 6 0.039
744 575 6 8 0.039
446 313 5 6 0.039
648 436 5 7 0.039
430 363 6 7 0.039
678 481 6 7 0.039
402 280 5 7 0.038
246 563 6 7 0.038
596 383 6 7 0.038
576 386 6 7 0.037
353 435 6 6 0.036
534 383 6 7 0.036
551 418 5 6 0.035
237 376 5 6 0.035
711 630 6 7 0.035
351 232 5 6 0.035
437 258 5 6 0.034
855 568 6 8 0.034
411 616 6 7 0.034
215 358 5 7 0.033
535 703 6 8 0.033
313 468 6 6 0.032
346 488 6 7 0.032
803 617 6 8 0.031
565 416 5 6 0.031
333 270 6 7 0.031
298 238 5 6 0.031
539 347 6 6 0.030
850 606 8 9 0.030
908 518 5 6 0.030
846 630 7 9 0.029
604 427 6 7 0.029
441 278 5 7 0.029
361 243 5 6 0.029
487 388 6 8 0.028
411 649 6 8 0.028
925 591 7 8 0.028
809 384 5 7 0.028
920 651 7 9 0.028
708 632 7 7 0.028
745 568 6 8 0.027
304 447 6 7 0.027
533 382 5 7 0.027
431 284 5 6 0.027
443 315 6 7 0.027
666 665 5 7 0.026
217 356 5 7 0.026
442 276 5 6 0.026
410 655 6 8 0.026
388 261 5 7 0.026
184 362 5 6 0.025
674 628 7 9 0.025
436 283 5 6 0.024
613 390 5 7 0.024
382 301 5 6 0.024
582 417 6 7 0.024
985 547 6 7 0.024
915 509 6 7 0.024
328 408 5 7 0.024
304 145 5 6 0.024
596 299 6 7 0.024
430 301 5 7 0.024
213 357 6 7 0.024
837 408 5 7 0.023
441 260 5 6 0.023
909 627 7 8 0.023
181 362 5 7 0.023
551 422 6 7 0.023
435 646 6 8 0.023
317 473 5 7 0.023
915 571 5 7 0.023
532 684 6 8 0.023
358 287 5 6 0.023
454 383 5 7 0.022
601 380 6 7 0.022
748 565 5 7 0.022
952 613 9 10 0.022
411 659 8 9 0.021
510 402 6 7 0.021
385 259 5 6 0.021
337 392 5 6 0.021
786 580 5 6 0.021
545 341 6 6 0.020
295 469 4 6 0.020
305 271 6 6 0.020
446 316 6 7 0.020
893 526 5 7 0.020
984 546 5 7 0.020
673 627 6 7 0.020
923 591 6 8 0.020
853 568 6 8 0.020
646 423 5 7 0.020
786 384 5 6 0.019
387 258 5 6 0.019
189 381 5 6 0.019
386 255 5 7 0.019
727 683 7 9 0.019
416 359 5 7 0.019
759 661 7 7 0.019
491 320 4 6 0.019
345 519 5 6 0.019
419 265 5 5 0.018
288 340 5 6 0.018
476 362 6 8 0.018
334 440 5 6 0.018
928 689 7 8 0.018
437 424 5 6 0.018
545 346 5 6 0.018
687 478 5 6 0.018
348 232 5 6 0.018
580 402 5 7 0.018
923 645 7 9 0.018
554 372 5 7 0.017
629 639 6 7 0.017
437 397 5 6 0.017
407 325 5 6 0.017
488 402 7 8 0.017
813 607 6 7 0.017
487 391 6 8 0.017
601 598 5 6 0.017
311 230 4 6 0.017
364 427 7 9 0.017
510 338 6 8 0.017
823 672 7 9 0.017
513 335 9 8 0.017
576 367 5 7 0.017
575 366 6 6 0.017
706 633 6 7 0.017
577 445 5 7 0.017
857 567 8 10 0.016
312 267 5 6 0.016
748 574 6 8 0.016
395 298 5 6 0.016
180 225 5 6 0.016
676 626 7 9 0.016
479 379 6 8 0.015
177 339 5 7 0.015
280 178 4 6 0.015
879 492 7 8 0.015
936 568 6 7 0.015
159 694 7 9 0.015
889 524 6 8 0.015
847 650 7 9 0.015
555 374 5 7 0.015
697 494 6 7 0.015
181 226 6 8 0.015
349 297 5 6 0.015
600 403 5 7 0.015
358 513 6 7 0.015
414 361 5 6 0.014
877 493 7 8 0.014
866 620 6 8 0.014
180 341 5 6 0.014
386 333 5 7 0.014
249 167 5 6 0.014
236 263 5 6 0.014
475 362 5 6 0.014
510 408 6 7 0.014
341 273 6 6 0.014
296 439 4 6 0.014
256 415 5 7 0.014
801 618 7 8 0.014
127 225 7 8 0.014
509 411 6 7 0.014
1011 589 6 8 0.014
747 663 7 7 0.013
524 363 5 7 0.013
447 290 5 6 0.013
801 615 6 8 0.013
334 384 5 6 0.013
468 391 6 7 0.013
607 427 5 7 0.013
342 520 6 7 0.013
977 511 6 8 0.013
506 416 5 7 0.013
418 410 5 7 0.013
878 476 6 7 0.013
372 228 5 6 0.013
970 478 6 8 0.013
436 397 5 7 0.013
649 649 5 7 0.013
328 281 5 6 0.013
783 580 5 7 0.013
526 363 6 7 0.013
133 168 5 8 0.012
596 424 6 7 0.012
919 508 5 6 0.012
654 534 6 7 0.012
629 542 5 6 0.012
346 298 5 6 0.012
315 266 5 5 0.012
646 426 6 7 0.012
341 521 5 7 0.012
1015 529 6 8 0.012
971 562 6 8 0.012
507 275 6 7 0.012
394 259 5 6 0.011
600 300 6 7 0.011
391 285 5 6 0.011
507 281 7 7 0.011
550 431 6 7 0.011
524 666 7 8 0.011
254 212 5 5 0.011
364 303 5 6 0.011
52 674 8 10 0.011
1013 528 6 8 0.011
281 177 5 6 0.011
988 582 6 9 0.011
925 537 5 7 0.011
600 599 5 7 0.011
378 316 7 9 0.011
605 389 8 10 0.011
352 318 5 6 0.011
573 446 6 8 0.011
811 608 5 7 0.011
652 535 6 8 0.011
179 434 5 6 0.011
544 730 6 9 0.011
175 342 5 7 0.011
577 401 5 7 0.011
451 349 6 7 0.011
542 732 7 8 0.011
343 219 5 6 0.011
473 323 5 6 0.011
650 538 6 7 0.011
558 375 5 7 0.011
345 217 5 6 0.011
134 168 6 7 0.011
152 256 6 7 0.011
410 651 8 10 0.011
410 326 5 6 0.010
469 378 6 7 0.010
132 699 8 9 0.010
345 428 5 6 0.010
614 567 7 8 0.010
