16_Award_Ceremony_Awards_Ceremony_16_231
28
424 142 132 157 0.869
557 101 120 165 0.841
36 139 45 55 0.800
127 148 64 57 0.772
904 154 18 25 0.698
792 141 18 23 0.658
713 136 18 22 0.567
100 142 26 38 0.492
299 132 14 20 0.485
87 116 17 21 0.448
926 132 18 23 0.342
755 211 26 36 0.259
900 261 24 28 0.214
2 206 26 38 0.179
1016 147 8 25 0.174
866 243 25 31 0.089
739 159 16 19 0.056
833 275 19 24 0.049
0 162 12 37 0.027
919 120 14 18 0.022
888 283 26 31 0.016
1014 161 11 26 0.014
126 100 16 20 0.014
838 271 17 25 0.013
855 297 25 30 0.012
124 105 15 20 0.011
0 175 11 43 0.011
828 287 26 36 0.011
