16_Award_Ceremony_Awards_Ceremony_16_141
24
91 256 38 56 0.802
390 236 46 56 0.791
187 275 36 49 0.788
138 260 39 54 0.779
343 245 41 61 0.777
635 320 22 29 0.775
0 226 32 61 0.764
543 296 25 37 0.726
428 257 35 58 0.687
20 243 35 59 0.679
282 55 45 76 0.568
462 259 31 44 0.550
568 309 23 36 0.541
604 310 25 33 0.496
501 282 25 40 0.477
34 303 24 38 0.350
118 260 42 55 0.340
440 255 38 51 0.249
490 277 25 42 0.111
509 287 23 37 0.084
430 278 28 41 0.032
493 287 26 41 0.023
397 463 40 42 0.018
368 231 61 73 0.011
