16_Award_Ceremony_Awards_Ceremony_16_73
144
725 87 42 56 0.833
259 120 37 49 0.820
615 142 40 55 0.820
409 143 37 51 0.812
203 53 19 25 0.783
317 73 33 40 0.751
91 71 18 25 0.700
267 77 17 22 0.690
720 40 19 22 0.687
638 45 14 18 0.677
624 71 15 19 0.662
865 37 15 19 0.656
603 20 15 18 0.652
593 76 15 19 0.647
641 79 15 20 0.647
701 0 15 18 0.641
492 60 17 20 0.641
6 80 16 19 0.639
569 77 15 18 0.634
721 13 15 19 0.631
617 29 15 18 0.617
699 41 15 20 0.613
471 28 15 17 0.609
240 58 15 17 0.598
570 51 15 18 0.593
345 37 12 15 0.586
988 33 15 20 0.584
366 48 14 18 0.584
813 30 13 18 0.584
185 66 16 22 0.579
565 28 15 19 0.575
610 60 14 20 0.572
538 45 15 19 0.568
852 20 14 18 0.563
772 0 13 15 0.561
461 58 15 20 0.554
654 21 15 19 0.552
445 52 15 21 0.550
687 26 13 16 0.543
20 75 17 22 0.540
991 0 14 17 0.531
170 57 14 16 0.530
656 65 14 17 0.522
535 67 13 17 0.508
891 33 13 17 0.490
239 82 14 20 0.488
431 79 15 18 0.474
973 21 13 16 0.472
415 61 14 24 0.463
749 39 14 18 0.429
140 60 17 21 0.384
876 16 12 15 0.379
345 86 17 22 0.329
583 20 12 15 0.291
790 34 12 17 0.291
347 61 16 19 0.285
835 36 12 17 0.283
1004 20 13 16 0.255
973 37 12 15 0.243
642 15 15 18 0.220
700 28 14 18 0.217
907 113 18 33 0.210
154 75 16 21 0.195
456 39 13 17 0.184
52 62 16 21 0.172
493 25 12 14 0.171
338 81 23 30 0.168
528 35 13 15 0.163
422 55 14 21 0.130
132 60 15 21 0.114
227 67 14 18 0.113
195 61 18 23 0.108
390 34 13 15 0.103
656 39 15 19 0.091
560 29 14 17 0.089
420 48 13 17 0.089
643 43 15 20 0.086
392 37 13 17 0.078
588 46 11 14 0.070
920 33 13 16 0.068
143 63 17 23 0.068
77 51 12 16 0.066
368 77 16 22 0.063
123 64 14 19 0.060
10 74 16 22 0.056
539 70 13 17 0.055
753 42 14 19 0.054
354 84 15 21 0.053
642 8 14 15 0.050
669 50 13 17 0.050
452 38 14 15 0.046
249 68 13 18 0.044
547 79 12 16 0.043
600 43 15 17 0.041
1002 76 12 15 0.040
283 76 13 17 0.039
785 38 12 16 0.038
639 14 12 16 0.038
0 71 12 20 0.037
759 28 10 15 0.037
525 66 14 17 0.034
273 58 10 14 0.033
719 23 16 22 0.031
373 78 18 22 0.030
441 41 12 16 0.030
52 58 15 17 0.030
81 53 14 19 0.029
0 145 8 23 0.027
803 18 11 14 0.027
590 0 14 13 0.026
996 70 13 17 0.026
78 57 14 20 0.025
14 63 14 16 0.025
123 59 15 17 0.024
805 22 12 17 0.023
892 58 11 14 0.023
759 -3 10 11 0.021
348 35 11 14 0.021
624 -2 11 11 0.021
542 49 15 18 0.020
491 39 14 17 0.020
512 62 14 17 0.020
892 51 11 15 0.019
47 66 14 19 0.019
440 75 13 17 0.018
817 51 11 16 0.017
393 43 12 18 0.017
57 59 15 17 0.016
723 28 17 21 0.016
780 25 11 16 0.016
552 26 13 14 0.015
125 68 14 20 0.015
526 57 14 18 0.015
741 6 11 16 0.015
915 35 12 16 0.014
342 92 18 21 0.014
166 54 18 24 0.014
757 3 12 13 0.013
74 47 12 15 0.012
549 3 12 12 0.011
819 66 12 16 0.011
111 72 14 20 0.011
127 94 14 19 0.011
1016 6 8 15 0.011
