17_Ceremony_Ceremony_17_592
45
164 256 29 34 0.717
510 287 14 17 0.681
6 370 16 20 0.680
301 282 15 20 0.678
59 307 17 22 0.672
593 320 11 13 0.572
693 184 31 44 0.551
552 302 12 15 0.504
789 338 11 14 0.405
707 350 8 11 0.370
854 128 24 31 0.213
786 337 11 14 0.195
207 308 12 17 0.149
105 320 11 15 0.135
196 337 16 18 0.102
401 285 16 20 0.092
93 348 12 15 0.075
729 321 10 11 0.073
425 302 14 16 0.069
399 281 14 20 0.066
705 348 9 10 0.056
269 294 9 10 0.053
555 320 9 11 0.045
266 344 11 12 0.037
204 311 12 15 0.033
602 321 9 11 0.031
277 332 11 14 0.030
270 339 12 14 0.028
280 286 9 11 0.028
609 323 9 12 0.026
229 325 14 16 0.023
218 325 14 17 0.022
224 324 14 18 0.021
178 252 24 31 0.019
98 324 13 16 0.017
200 342 15 16 0.017
594 287 12 14 0.016
241 306 10 13 0.015
849 124 33 45 0.014
237 298 8 11 0.013
237 301 10 14 0.013
265 402 8 10 0.012
653 293 15 17 0.011
764 352 8 12 0.011
782 324 8 12 0.010
