17_Ceremony_Ceremony_17_46
27
110 120 20 26 0.700
67 133 15 19 0.646
267 142 14 24 0.645
748 242 9 11 0.333
354 276 13 15 0.226
889 363 12 13 0.145
892 364 12 14 0.081
452 138 13 16 0.078
813 307 8 12 0.071
751 244 9 10 0.067
704 130 11 13 0.061
457 128 12 17 0.057
451 143 12 14 0.054
764 266 9 12 0.028
701 160 9 10 0.027
686 136 11 12 0.026
67 480 19 21 0.026
886 365 14 17 0.024
683 138 10 12 0.023
696 130 12 13 0.017
435 141 12 13 0.016
688 154 9 11 0.014
227 375 12 14 0.013
762 269 10 11 0.012
707 131 10 12 0.011
486 152 8 9 0.011
705 126 11 13 0.011
