17_Ceremony_Ceremony_17_218
47
764 460 41 60 0.856
513 517 47 65 0.856
325 481 38 48 0.852
40 418 35 43 0.850
46 515 42 53 0.849
247 496 44 59 0.849
12 365 35 45 0.846
643 471 45 60 0.846
68 457 44 54 0.840
197 428 43 57 0.839
549 432 32 40 0.838
892 505 41 50 0.837
389 529 42 52 0.835
364 408 38 45 0.829
493 399 32 41 0.829
940 485 37 43 0.829
253 383 34 42 0.828
856 421 33 41 0.828
705 425 34 39 0.827
55 312 34 44 0.823
134 549 43 54 0.823
924 350 31 37 0.821
155 366 35 42 0.821
463 459 33 39 0.821
963 421 34 38 0.817
999 361 25 43 0.816
292 318 31 40 0.810
869 373 33 38 0.810
823 326 31 37 0.805
182 310 33 40 0.803
763 362 29 35 0.801
641 323 28 34 0.800
632 437 31 38 0.794
564 330 26 35 0.791
724 302 26 33 0.788
513 329 28 34 0.773
802 461 30 40 0.766
368 361 33 36 0.759
909 680 71 62 0.706
1008 544 16 45 0.706
2 697 74 73 0.500
788 456 37 55 0.174
0 673 18 73 0.046
0 665 10 35 0.044
-1 708 48 62 0.040
0 668 8 21 0.035
0 678 9 42 0.023
