17_Ceremony_Ceremony_17_944
50
473 426 12 17 0.663
841 456 12 17 0.654
812 457 13 17 0.650
173 469 12 17 0.631
516 425 12 16 0.629
200 465 11 16 0.619
0 524 17 28 0.567
757 451 10 17 0.548
277 474 10 17 0.529
234 460 11 18 0.509
153 465 9 15 0.465
954 551 20 40 0.354
822 455 13 17 0.221
179 468 12 16 0.215
158 467 11 15 0.193
636 448 8 16 0.168
705 542 24 24 0.135
130 573 14 29 0.106
545 436 7 11 0.087
277 529 10 19 0.082
230 462 12 17 0.080
882 526 12 20 0.078
587 500 8 13 0.074
888 603 24 40 0.067
65 536 14 26 0.066
172 520 12 19 0.052
10 534 16 23 0.042
169 524 12 20 0.041
12 543 16 19 0.029
159 538 13 18 0.024
210 533 11 20 0.023
506 411 8 12 0.022
542 431 9 12 0.022
274 522 11 20 0.021
585 497 9 13 0.021
279 527 11 20 0.018
273 501 11 17 0.018
495 433 8 11 0.016
889 590 22 38 0.016
128 564 16 29 0.015
1011 551 12 32 0.015
520 425 10 15 0.015
827 530 12 22 0.014
491 437 8 11 0.014
880 575 20 31 0.014
879 606 24 40 0.013
136 573 15 29 0.012
155 490 11 16 0.011
573 436 5 7 0.011
542 427 7 11 0.011
