17_Ceremony_Ceremony_17_171
51
255 241 68 88 0.864
962 165 62 101 0.856
518 322 94 116 0.853
24 219 59 75 0.846
646 302 100 143 0.841
937 378 88 148 0.840
634 155 59 65 0.838
150 234 50 66 0.832
397 305 87 101 0.831
199 235 57 77 0.831
334 141 51 64 0.818
93 124 33 44 0.811
580 -1 33 41 0.810
478 164 53 75 0.808
266 54 36 47 0.807
245 151 38 48 0.802
764 52 46 71 0.797
302 155 38 54 0.794
515 83 45 53 0.791
152 48 33 41 0.782
525 20 36 46 0.781
7 129 39 47 0.768
290 31 32 42 0.767
667 75 43 56 0.760
355 270 59 86 0.738
720 68 50 67 0.718
455 136 48 62 0.709
864 234 65 85 0.695
693 182 58 68 0.684
145 84 20 29 0.424
0 240 8 58 0.169
51 132 32 38 0.142
117 177 38 62 0.135
746 192 71 71 0.125
611 91 37 52 0.077
712 0 28 30 0.069
742 -3 38 40 0.033
595 109 39 49 0.032
533 13 43 47 0.031
601 -4 28 28 0.029
974 60 48 74 0.026
2 235 9 50 0.023
110 296 43 57 0.021
608 164 31 49 0.020
244 62 22 35 0.017
626 78 45 54 0.016
0 77 10 32 0.015
623 3 44 51 0.015
688 11 36 41 0.011
966 79 50 69 0.011
454 65 38 47 0.011
