18_Concerts_Concerts_18_504
129
337 630 40 49 0.768
522 614 36 45 0.743
611 472 23 27 0.669
776 470 19 24 0.636
124 387 14 20 0.593
288 414 15 22 0.543
796 372 15 19 0.527
562 663 24 21 0.418
747 654 21 28 0.372
687 396 12 16 0.348
505 541 18 25 0.312
807 334 9 11 0.289
206 400 13 22 0.288
115 581 14 18 0.282
185 386 14 18 0.253
792 330 11 13 0.239
159 558 16 29 0.200
88 406 8 11 0.193
722 315 12 14 0.188
453 412 11 14 0.185
939 279 10 12 0.171
854 341 9 11 0.164
285 394 11 16 0.156
991 281 9 12 0.156
0 417 9 12 0.148
832 338 9 10 0.141
832 395 19 23 0.132
39 408 10 12 0.110
803 333 10 12 0.104
968 290 8 10 0.096
742 331 10 12 0.094
677 369 11 14 0.092
612 384 11 14 0.088
511 398 9 11 0.081
610 577 15 14 0.072
199 399 13 20 0.068
802 574 14 18 0.068
828 398 20 26 0.066
18 411 7 9 0.065
485 409 11 12 0.062
536 392 10 12 0.060
556 453 11 15 0.051
641 350 9 12 0.051
471 392 10 11 0.049
532 392 10 12 0.048
970 269 9 11 0.046
599 462 14 18 0.045
811 332 10 12 0.044
726 356 11 14 0.043
524 387 9 12 0.042
608 385 12 13 0.042
161 572 18 23 0.042
912 283 7 8 0.042
871 345 9 10 0.042
619 556 20 24 0.041
994 282 9 13 0.040
891 280 9 10 0.039
914 281 7 9 0.039
758 342 11 12 0.037
851 340 9 12 0.035
967 287 7 11 0.034
582 433 11 14 0.034
900 347 9 10 0.032
682 555 17 22 0.032
193 400 13 17 0.032
172 375 10 13 0.031
257 545 18 23 0.030
252 383 11 13 0.030
939 274 11 14 0.029
773 331 8 10 0.027
986 312 9 13 0.025
757 339 9 12 0.025
989 327 11 14 0.024
971 279 9 12 0.023
624 385 11 15 0.023
611 547 19 25 0.023
889 281 9 11 0.023
472 397 10 13 0.023
686 366 11 14 0.023
972 292 9 10 0.023
946 272 11 13 0.022
727 311 12 14 0.021
832 389 17 22 0.019
335 386 10 13 0.019
622 549 19 24 0.019
989 418 18 22 0.018
776 389 12 14 0.018
685 400 11 16 0.018
944 280 10 12 0.018
51 382 6 7 0.017
822 328 9 10 0.016
840 392 17 20 0.016
84 408 8 10 0.016
673 311 10 11 0.016
188 396 12 16 0.016
464 361 10 12 0.015
153 380 7 9 0.015
393 395 9 13 0.015
152 410 9 11 0.015
723 536 15 13 0.015
503 534 15 24 0.015
756 539 13 14 0.014
628 396 13 16 0.014
594 386 10 13 0.014
687 559 16 19 0.014
397 399 11 13 0.014
771 469 17 23 0.014
849 313 9 10 0.014
633 400 13 16 0.013
672 372 11 13 0.013
653 363 10 12 0.013
613 364 9 11 0.013
796 574 16 20 0.013
766 401 13 16 0.013
690 365 9 11 0.013
512 401 10 12 0.012
782 324 9 12 0.012
381 370 7 8 0.011
332 389 9 12 0.011
281 396 11 14 0.011
1014 360 8 13 0.011
795 348 10 14 0.011
518 399 10 12 0.011
820 395 16 19 0.011
598 457 13 16 0.011
204 659 28 22 0.011
489 397 8 10 0.011
197 367 8 11 0.010
212 405 13 19 0.010
