18_Concerts_Concerts_18_920
78
824 573 10 14 0.613
753 626 11 13 0.595
280 505 15 20 0.593
903 564 11 13 0.593
617 605 12 15 0.589
770 623 10 13 0.589
868 573 11 13 0.559
930 560 10 13 0.556
981 586 12 13 0.555
758 570 9 12 0.552
851 557 11 13 0.508
819 528 8 11 0.489
909 520 9 10 0.479
904 485 8 10 0.389
896 607 12 15 0.370
620 566 8 9 0.360
589 563 8 9 0.338
235 614 23 43 0.324
949 523 9 9 0.322
868 524 8 10 0.289
792 550 7 8 0.242
575 569 6 8 0.187
866 570 11 13 0.167
852 499 9 10 0.165
767 537 8 9 0.152
1003 518 10 11 0.134
877 666 11 13 0.132
742 602 9 12 0.131
665 564 8 10 0.125
801 555 8 10 0.092
197 562 9 11 0.089
855 498 8 10 0.085
804 556 8 10 0.073
572 570 7 9 0.068
872 542 9 11 0.066
1003 480 8 9 0.065
666 567 8 9 0.063
830 553 9 11 0.055
868 540 9 11 0.055
861 543 10 13 0.048
789 549 7 9 0.047
633 567 6 7 0.047
912 518 9 11 0.045
280 537 11 15 0.038
754 598 10 12 0.038
822 529 8 10 0.038
875 540 8 11 0.035
155 565 9 11 0.034
244 631 20 33 0.034
590 566 7 9 0.034
834 549 8 11 0.029
682 655 11 12 0.029
759 598 10 13 0.029
872 574 11 12 0.028
570 568 8 10 0.028
741 604 7 10 0.028
670 564 8 9 0.027
763 537 7 10 0.025
861 517 9 11 0.024
852 504 8 11 0.022
761 559 9 10 0.021
629 567 7 8 0.021
914 537 9 12 0.019
616 567 7 9 0.019
250 641 16 25 0.019
158 565 8 11 0.018
243 621 17 28 0.016
747 625 10 12 0.015
1005 482 7 9 0.015
922 568 10 13 0.015
196 567 9 12 0.015
906 490 8 9 0.012
365 0 68 55 0.012
1000 480 7 9 0.012
879 663 11 14 0.011
740 639 10 12 0.011
863 573 11 13 0.010
903 489 8 10 0.010
