18_Concerts_Concerts_18_602
134
897 482 43 56 0.826
407 392 18 25 0.793
556 383 33 45 0.784
938 376 37 49 0.784
308 385 27 36 0.773
329 506 38 55 0.769
480 400 26 31 0.767
457 490 31 39 0.749
297 530 39 54 0.748
260 536 29 44 0.738
368 393 30 40 0.728
76 419 24 29 0.726
249 303 19 25 0.724
344 380 20 24 0.704
191 362 18 21 0.700
740 375 18 21 0.689
773 333 16 21 0.685
142 255 14 20 0.683
23 338 15 20 0.672
873 372 19 24 0.670
51 380 21 29 0.664
263 260 14 17 0.658
168 402 25 33 0.655
838 340 16 21 0.654
107 256 14 17 0.653
232 299 15 20 0.650
40 345 17 22 0.650
682 353 12 20 0.629
51 264 12 17 0.625
439 327 12 19 0.624
453 346 16 20 0.621
567 331 14 16 0.619
712 340 16 20 0.619
133 393 16 22 0.610
301 254 13 16 0.603
189 262 12 17 0.581
513 395 19 27 0.563
520 322 15 18 0.561
396 325 12 16 0.556
521 338 15 19 0.552
141 405 22 28 0.541
409 288 11 15 0.536
615 266 11 14 0.532
337 332 16 19 0.523
483 259 10 16 0.520
211 274 11 15 0.492
546 277 9 14 0.476
582 258 10 16 0.447
652 347 17 19 0.443
369 273 11 16 0.439
900 349 14 18 0.381
473 359 20 25 0.354
509 376 18 22 0.317
169 268 12 15 0.306
218 271 12 16 0.294
924 339 14 19 0.288
0 279 7 19 0.282
334 269 10 14 0.273
994 344 13 17 0.229
670 339 14 20 0.208
114 405 15 20 0.193
342 332 17 18 0.168
606 336 14 16 0.134
392 296 10 13 0.132
376 302 10 14 0.126
165 264 11 16 0.120
383 276 9 13 0.119
293 239 9 11 0.117
877 341 12 15 0.117
328 268 11 15 0.109
711 331 15 17 0.108
437 290 9 11 0.098
590 373 18 25 0.086
213 273 13 17 0.073
611 337 14 16 0.072
452 289 8 12 0.072
322 268 12 14 0.059
397 359 15 21 0.056
0 259 8 16 0.054
0 385 12 25 0.050
737 354 14 16 0.048
442 289 10 12 0.048
401 356 14 18 0.048
403 360 15 18 0.047
931 341 12 15 0.047
675 337 12 16 0.045
508 305 9 12 0.041
595 376 19 22 0.040
350 333 15 18 0.036
436 307 10 13 0.034
704 389 14 16 0.033
896 354 15 21 0.033
921 353 16 18 0.029
618 343 13 17 0.027
182 263 10 14 0.027
323 259 9 12 0.023
411 319 10 15 0.023
482 304 10 11 0.022
176 267 10 14 0.020
552 305 9 14 0.019
389 349 15 21 0.018
238 298 14 20 0.018
650 354 16 18 0.017
3 277 10 17 0.017
703 338 10 14 0.017
398 367 17 22 0.017
1001 343 11 16 0.017
0 394 12 24 0.016
505 304 7 10 0.016
169 264 11 14 0.015
905 345 13 17 0.015
439 278 8 11 0.015
740 351 11 14 0.015
337 274 9 13 0.014
929 346 12 17 0.014
391 361 18 24 0.013
583 373 28 33 0.013
435 281 9 12 0.013
622 289 9 12 0.013
737 363 15 19 0.013
391 270 7 10 0.013
505 307 9 12 0.013
1004 268 7 8 0.013
387 346 14 18 0.012
993 349 13 19 0.012
576 260 10 14 0.012
624 286 10 13 0.012
879 344 15 19 0.012
407 296 10 15 0.011
391 343 11 17 0.011
329 258 7 9 0.011
934 362 12 16 0.011
405 367 14 21 0.010
973 370 19 24 0.010
