19_Couple_Couple_19_743
24
524 276 33 40 0.784
448 305 30 35 0.781
670 393 28 32 0.779
403 303 32 40 0.777
858 299 32 43 0.771
697 409 30 37 0.763
802 300 35 39 0.763
127 316 28 36 0.748
156 309 28 34 0.711
180 471 23 35 0.693
759 210 24 29 0.686
278 412 23 38 0.615
318 212 23 26 0.600
635 322 21 28 0.571
520 468 19 27 0.236
625 296 17 19 0.065
508 475 24 25 0.039
599 313 21 24 0.030
600 378 24 27 0.022
597 297 18 23 0.021
484 556 28 22 0.020
574 310 17 21 0.019
682 574 27 38 0.015
636 305 16 22 0.013
