1_Handshaking_Handshaking_1_602
58
914 269 12 16 0.625
841 236 12 14 0.617
753 244 8 12 0.577
251 346 27 25 0.571
376 241 13 18 0.566
118 304 21 18 0.559
610 228 9 12 0.538
509 224 9 11 0.536
292 286 16 17 0.508
723 258 13 16 0.501
645 223 10 12 0.497
477 217 8 11 0.494
138 198 8 10 0.492
190 188 9 10 0.483
438 232 9 11 0.480
676 302 14 23 0.467
547 225 8 10 0.461
577 218 9 11 0.448
686 227 10 12 0.432
717 237 9 11 0.332
682 228 10 13 0.312
678 230 8 12 0.266
617 296 13 17 0.236
924 247 13 16 0.177
408 331 23 19 0.172
677 245 10 13 0.160
640 245 10 12 0.152
667 249 9 12 0.084
720 235 10 11 0.075
887 263 10 11 0.069
618 302 14 15 0.068
839 238 10 14 0.066
921 244 11 17 0.054
559 356 12 18 0.051
928 248 15 19 0.051
720 239 9 12 0.051
938 246 15 19 0.040
473 261 13 14 0.037
403 327 20 19 0.035
682 244 10 14 0.033
643 243 9 12 0.029
553 336 15 24 0.029
139 200 8 11 0.025
617 290 11 19 0.024
825 266 8 11 0.023
665 251 9 12 0.023
772 256 9 11 0.023
400 325 17 18 0.020
111 303 16 17 0.017
614 293 11 18 0.016
750 243 9 11 0.015
557 348 14 24 0.015
103 307 16 16 0.014
411 335 25 20 0.012
641 223 9 12 0.012
286 287 15 17 0.012
579 238 8 11 0.011
556 332 13 21 0.011
