1_Handshaking_Handshaking_1_356
55
128 601 125 153 0.847
667 201 138 206 0.812
306 382 37 40 0.698
599 410 27 38 0.640
605 291 15 20 0.566
572 298 17 22 0.547
660 358 14 18 0.508
271 383 23 38 0.496
431 285 15 20 0.393
493 299 11 13 0.274
449 307 11 14 0.230
648 301 11 16 0.216
415 286 13 17 0.189
358 306 11 14 0.179
618 324 13 16 0.155
104 292 10 12 0.144
488 299 11 13 0.142
583 413 23 34 0.135
144 252 10 13 0.103
617 315 14 20 0.080
519 424 19 23 0.074
654 355 15 19 0.069
508 306 9 12 0.060
612 303 14 18 0.058
655 308 9 12 0.057
59 289 10 11 0.056
631 359 12 17 0.054
108 292 9 12 0.050
105 296 9 12 0.050
240 329 10 11 0.047
702 415 16 18 0.046
547 309 10 12 0.044
159 274 10 12 0.043
411 287 12 16 0.042
144 255 12 14 0.039
363 306 10 13 0.038
246 301 10 13 0.023
711 436 20 24 0.022
415 292 13 15 0.019
8 289 9 11 0.018
524 420 18 24 0.018
94 268 9 11 0.018
609 289 13 18 0.017
282 380 23 34 0.017
277 388 23 35 0.016
522 427 21 24 0.016
143 248 11 13 0.016
149 265 10 13 0.015
247 298 11 14 0.015
352 305 10 14 0.015
241 323 11 14 0.014
654 313 11 14 0.013
78 254 9 11 0.012
442 301 13 16 0.011
38 287 9 11 0.010
