20_Family_Group_Family_Group_20_294
24
843 254 33 39 0.820
679 259 31 37 0.818
387 314 31 34 0.811
652 362 31 35 0.811
776 270 33 42 0.810
791 189 34 45 0.810
655 218 29 35 0.809
280 219 36 42 0.808
484 206 33 42 0.805
465 304 32 36 0.805
175 183 33 40 0.805
551 361 29 34 0.803
563 275 32 39 0.802
701 195 31 38 0.800
238 335 31 36 0.797
743 247 30 42 0.792
353 232 34 45 0.790
137 387 38 49 0.781
535 176 32 38 0.777
583 228 30 35 0.774
397 184 31 38 0.771
213 234 38 44 0.729
384 227 30 41 0.697
118 265 32 34 0.684
