21_Festival_Festival_21_378
145
636 241 21 27 0.756
89 268 14 18 0.695
969 217 11 13 0.612
546 227 10 12 0.607
192 211 10 13 0.605
838 273 11 13 0.602
821 219 12 13 0.601
234 223 9 11 0.584
744 214 11 14 0.584
873 224 11 13 0.581
780 215 10 13 0.579
914 229 11 14 0.577
997 235 10 13 0.572
126 229 10 13 0.572
764 291 10 14 0.568
61 285 12 14 0.563
4 192 11 14 0.559
859 220 11 13 0.559
682 226 9 11 0.554
708 221 9 11 0.552
171 213 10 12 0.548
446 211 11 13 0.545
80 210 10 13 0.543
351 214 9 12 0.538
897 276 20 24 0.531
209 202 9 12 0.529
629 221 10 12 0.527
720 217 10 13 0.523
479 214 10 13 0.519
31 209 9 12 0.512
596 224 9 11 0.504
896 225 10 12 0.499
137 209 10 12 0.486
259 217 9 11 0.481
334 205 11 12 0.480
382 220 10 12 0.470
47 212 10 12 0.461
520 217 10 13 0.448
838 226 10 11 0.441
366 217 10 12 0.437
256 204 9 11 0.434
375 204 10 12 0.432
224 208 8 10 0.432
543 215 8 10 0.418
119 206 9 11 0.416
581 215 8 11 0.397
61 207 8 11 0.380
466 221 8 11 0.374
422 273 12 13 0.372
424 221 8 10 0.347
404 215 10 14 0.347
290 211 10 12 0.337
282 203 10 12 0.325
947 220 8 11 0.321
363 206 9 11 0.316
805 223 10 13 0.312
302 206 9 11 0.300
283 206 11 12 0.293
693 213 8 11 0.273
96 207 9 11 0.267
310 263 9 12 0.263
400 215 10 14 0.233
149 210 8 10 0.217
759 222 9 10 0.211
92 207 9 11 0.199
704 221 10 12 0.188
298 206 10 11 0.170
152 210 7 9 0.159
710 219 11 13 0.155
44 214 10 11 0.153
505 216 7 9 0.145
14 196 9 11 0.143
321 209 7 9 0.142
369 219 10 12 0.137
668 231 7 9 0.130
287 209 10 12 0.129
694 211 9 10 0.125
90 209 9 12 0.109
306 208 9 10 0.091
966 236 10 12 0.082
153 211 9 10 0.078
412 203 7 10 0.075
486 214 9 12 0.069
430 212 8 11 0.064
692 212 8 9 0.063
570 216 7 8 0.061
566 224 7 10 0.060
667 230 7 7 0.060
502 216 9 11 0.055
574 216 8 10 0.052
968 221 12 14 0.049
411 207 8 11 0.049
268 204 9 11 0.047
101 209 8 10 0.046
619 221 8 11 0.044
63 206 7 9 0.043
463 216 9 10 0.041
223 205 8 10 0.038
307 262 9 12 0.037
197 236 8 10 0.034
321 205 8 10 0.034
865 245 10 11 0.032
245 207 8 10 0.031
932 228 8 11 0.030
1017 235 6 12 0.028
58 206 8 9 0.028
881 251 11 12 0.027
2 219 8 11 0.027
619 216 6 9 0.025
807 218 8 10 0.024
943 239 10 12 0.024
582 236 8 10 0.024
5 219 9 11 0.023
629 215 8 10 0.022
645 224 8 10 0.022
551 216 7 9 0.022
1016 227 7 11 0.022
18 197 8 10 0.021
607 217 6 8 0.021
618 242 10 14 0.020
827 293 9 12 0.019
920 229 9 12 0.018
66 286 11 12 0.018
560 547 46 36 0.018
900 238 9 11 0.018
57 283 12 14 0.017
765 221 8 10 0.015
1015 260 8 14 0.014
480 311 10 12 0.014
895 289 20 20 0.013
586 217 7 9 0.013
131 229 10 12 0.013
104 205 7 9 0.012
426 276 11 12 0.012
666 217 7 8 0.011
993 224 7 9 0.011
348 204 8 9 0.011
13 159 5 6 0.011
8 182 8 10 0.011
664 220 6 8 0.011
996 324 15 18 0.011
113 225 9 11 0.011
896 296 15 14 0.010
1009 245 10 14 0.010
407 219 9 12 0.010
