21_Festival_Festival_21_22
339
209 490 33 51 0.753
916 399 12 17 0.563
354 446 13 25 0.501
320 493 18 32 0.489
270 543 24 35 0.388
451 266 7 9 0.384
182 470 16 27 0.375
323 265 8 9 0.370
337 440 14 23 0.345
603 365 9 13 0.220
981 409 12 17 0.220
708 193 6 8 0.216
412 266 7 9 0.212
802 344 8 11 0.193
1014 321 7 9 0.192
625 203 6 7 0.168
888 459 11 20 0.160
372 275 7 8 0.142
936 419 14 18 0.135
201 276 7 9 0.134
279 427 13 20 0.123
754 304 7 9 0.119
415 265 7 9 0.117
117 270 7 9 0.111
297 267 7 9 0.107
1013 320 6 8 0.102
348 443 14 26 0.099
959 287 6 7 0.096
706 193 6 8 0.096
984 382 13 17 0.093
886 374 9 14 0.089
885 330 7 8 0.088
70 284 8 10 0.085
351 378 14 17 0.083
165 279 7 9 0.075
747 278 6 8 0.073
95 276 7 8 0.071
901 335 8 10 0.070
411 263 8 9 0.068
279 243 6 7 0.068
527 350 8 11 0.066
182 273 6 8 0.066
629 196 6 8 0.063
977 292 6 7 0.063
800 342 9 12 0.062
957 288 6 7 0.060
735 178 6 7 0.058
980 384 11 15 0.056
396 269 6 9 0.056
458 300 8 10 0.056
939 403 10 15 0.055
912 420 11 17 0.055
627 201 7 10 0.055
979 292 6 7 0.054
902 275 6 7 0.053
561 373 8 12 0.053
393 267 7 8 0.052
716 286 6 7 0.051
308 287 7 9 0.050
921 279 5 7 0.050
756 303 8 10 0.050
798 287 7 8 0.049
940 300 5 7 0.049
696 309 8 10 0.049
976 340 6 8 0.048
887 515 16 29 0.048
73 283 8 9 0.048
845 291 6 8 0.047
795 274 6 7 0.047
844 312 7 8 0.046
232 459 22 24 0.046
707 320 7 9 0.046
169 275 6 8 0.045
199 276 6 8 0.044
423 261 6 8 0.042
358 403 10 17 0.042
925 300 6 7 0.042
623 220 6 8 0.042
504 278 7 10 0.041
0 509 14 46 0.040
177 347 17 23 0.040
1014 349 7 10 0.040
355 280 8 8 0.039
267 255 6 7 0.039
203 275 7 9 0.038
25 315 13 16 0.038
624 215 6 9 0.037
266 532 24 39 0.037
69 249 6 7 0.036
184 458 15 30 0.036
595 474 18 24 0.036
1008 483 13 20 0.035
1016 301 5 6 0.034
171 344 17 24 0.034
29 313 12 17 0.034
525 355 9 13 0.034
181 284 7 8 0.034
623 198 6 8 0.034
496 456 13 21 0.033
765 298 7 9 0.033
737 287 6 8 0.033
605 318 7 10 0.033
406 287 8 9 0.032
982 434 11 18 0.032
636 200 6 7 0.032
979 339 6 8 0.031
999 275 5 6 0.031
567 262 7 8 0.031
935 322 6 8 0.030
709 195 6 7 0.030
285 275 7 9 0.030
625 220 7 8 0.030
261 270 6 7 0.030
982 388 13 18 0.030
429 284 7 9 0.029
521 366 9 14 0.029
306 289 6 9 0.029
740 316 7 9 0.029
280 545 20 34 0.029
786 485 15 22 0.029
921 276 5 6 0.029
138 290 7 10 0.029
870 379 8 11 0.028
816 295 7 8 0.028
411 350 10 15 0.028
580 384 8 11 0.028
151 278 7 8 0.028
520 267 6 8 0.028
340 278 6 8 0.027
917 320 6 7 0.027
859 283 6 7 0.027
483 314 7 8 0.027
634 286 6 7 0.027
736 291 7 9 0.027
357 281 7 9 0.027
47 277 7 9 0.026
255 372 9 11 0.026
243 381 9 10 0.026
990 379 10 16 0.026
557 371 9 13 0.026
397 261 6 8 0.026
386 276 7 8 0.026
961 325 6 8 0.026
516 268 6 8 0.026
825 308 6 9 0.026
378 308 8 10 0.025
158 281 7 9 0.025
95 278 8 9 0.025
393 263 7 9 0.025
565 263 7 9 0.024
814 297 6 8 0.024
853 301 6 8 0.024
254 263 7 8 0.024
44 280 7 8 0.024
750 289 7 8 0.024
170 276 9 10 0.024
648 329 8 11 0.024
455 299 8 10 0.023
372 260 6 8 0.023
987 323 6 8 0.023
355 383 11 19 0.023
323 298 7 9 0.023
512 265 7 9 0.023
459 303 9 10 0.023
607 317 8 9 0.023
618 296 7 8 0.023
676 314 7 10 0.023
597 217 7 8 0.022
277 399 10 18 0.022
767 296 6 9 0.022
53 275 6 8 0.022
151 336 13 19 0.022
937 399 10 16 0.021
935 424 13 20 0.021
264 266 6 8 0.021
938 302 6 8 0.021
0 247 5 8 0.021
987 267 5 7 0.021
156 332 10 18 0.021
1016 286 5 6 0.021
118 292 7 9 0.021
427 329 10 15 0.020
147 337 12 17 0.020
899 322 7 9 0.020
737 289 8 10 0.020
603 299 7 8 0.020
191 276 8 10 0.019
164 341 16 23 0.019
850 276 5 7 0.019
577 309 7 10 0.019
155 275 6 8 0.019
711 319 7 10 0.019
296 263 7 9 0.019
753 288 6 8 0.019
699 311 8 11 0.019
646 297 8 10 0.019
950 322 7 8 0.019
806 291 7 8 0.019
704 317 9 11 0.018
872 378 7 9 0.018
434 279 7 9 0.018
12 315 12 17 0.018
1012 325 6 8 0.018
404 515 17 22 0.018
886 327 8 9 0.018
380 311 8 10 0.017
885 294 6 8 0.017
24 290 9 11 0.017
893 510 14 30 0.017
737 294 7 9 0.017
809 501 18 24 0.017
520 402 10 16 0.017
1 280 7 13 0.017
17 315 11 15 0.017
854 280 6 7 0.017
732 324 7 9 0.017
53 282 7 9 0.017
834 509 18 26 0.017
256 292 7 9 0.017
1016 389 7 14 0.017
985 278 5 7 0.017
21 293 8 11 0.016
603 316 7 9 0.016
869 282 6 6 0.016
799 495 17 27 0.016
535 275 8 10 0.016
564 276 8 10 0.016
644 373 9 12 0.016
557 451 13 19 0.016
782 297 7 7 0.016
993 351 7 10 0.016
1011 350 8 10 0.016
736 323 6 9 0.016
474 272 6 7 0.015
878 293 6 7 0.015
257 293 9 11 0.015
276 242 7 9 0.015
799 288 8 10 0.015
115 292 7 9 0.015
268 304 7 9 0.015
266 363 9 12 0.015
899 297 6 7 0.015
738 317 7 9 0.015
510 272 7 9 0.015
829 308 7 8 0.015
175 299 7 9 0.015
935 445 14 19 0.015
961 302 5 7 0.015
950 273 5 6 0.015
848 306 6 8 0.015
991 309 6 7 0.015
481 313 6 9 0.014
1 377 17 36 0.014
844 278 6 7 0.014
338 318 9 11 0.014
914 324 7 9 0.014
714 285 6 7 0.014
979 430 10 18 0.014
351 282 7 8 0.014
564 298 7 9 0.014
336 320 7 10 0.014
767 343 7 9 0.014
550 426 7 15 0.014
66 248 6 8 0.014
918 403 11 18 0.014
27 286 7 10 0.014
799 321 6 8 0.014
949 301 6 6 0.014
1011 302 5 6 0.014
1 351 10 23 0.014
374 280 7 9 0.014
514 392 11 17 0.014
583 348 8 12 0.014
215 399 14 19 0.014
600 300 7 9 0.013
387 282 7 9 0.013
719 323 8 10 0.013
618 396 9 11 0.013
705 197 6 7 0.013
188 456 13 24 0.013
44 274 6 9 0.013
176 471 17 26 0.013
511 258 6 7 0.013
635 197 7 7 0.013
157 334 13 21 0.013
132 261 6 7 0.013
875 324 7 10 0.013
281 276 7 8 0.013
533 276 8 9 0.013
284 337 8 11 0.013
268 360 9 12 0.013
978 498 15 24 0.013
126 268 6 8 0.012
946 352 7 11 0.012
401 285 9 11 0.012
486 312 7 9 0.012
912 300 6 7 0.012
38 311 9 12 0.012
0 389 12 25 0.012
643 204 5 8 0.012
162 300 7 10 0.012
685 297 6 8 0.012
784 294 6 9 0.012
257 265 8 10 0.012
304 317 7 8 0.011
689 295 6 8 0.011
868 424 10 16 0.011
523 407 8 12 0.011
664 329 8 11 0.011
688 328 8 12 0.011
135 266 6 7 0.011
393 428 11 18 0.011
281 533 21 38 0.011
522 331 7 10 0.011
944 500 14 21 0.011
901 299 6 7 0.011
358 446 15 24 0.011
406 351 10 13 0.011
845 308 8 11 0.011
578 358 8 13 0.011
274 394 10 17 0.011
497 376 9 13 0.011
784 384 7 12 0.011
993 251 6 6 0.011
995 275 5 7 0.011
791 360 9 14 0.010
709 296 6 7 0.010
136 298 8 11 0.010
139 299 8 11 0.010
296 293 7 9 0.010
624 222 8 10 0.010
118 286 8 11 0.010
188 352 14 21 0.010
302 288 8 11 0.010
363 405 9 14 0.010
540 270 7 9 0.010
563 269 9 10 0.010
200 280 7 9 0.010
577 210 7 8 0.010
