21_Festival_Festival_21_395
51
561 396 42 55 0.805
516 273 38 54 0.795
407 260 33 44 0.789
547 124 33 42 0.784
688 262 31 42 0.752
765 412 34 45 0.733
307 424 35 38 0.682
296 253 27 35 0.667
665 500 15 18 0.629
977 503 21 26 0.610
751 601 57 79 0.441
419 587 19 20 0.423
176 492 18 22 0.279
919 473 19 22 0.243
369 588 17 17 0.202
1013 456 11 33 0.175
1000 501 16 24 0.151
915 521 22 27 0.141
667 430 19 27 0.124
132 490 16 21 0.071
962 487 17 24 0.063
971 498 20 27 0.062
110 489 16 19 0.049
868 449 26 28 0.048
20 466 12 15 0.048
1001 516 17 25 0.045
605 492 16 19 0.037
233 407 33 41 0.034
95 533 16 20 0.031
94 553 16 21 0.030
4 541 12 16 0.028
66 446 13 16 0.027
77 482 16 21 0.025
4 494 14 18 0.025
469 557 17 21 0.023
671 431 23 28 0.019
89 557 17 21 0.019
948 493 17 22 0.018
1006 522 15 22 0.018
63 475 14 19 0.017
852 457 26 28 0.017
700 586 15 14 0.016
290 387 33 35 0.016
70 478 16 21 0.015
0 449 10 18 0.015
2 495 12 21 0.014
466 365 31 39 0.014
611 464 18 24 0.013
418 152 31 37 0.012
649 267 26 39 0.012
721 461 19 26 0.010
