21_Festival_Festival_21_340
273
253 353 17 26 0.720
294 262 12 15 0.617
361 264 12 14 0.605
593 255 11 13 0.593
565 264 10 14 0.582
462 262 11 14 0.534
98 321 14 16 0.532
700 292 15 16 0.525
482 231 9 11 0.503
236 335 17 23 0.489
709 238 7 9 0.452
455 232 9 11 0.439
166 326 14 21 0.436
74 344 17 23 0.425
394 323 22 25 0.396
168 265 11 13 0.395
428 279 14 16 0.368
676 242 8 11 0.367
418 232 8 11 0.350
661 275 11 14 0.348
621 256 9 11 0.345
658 332 15 17 0.342
226 336 18 25 0.324
447 252 11 15 0.312
178 283 13 17 0.306
310 243 9 12 0.298
98 279 12 16 0.289
381 235 10 12 0.274
742 244 8 9 0.272
17 347 16 26 0.265
473 247 9 12 0.257
791 223 55 81 0.240
762 257 7 9 0.229
547 265 10 14 0.227
766 278 9 11 0.218
188 281 12 15 0.214
139 257 9 11 0.200
289 233 9 11 0.193
390 254 11 14 0.193
70 271 11 14 0.188
169 246 8 10 0.181
171 370 19 25 0.167
138 303 12 17 0.166
373 235 10 13 0.159
501 163 8 9 0.158
968 356 7 10 0.154
216 225 7 8 0.149
233 272 12 16 0.134
913 312 8 8 0.132
199 258 9 12 0.129
442 209 7 8 0.128
123 257 9 11 0.127
657 276 12 14 0.127
143 274 10 14 0.126
352 241 8 10 0.125
245 234 8 10 0.124
456 234 10 15 0.124
123 358 21 24 0.121
656 258 8 10 0.121
338 221 8 9 0.117
398 220 8 10 0.117
286 234 10 11 0.117
228 268 13 16 0.112
515 313 13 23 0.111
734 243 7 9 0.110
305 228 8 9 0.106
87 263 9 12 0.105
667 237 8 10 0.099
481 262 10 14 0.098
123 269 9 13 0.097
228 258 12 16 0.096
351 251 10 13 0.096
291 234 10 12 0.096
224 265 12 16 0.095
257 260 10 14 0.094
369 230 9 12 0.091
274 293 13 16 0.091
901 337 9 11 0.091
562 253 7 10 0.091
455 279 12 17 0.091
398 252 9 13 0.085
440 211 8 9 0.084
239 300 12 17 0.083
363 292 17 21 0.083
119 270 10 13 0.083
224 258 12 15 0.082
127 256 9 11 0.081
537 255 8 13 0.081
327 251 10 12 0.080
276 239 9 11 0.080
377 234 12 14 0.079
401 229 8 10 0.078
683 266 9 12 0.078
213 225 7 8 0.075
220 337 17 25 0.075
276 223 7 8 0.075
109 249 7 9 0.072
624 258 10 11 0.072
651 271 9 12 0.071
385 257 12 15 0.071
172 245 8 9 0.071
110 267 11 13 0.071
158 250 9 11 0.071
556 255 10 13 0.070
242 234 7 9 0.070
66 348 16 22 0.070
142 270 10 14 0.068
404 252 10 13 0.067
164 248 7 9 0.067
269 295 14 19 0.067
325 237 8 11 0.065
656 265 9 12 0.064
143 301 13 19 0.063
217 301 11 16 0.060
437 223 7 9 0.058
120 258 10 12 0.058
56 295 11 15 0.058
706 239 7 10 0.057
762 255 6 9 0.057
509 257 10 14 0.056
126 271 9 13 0.056
331 252 10 12 0.054
262 233 8 9 0.054
740 288 11 13 0.053
82 302 12 15 0.053
280 232 10 11 0.052
665 236 8 9 0.052
147 240 7 9 0.051
127 241 7 8 0.050
332 238 9 12 0.050
287 256 10 12 0.048
261 214 6 8 0.047
222 269 12 15 0.047
990 363 7 9 0.047
178 236 7 9 0.047
537 248 8 12 0.047
971 356 7 10 0.046
781 277 8 10 0.045
238 294 12 18 0.045
138 261 10 13 0.043
693 223 7 9 0.042
179 237 9 10 0.042
85 265 10 13 0.041
270 232 7 10 0.041
707 259 10 11 0.041
58 355 16 22 0.038
538 245 8 11 0.038
234 237 9 10 0.038
203 258 11 13 0.037
557 253 8 10 0.037
366 227 8 9 0.037
361 286 14 17 0.036
265 294 13 18 0.036
654 258 8 10 0.036
213 303 12 15 0.036
113 249 7 9 0.036
733 247 8 9 0.036
717 257 8 10 0.035
184 256 9 11 0.035
254 276 11 16 0.034
174 285 13 18 0.034
133 309 12 18 0.034
480 229 9 10 0.034
260 256 10 13 0.033
347 247 10 12 0.033
648 274 11 15 0.032
549 269 9 13 0.032
783 263 6 7 0.031
369 227 7 10 0.030
189 334 13 20 0.030
56 267 9 12 0.030
146 243 7 8 0.030
263 240 8 11 0.030
84 259 9 11 0.029
94 281 12 16 0.029
381 257 11 13 0.029
318 317 17 23 0.029
304 220 7 8 0.028
92 290 12 16 0.028
288 215 6 7 0.027
263 248 11 13 0.027
52 290 11 15 0.026
133 301 12 17 0.026
234 223 7 8 0.026
765 255 7 9 0.025
101 234 7 8 0.025
276 279 13 17 0.024
92 320 20 25 0.024
23 343 14 23 0.024
340 217 6 8 0.024
186 343 15 21 0.024
308 216 6 8 0.024
910 311 8 10 0.023
308 219 8 9 0.023
394 256 11 14 0.023
369 293 18 21 0.022
397 218 8 9 0.022
252 256 11 13 0.022
403 223 8 9 0.022
183 227 7 7 0.021
951 352 7 9 0.021
81 255 7 9 0.021
203 311 12 14 0.020
162 346 18 22 0.020
472 218 8 9 0.020
444 355 19 22 0.020
519 316 16 23 0.019
391 301 15 20 0.019
194 239 7 9 0.019
28 305 11 15 0.019
782 294 9 12 0.019
772 299 10 11 0.019
737 282 10 12 0.019
329 277 12 15 0.019
454 229 8 10 0.018
272 214 6 7 0.018
581 293 16 19 0.018
195 282 12 16 0.017
201 307 11 15 0.017
515 248 9 12 0.017
15 354 13 24 0.017
192 244 8 9 0.017
31 303 12 15 0.017
54 361 16 22 0.017
263 297 13 20 0.017
232 215 6 7 0.016
698 289 13 16 0.016
18 279 6 8 0.016
428 228 8 9 0.016
960 349 8 10 0.016
155 236 7 8 0.016
69 261 9 10 0.016
586 272 11 14 0.015
718 273 9 11 0.015
780 298 10 12 0.015
63 337 13 19 0.015
298 216 6 7 0.015
28 349 15 23 0.015
61 330 12 15 0.015
263 216 8 9 0.015
499 159 7 8 0.014
123 240 7 9 0.014
508 262 10 15 0.014
965 345 6 8 0.014
753 268 8 10 0.014
314 301 16 20 0.014
384 269 11 15 0.014
969 304 7 8 0.014
331 273 11 14 0.013
168 244 11 14 0.013
894 330 9 11 0.013
651 224 7 9 0.012
177 339 16 19 0.012
125 305 12 16 0.012
682 270 9 12 0.012
62 324 12 16 0.012
391 317 19 25 0.012
245 225 7 8 0.012
81 313 11 16 0.012
660 240 8 10 0.012
715 266 9 11 0.012
202 290 13 17 0.012
260 265 11 14 0.012
43 294 12 16 0.011
104 320 13 16 0.011
199 244 8 10 0.011
223 244 9 11 0.011
698 253 8 10 0.011
489 300 13 18 0.011
958 373 8 10 0.011
246 214 6 7 0.011
519 245 9 11 0.010
971 303 7 8 0.010
