21_Festival_Festival_21_414
50
284 346 24 37 0.617
912 370 23 39 0.416
511 86 53 65 0.160
480 380 8 12 0.137
126 283 18 24 0.120
448 388 8 9 0.094
592 334 50 82 0.082
35 299 24 27 0.056
462 383 9 11 0.055
450 385 8 11 0.055
572 369 11 16 0.045
8 333 20 26 0.043
430 356 9 13 0.042
793 405 10 13 0.041
425 354 12 17 0.035
148 344 19 27 0.035
797 346 9 11 0.034
810 372 14 23 0.033
456 372 8 10 0.029
833 334 9 11 0.027
442 392 8 9 0.026
231 442 35 46 0.025
434 358 9 12 0.024
436 396 9 11 0.024
784 352 9 12 0.024
22 308 19 24 0.024
787 350 8 11 0.021
793 347 10 12 0.021
883 350 15 20 0.021
808 378 13 18 0.020
198 313 21 33 0.019
422 346 13 21 0.019
42 344 22 28 0.019
310 343 11 16 0.019
818 328 7 8 0.017
44 304 18 24 0.017
136 283 16 20 0.016
498 378 28 45 0.015
989 377 16 21 0.015
3 284 19 26 0.015
130 423 24 32 0.015
338 609 54 71 0.014
306 345 14 21 0.013
982 378 19 23 0.013
171 322 17 24 0.013
0 507 16 43 0.013
568 369 12 18 0.012
823 580 77 96 0.012
153 306 17 22 0.012
165 317 20 25 0.011
