21_Festival_Festival_21_218
26
100 154 41 55 0.780
950 141 40 48 0.764
306 117 34 52 0.751
637 167 34 41 0.748
858 112 45 56 0.721
543 209 29 45 0.666
572 192 32 50 0.659
320 189 29 36 0.633
430 254 25 28 0.204
395 227 30 38 0.168
1005 17 19 92 0.096
460 233 20 29 0.052
518 204 20 29 0.051
530 245 22 37 0.034
552 204 32 48 0.029
435 250 21 24 0.020
777 201 27 37 0.018
147 193 23 32 0.017
1014 151 11 42 0.017
129 191 24 32 0.014
39 365 17 24 0.013
507 207 23 34 0.012
55 41 11 15 0.012
990 6 35 92 0.011
114 172 31 43 0.011
417 244 27 28 0.010
