22_Picnic_Picnic_22_732
297
339 609 12 17 0.645
849 617 14 18 0.639
282 601 12 17 0.600
724 581 11 14 0.580
215 628 13 17 0.568
426 571 10 14 0.543
192 603 10 16 0.533
148 588 11 15 0.523
605 607 12 18 0.521
524 600 10 16 0.516
57 656 16 20 0.516
225 585 10 14 0.509
296 543 9 12 0.497
367 563 10 14 0.468
213 547 9 12 0.465
407 568 10 12 0.448
790 547 9 11 0.443
516 561 10 13 0.434
581 558 9 12 0.427
326 581 9 13 0.398
760 622 10 17 0.374
722 610 11 14 0.338
586 541 8 12 0.332
469 532 7 9 0.319
159 535 9 11 0.309
594 579 8 15 0.264
172 522 7 8 0.247
113 560 9 11 0.240
672 624 16 18 0.239
150 520 7 9 0.216
415 620 9 17 0.212
7 515 6 8 0.203
255 535 7 9 0.193
247 581 10 13 0.190
552 522 7 8 0.171
731 644 12 17 0.159
489 560 10 11 0.156
186 545 9 10 0.153
197 526 10 12 0.147
510 523 7 9 0.147
451 539 7 9 0.145
51 546 7 11 0.144
89 525 6 8 0.135
217 536 8 11 0.132
420 534 7 9 0.130
368 586 10 12 0.124
562 542 8 11 0.124
24 567 10 13 0.120
343 526 7 8 0.115
884 667 11 14 0.109
503 543 8 11 0.109
528 536 7 9 0.107
711 569 9 15 0.102
246 553 8 10 0.099
152 520 7 9 0.097
192 505 7 8 0.091
465 533 9 10 0.088
317 557 8 12 0.088
108 558 9 12 0.086
486 560 9 11 0.085
126 524 7 9 0.082
320 522 7 8 0.081
529 534 8 10 0.078
639 545 7 10 0.078
143 500 7 8 0.074
1013 600 8 14 0.073
456 520 6 7 0.073
634 526 7 8 0.073
823 552 8 10 0.071
528 547 8 10 0.071
216 609 10 14 0.070
783 528 7 8 0.069
702 545 8 10 0.068
306 558 8 11 0.068
359 543 7 9 0.067
625 598 10 14 0.065
456 556 7 10 0.063
856 555 7 11 0.061
326 526 6 8 0.060
361 526 6 8 0.059
241 538 7 10 0.059
548 546 8 10 0.058
277 510 6 7 0.057
206 570 9 12 0.057
218 516 6 7 0.055
934 511 6 7 0.053
422 533 7 8 0.053
340 525 7 10 0.052
233 550 8 10 0.052
609 607 11 18 0.052
1019 566 5 14 0.051
595 521 6 8 0.050
620 547 8 11 0.048
874 509 6 7 0.048
572 514 6 7 0.047
504 540 8 11 0.047
770 532 7 8 0.047
478 520 6 7 0.046
576 544 9 11 0.045
717 515 6 8 0.044
256 533 7 9 0.043
123 525 7 9 0.043
196 493 5 6 0.042
561 539 8 10 0.042
17 503 6 7 0.041
430 520 6 7 0.041
510 525 8 10 0.041
252 538 8 12 0.041
77 515 7 8 0.040
69 507 6 8 0.039
357 543 8 10 0.038
542 572 8 12 0.038
446 617 11 17 0.038
235 516 7 8 0.038
872 509 6 7 0.038
640 541 8 11 0.037
596 522 7 9 0.037
146 500 6 7 0.036
115 510 5 7 0.036
289 521 6 8 0.036
172 567 7 9 0.036
853 490 5 7 0.035
990 568 7 12 0.034
909 509 6 7 0.034
491 518 6 7 0.034
34 488 5 6 0.033
105 493 5 6 0.033
263 525 7 9 0.033
433 546 8 9 0.032
512 521 6 8 0.032
670 515 6 8 0.032
630 509 6 7 0.032
34 522 6 8 0.032
838 533 9 10 0.031
363 588 11 14 0.030
291 522 6 8 0.030
142 524 9 10 0.029
540 571 8 11 0.029
220 625 11 19 0.029
477 521 6 8 0.028
963 509 5 7 0.028
725 608 10 14 0.028
590 580 9 15 0.028
416 513 6 7 0.028
59 535 7 9 0.028
252 545 7 11 0.027
335 519 6 7 0.027
490 519 6 8 0.026
237 513 6 8 0.026
863 526 6 8 0.026
208 504 5 7 0.026
322 522 9 10 0.026
602 526 8 9 0.026
402 533 7 8 0.025
486 502 5 6 0.025
577 513 6 8 0.025
378 529 6 8 0.025
262 562 7 11 0.025
692 512 7 9 0.025
656 518 7 10 0.024
937 508 6 7 0.024
418 512 6 7 0.024
65 657 13 18 0.024
379 509 5 7 0.024
250 533 7 9 0.023
85 526 7 8 0.023
948 517 5 8 0.023
813 520 6 7 0.023
360 513 5 7 0.023
256 558 8 11 0.023
618 545 8 11 0.022
106 525 7 8 0.022
405 505 5 6 0.022
262 501 6 7 0.022
508 551 9 12 0.022
999 539 7 8 0.021
109 561 9 11 0.021
164 536 8 11 0.021
57 549 9 10 0.020
418 613 10 16 0.020
64 518 6 8 0.020
831 535 8 10 0.020
763 621 11 17 0.020
93 505 6 8 0.020
260 499 6 7 0.020
626 508 7 8 0.020
10 515 6 8 0.019
706 547 9 12 0.019
336 554 8 11 0.019
505 522 8 10 0.019
619 506 5 7 0.019
716 535 8 10 0.019
681 572 9 13 0.019
122 494 5 6 0.019
112 589 9 13 0.018
229 493 5 5 0.018
855 490 6 6 0.018
860 489 5 6 0.018
265 572 8 12 0.018
262 573 9 12 0.018
229 494 5 7 0.018
65 509 7 8 0.018
614 546 8 11 0.018
985 500 5 7 0.018
410 620 10 17 0.018
26 511 6 8 0.018
376 584 9 12 0.018
610 487 5 5 0.018
659 587 9 14 0.018
630 528 9 10 0.017
207 506 6 7 0.017
559 545 9 11 0.017
58 532 7 9 0.017
846 515 6 8 0.017
788 526 6 8 0.017
86 501 5 7 0.017
194 517 8 11 0.017
642 501 6 7 0.017
365 525 7 8 0.017
354 525 8 11 0.016
577 556 8 12 0.016
94 506 6 7 0.016
129 520 6 8 0.016
355 586 10 13 0.016
589 506 5 7 0.016
265 501 5 7 0.016
75 491 5 7 0.015
761 496 5 7 0.015
269 544 8 11 0.015
316 576 9 12 0.015
511 514 6 8 0.015
781 514 6 7 0.015
194 507 9 10 0.015
820 553 8 9 0.015
464 588 9 12 0.015
71 510 8 10 0.015
427 505 5 6 0.015
541 509 6 7 0.014
543 506 5 7 0.014
697 531 7 9 0.014
116 508 6 7 0.014
249 499 5 6 0.014
571 515 6 7 0.014
557 489 5 6 0.014
662 625 12 17 0.014
977 515 6 7 0.014
247 586 10 13 0.014
854 554 8 10 0.014
356 512 5 7 0.014
887 511 6 7 0.014
38 520 6 7 0.014
994 524 6 7 0.014
528 506 6 7 0.013
72 493 5 6 0.013
751 510 6 8 0.013
278 509 8 9 0.013
615 507 6 7 0.013
684 574 9 13 0.013
596 490 5 7 0.013
8 499 5 7 0.013
691 624 12 17 0.013
295 505 5 6 0.013
845 531 6 10 0.012
1004 602 9 12 0.012
431 514 6 7 0.012
784 525 8 10 0.012
479 562 8 10 0.012
865 578 8 12 0.012
0 629 6 15 0.012
281 508 6 7 0.012
186 556 10 13 0.012
705 502 5 7 0.012
738 637 12 18 0.012
376 507 6 7 0.012
31 525 6 7 0.011
997 535 9 11 0.011
94 495 5 6 0.011
891 533 6 9 0.011
46 495 5 7 0.011
926 532 6 9 0.011
945 516 6 7 0.011
935 511 8 9 0.011
461 505 5 7 0.011
408 504 5 6 0.011
1019 542 5 11 0.011
514 507 5 7 0.011
462 582 8 11 0.011
163 491 5 6 0.011
183 507 6 7 0.011
460 584 9 12 0.011
227 495 5 6 0.011
226 492 5 6 0.010
616 530 7 8 0.010
646 559 8 11 0.010
46 487 6 7 0.010
59 498 6 7 0.010
150 531 7 10 0.010
