24_Soldier_Firing_Soldier_Firing_24_601
45
736 321 36 38 0.767
176 321 33 36 0.763
296 319 29 35 0.759
860 301 35 39 0.757
473 304 32 36 0.755
393 308 30 36 0.748
599 307 35 39 0.728
87 312 30 36 0.726
981 292 12 16 0.609
25 328 15 18 0.584
984 337 12 14 0.523
311 288 26 30 0.502
528 296 27 33 0.288
907 329 15 17 0.270
1008 343 8 10 0.251
829 329 15 20 0.180
635 300 26 33 0.175
520 297 25 31 0.141
420 285 24 30 0.141
582 321 19 27 0.129
1010 342 10 11 0.104
648 317 26 34 0.083
258 345 15 21 0.058
2 336 8 16 0.058
832 325 13 19 0.058
838 327 14 18 0.056
516 298 20 26 0.050
844 324 13 19 0.038
640 308 26 35 0.037
536 304 25 31 0.031
129 325 20 25 0.028
348 323 22 29 0.025
20 307 11 13 0.025
656 321 24 31 0.023
823 331 14 20 0.021
998 340 9 11 0.019
222 313 24 29 0.018
542 298 24 29 0.018
1 308 7 17 0.014
811 326 16 21 0.013
795 325 16 22 0.013
0 344 7 19 0.012
84 320 18 26 0.011
848 324 16 21 0.011
1005 345 9 11 0.010
