24_Soldier_Firing_Soldier_Firing_24_644
34
280 169 29 34 0.633
549 274 28 38 0.559
394 185 24 30 0.496
208 154 21 34 0.494
314 176 23 28 0.397
118 145 20 25 0.342
55 96 20 28 0.328
580 280 24 29 0.314
460 211 19 21 0.248
144 104 21 29 0.169
2 88 22 35 0.133
467 200 17 19 0.077
66 94 17 25 0.050
386 187 24 30 0.048
8 84 22 29 0.046
0 185 12 36 0.040
142 114 24 34 0.039
151 141 23 33 0.031
401 177 20 26 0.027
298 162 21 26 0.025
0 224 8 36 0.025
45 98 20 26 0.023
25 73 19 24 0.020
2 104 19 34 0.019
216 153 21 35 0.019
380 194 24 28 0.018
145 126 25 36 0.016
387 250 20 29 0.015
138 100 22 27 0.014
23 80 19 26 0.013
471 196 14 16 0.013
328 172 21 27 0.013
474 200 14 16 0.012
485 300 23 27 0.011
