25_Soldier_Patrol_Soldier_Patrol_25_1029
35
122 436 61 75 0.846
255 360 57 66 0.833
154 197 52 61 0.820
456 180 47 52 0.818
246 179 46 54 0.810
872 167 44 50 0.800
554 328 32 38 0.800
609 295 39 42 0.795
660 309 36 41 0.792
517 386 39 62 0.791
580 143 32 44 0.766
716 182 37 47 0.765
500 184 32 43 0.728
736 143 57 71 0.680
657 193 28 39 0.638
435 162 9 11 0.489
390 181 7 10 0.324
399 186 7 9 0.240
411 183 7 8 0.236
552 164 7 9 0.172
393 183 8 10 0.124
462 155 9 10 0.096
550 166 8 9 0.094
386 181 7 9 0.073
415 181 7 8 0.056
643 186 18 24 0.037
650 184 22 32 0.034
555 165 7 8 0.031
710 180 27 41 0.025
547 173 9 10 0.020
544 173 8 9 0.018
549 164 11 14 0.014
505 157 12 14 0.013
549 163 6 7 0.011
683 195 27 36 0.010
