25_Soldier_Patrol_Soldier_Patrol_25_515
39
787 307 17 24 0.717
721 300 18 25 0.689
57 306 15 21 0.673
804 292 18 25 0.667
638 311 16 20 0.639
615 321 14 18 0.636
700 316 15 21 0.635
834 311 17 25 0.634
537 311 13 18 0.627
373 319 13 18 0.626
366 296 13 18 0.617
415 317 12 17 0.600
394 311 13 17 0.595
564 336 12 17 0.593
521 316 12 16 0.591
668 311 15 21 0.581
861 303 14 22 0.579
576 323 14 17 0.538
477 319 13 19 0.536
886 324 18 24 0.525
912 310 17 21 0.522
440 331 11 17 0.521
462 313 12 18 0.483
524 313 12 18 0.195
737 324 12 18 0.169
675 308 14 22 0.108
657 299 14 19 0.065
481 321 12 18 0.056
623 306 12 16 0.053
695 317 15 21 0.041
752 308 13 19 0.033
174 299 7 9 0.022
574 319 12 16 0.019
137 302 10 11 0.017
921 309 17 20 0.016
637 331 12 15 0.016
704 308 14 18 0.015
372 388 10 13 0.014
385 307 11 17 0.012
