26_Soldier_Drilling_Soldiers_Drilling_26_204
174
372 256 25 35 0.697
438 194 20 27 0.648
600 116 12 15 0.621
451 139 14 21 0.586
499 104 13 15 0.577
943 169 12 18 0.548
194 78 10 12 0.519
1015 125 9 13 0.479
587 85 9 13 0.459
966 149 14 18 0.452
664 235 21 30 0.437
622 152 15 20 0.433
239 68 9 11 0.412
900 178 15 19 0.383
1011 297 13 29 0.377
168 64 9 11 0.327
857 120 12 15 0.321
734 375 27 41 0.314
346 51 7 8 0.286
850 319 20 29 0.262
799 216 22 28 0.247
924 109 11 12 0.238
922 230 17 23 0.234
990 120 10 12 0.227
987 161 11 15 0.226
941 113 10 13 0.202
493 80 9 11 0.186
287 55 8 9 0.177
630 77 10 12 0.165
659 112 12 16 0.164
662 115 12 17 0.161
994 187 13 15 0.159
775 112 12 14 0.150
966 118 9 11 0.149
987 210 16 20 0.147
951 273 18 24 0.140
665 121 12 18 0.135
834 135 12 15 0.134
885 149 12 16 0.131
1014 179 10 16 0.121
714 126 12 16 0.120
742 109 12 15 0.109
983 204 14 19 0.094
696 184 17 22 0.090
653 76 10 12 0.087
988 123 10 13 0.079
793 213 19 27 0.075
891 350 19 28 0.073
891 272 17 22 0.072
969 116 10 11 0.072
947 262 17 24 0.072
1009 146 12 15 0.068
548 55 7 9 0.066
923 222 18 25 0.064
914 219 18 23 0.064
944 256 15 19 0.063
674 237 21 30 0.060
978 207 16 20 0.059
973 131 11 14 0.059
688 121 13 16 0.057
994 212 14 18 0.055
974 114 10 11 0.055
904 209 16 22 0.053
498 99 12 15 0.053
713 175 14 19 0.052
634 165 15 21 0.051
968 199 15 19 0.051
710 222 22 28 0.047
674 90 10 12 0.045
288 52 8 10 0.044
896 186 15 20 0.042
692 181 17 22 0.042
829 109 11 13 0.042
633 75 10 12 0.042
981 157 12 16 0.041
372 56 7 8 0.040
689 174 16 22 0.040
886 109 10 12 0.040
881 146 12 16 0.040
317 58 7 8 0.040
827 135 13 15 0.038
546 54 7 9 0.036
1008 237 15 20 0.036
672 91 10 12 0.036
277 53 7 9 0.035
849 308 22 31 0.035
584 146 14 18 0.034
685 248 19 29 0.032
703 85 10 12 0.031
397 55 7 7 0.031
701 87 9 11 0.031
966 205 14 19 0.031
519 52 7 8 0.030
490 73 9 11 0.030
583 84 10 13 0.030
655 94 11 15 0.030
318 56 7 8 0.029
371 58 6 7 0.029
968 195 14 16 0.029
315 56 7 8 0.028
484 71 8 9 0.028
1016 120 8 13 0.027
628 166 16 20 0.027
168 68 9 11 0.026
993 118 10 12 0.026
240 65 9 10 0.025
964 246 16 21 0.025
829 181 18 23 0.025
581 36 10 12 0.024
350 50 6 8 0.024
711 78 9 11 0.023
257 59 7 9 0.023
760 157 16 25 0.023
797 399 25 21 0.022
714 77 8 11 0.022
833 185 20 23 0.021
394 57 6 7 0.021
920 215 16 22 0.021
487 69 6 8 0.021
603 103 10 14 0.020
804 113 10 13 0.020
806 110 10 13 0.019
473 131 12 16 0.019
748 368 26 40 0.019
729 316 22 29 0.019
657 106 11 14 0.019
479 56 6 7 0.019
822 136 13 15 0.018
441 76 7 9 0.018
651 146 13 17 0.018
756 98 9 11 0.017
733 107 11 14 0.017
419 54 6 7 0.017
953 280 19 25 0.017
469 135 14 17 0.016
499 55 7 7 0.016
650 139 12 17 0.016
788 212 15 22 0.015
796 221 18 26 0.015
830 336 24 35 0.015
604 112 11 15 0.015
224 115 10 12 0.015
421 54 7 6 0.015
1013 228 10 20 0.014
498 57 6 7 0.014
650 157 14 18 0.014
635 78 10 13 0.014
842 180 17 22 0.014
798 262 20 29 0.014
909 152 12 15 0.014
581 151 13 17 0.014
949 168 13 19 0.014
880 250 20 25 0.014
686 240 18 25 0.014
647 164 15 21 0.014
694 95 10 12 0.013
682 125 14 18 0.013
440 53 6 6 0.013
883 274 21 26 0.013
685 179 15 20 0.012
321 66 7 9 0.012
736 91 9 10 0.012
720 172 15 20 0.012
806 135 14 17 0.012
788 91 8 10 0.011
701 164 14 20 0.011
888 114 10 12 0.011
801 134 13 16 0.011
447 141 13 18 0.011
423 58 6 7 0.011
671 113 12 14 0.010
790 90 8 10 0.010
477 132 13 16 0.010
700 185 19 26 0.010
