26_Soldier_Drilling_Soldiers_Drilling_26_1022
81
258 420 27 40 0.554
720 452 11 12 0.403
643 452 9 12 0.388
607 448 10 12 0.353
773 453 9 13 0.335
761 451 9 12 0.279
560 456 9 11 0.267
682 463 10 12 0.257
695 451 9 11 0.255
858 472 11 14 0.240
816 438 9 11 0.213
739 452 9 10 0.188
624 445 9 11 0.181
580 446 9 11 0.179
30 455 23 28 0.174
873 467 11 13 0.169
494 455 10 13 0.151
710 449 8 10 0.118
868 425 8 11 0.118
834 422 7 9 0.117
618 449 10 11 0.109
812 433 8 10 0.079
765 501 13 17 0.078
810 454 10 12 0.072
831 439 8 10 0.066
803 498 13 17 0.060
606 451 10 12 0.059
622 442 10 11 0.056
798 441 8 10 0.053
734 453 9 12 0.052
88 494 19 24 0.051
507 441 7 9 0.050
642 449 9 12 0.049
881 495 12 15 0.048
679 463 10 13 0.047
616 451 10 12 0.044
844 452 9 11 0.042
848 423 7 10 0.041
830 425 8 11 0.039
782 438 8 10 0.037
888 451 9 11 0.034
844 454 10 13 0.033
740 450 8 9 0.033
819 475 11 13 0.032
708 452 9 12 0.032
774 449 9 10 0.031
498 450 10 12 0.031
728 469 10 13 0.028
722 449 8 11 0.028
803 439 9 10 0.027
735 449 8 10 0.026
530 445 7 9 0.026
664 446 9 10 0.023
832 445 8 11 0.022
824 457 9 12 0.021
706 530 14 19 0.020
552 445 8 11 0.020
83 303 17 25 0.020
580 451 10 12 0.020
869 423 8 10 0.019
831 468 10 14 0.019
837 446 10 11 0.019
497 457 10 12 0.018
897 462 9 12 0.017
455 442 7 8 0.017
578 442 9 11 0.016
492 441 7 8 0.016
873 452 9 11 0.015
896 467 9 13 0.015
822 465 10 13 0.015
887 447 9 11 0.013
453 441 7 9 0.013
790 488 11 16 0.013
850 436 8 10 0.013
883 417 8 10 0.012
503 441 8 10 0.012
902 396 8 10 0.012
748 509 13 18 0.011
515 432 7 8 0.011
813 525 15 19 0.010
723 470 12 13 0.010
