28_Sports_Fan_Sports_Fan_28_487
138
665 490 41 58 0.825
909 448 39 47 0.825
46 441 44 58 0.823
964 480 39 54 0.821
549 503 40 45 0.819
970 280 36 48 0.818
857 421 42 51 0.814
460 506 42 56 0.814
1003 415 21 52 0.812
512 433 38 45 0.810
915 528 41 52 0.808
798 398 34 48 0.807
819 274 41 48 0.803
408 582 39 44 0.802
992 104 31 41 0.802
823 491 37 50 0.798
821 560 42 53 0.790
604 178 36 50 0.789
553 567 41 46 0.789
261 550 43 54 0.788
859 238 36 42 0.786
667 155 34 40 0.784
994 334 29 43 0.784
955 351 39 45 0.784
57 379 39 53 0.783
710 321 39 48 0.783
884 306 38 45 0.782
340 554 34 39 0.777
417 256 33 46 0.773
873 164 39 43 0.769
674 275 36 46 0.769
621 93 32 40 0.763
159 274 34 41 0.763
940 144 34 42 0.759
746 559 37 41 0.756
787 78 33 44 0.755
164 144 34 42 0.755
557 240 32 42 0.755
730 281 39 48 0.755
462 203 40 47 0.753
130 443 37 44 0.753
455 286 39 44 0.751
957 209 37 43 0.751
110 265 37 48 0.750
715 106 32 39 0.748
621 534 35 42 0.748
490 375 43 53 0.746
425 193 31 39 0.746
618 315 34 40 0.744
596 436 36 44 0.742
799 0 32 36 0.741
429 473 42 50 0.741
214 108 32 41 0.738
787 216 40 45 0.738
669 78 30 42 0.736
595 382 37 43 0.736
345 0 34 35 0.733
569 339 36 46 0.732
0 457 33 48 0.726
674 8 32 38 0.725
726 590 33 33 0.721
430 65 29 38 0.721
328 63 35 44 0.720
737 238 39 41 0.714
470 33 32 42 0.709
15 219 31 37 0.700
161 1 29 36 0.697
198 308 34 41 0.684
838 352 34 40 0.682
483 254 33 38 0.680
171 504 40 53 0.676
207 13 26 34 0.657
0 338 21 38 0.648
408 27 31 35 0.622
546 11 26 33 0.622
222 192 31 39 0.578
144 227 28 33 0.576
754 -2 31 29 0.554
51 115 30 44 0.514
602 1 30 30 0.475
672 401 32 45 0.467
37 83 29 39 0.442
446 125 29 38 0.414
697 453 34 44 0.410
897 -1 30 21 0.368
521 230 33 37 0.342
94 102 24 30 0.336
181 388 36 41 0.328
476 -3 26 15 0.286
109 429 41 53 0.211
144 381 29 39 0.188
443 54 33 45 0.137
428 263 37 45 0.131
143 24 22 27 0.096
237 371 33 42 0.090
49 -3 25 12 0.079
349 470 32 38 0.065
499 412 42 51 0.063
772 194 29 35 0.061
272 517 34 37 0.056
847 0 26 17 0.056
262 381 28 37 0.054
396 454 33 43 0.048
989 -6 30 16 0.044
173 395 32 37 0.040
246 374 38 48 0.038
1015 192 9 40 0.035
914 425 31 33 0.035
953 487 41 55 0.033
149 386 34 40 0.031
542 85 30 39 0.026
352 118 28 35 0.025
890 295 32 42 0.022
894 269 26 30 0.022
796 165 27 32 0.022
385 443 37 45 0.021
1006 459 18 37 0.020
375 453 40 48 0.019
412 192 34 47 0.019
0 7 10 37 0.018
396 30 25 31 0.017
190 9 30 34 0.017
46 97 32 42 0.016
408 -2 23 17 0.016
463 404 28 33 0.016
604 474 29 34 0.016
32 83 22 36 0.015
5 44 20 31 0.014
786 172 31 32 0.013
212 501 33 40 0.013
988 -3 32 25 0.013
1 27 14 38 0.012
392 199 30 39 0.012
522 55 29 35 0.012
89 96 34 46 0.011
156 517 38 46 0.011
456 125 27 35 0.011
1018 193 6 28 0.011
