28_Sports_Fan_Sports_Fan_28_118
34
636 304 97 120 0.866
1 365 86 106 0.866
12 193 79 98 0.782
540 217 46 64 0.775
48 80 35 42 0.774
846 450 49 67 0.774
326 163 35 51 0.732
710 197 40 59 0.714
484 323 94 125 0.637
95 125 31 37 0.634
434 346 43 58 0.412
124 37 19 27 0.271
494 146 32 49 0.208
35 37 22 26 0.157
326 285 43 54 0.116
169 46 21 24 0.114
307 137 29 42 0.112
474 336 69 85 0.095
199 188 47 59 0.087
269 126 29 37 0.055
-1 201 21 66 0.053
618 187 51 72 0.044
1 8 12 22 0.035
523 130 28 39 0.033
288 127 37 47 0.025
5 17 19 25 0.025
2 10 17 25 0.022
266 7 14 15 0.017
312 153 24 34 0.016
430 341 31 52 0.014
634 178 45 61 0.014
41 39 23 29 0.011
318 301 46 45 0.011
303 115 34 46 0.011
