28_Sports_Fan_Sports_Fan_28_126
56
308 245 79 96 0.893
458 202 89 104 0.893
419 378 65 74 0.852
406 295 23 32 0.726
71 309 13 17 0.641
129 285 9 11 0.461
107 277 8 11 0.404
176 285 7 9 0.304
284 283 11 15 0.266
1 268 7 11 0.240
846 297 6 8 0.211
963 298 7 8 0.165
45 290 7 9 0.158
13 317 9 12 0.136
921 298 6 8 0.120
65 271 7 8 0.100
104 277 8 10 0.100
775 300 7 8 0.100
979 298 7 7 0.083
705 294 5 6 0.076
866 294 5 7 0.075
387 312 18 22 0.069
132 285 8 9 0.056
937 302 6 7 0.055
820 300 6 7 0.051
960 299 7 8 0.050
281 282 10 13 0.049
919 300 6 7 0.042
839 298 6 7 0.042
952 303 5 7 0.042
935 302 7 8 0.040
1007 300 6 7 0.037
706 292 5 7 0.033
691 290 5 7 0.031
1008 298 6 6 0.030
293 280 10 14 0.028
1006 302 6 7 0.028
806 295 6 8 0.026
4 268 7 10 0.023
16 316 9 12 0.021
709 291 6 7 0.021
899 306 5 6 0.017
985 298 6 6 0.017
151 281 7 8 0.017
299 278 7 9 0.016
40 288 8 10 0.016
69 271 6 8 0.015
814 298 7 8 0.015
0 265 7 11 0.015
44 282 7 9 0.014
774 297 7 9 0.013
0 266 10 15 0.013
898 303 5 7 0.012
256 274 6 7 0.012
809 295 6 8 0.012
869 295 6 6 0.011
