29_Students_Schoolkids_Students_Schoolkids_29_21
37
459 150 108 141 0.889
743 203 127 170 0.871
946 62 58 67 0.852
208 107 54 63 0.844
313 93 58 75 0.839
113 55 41 48 0.828
878 13 38 48 0.821
766 61 55 66 0.821
73 142 74 86 0.816
451 59 45 56 0.815
614 57 53 68 0.798
729 37 37 46 0.792
73 60 39 49 0.792
151 82 50 62 0.792
581 52 34 46 0.781
991 30 32 44 0.757
581 15 28 34 0.742
806 21 31 37 0.725
925 35 42 53 0.719
11 71 29 38 0.717
405 51 25 32 0.709
435 33 33 45 0.693
663 28 29 36 0.689
466 23 29 35 0.648
501 46 35 44 0.587
360 75 34 41 0.517
506 92 63 70 0.373
0 103 15 35 0.303
737 15 29 31 0.076
146 56 32 36 0.064
392 80 22 31 0.038
373 80 28 34 0.028
573 94 30 44 0.017
347 68 42 53 0.017
215 66 33 42 0.015
512 78 50 60 0.014
435 52 30 42 0.011
