29_Students_Schoolkids_Students_Schoolkids_29_316
28
636 180 108 144 0.875
291 125 77 95 0.866
166 152 104 127 0.861
886 96 83 98 0.854
831 6 77 93 0.853
554 108 82 104 0.845
257 14 70 82 0.842
28 132 76 89 0.837
98 0 56 62 0.817
763 0 51 59 0.811
709 -3 60 56 0.807
409 -1 45 51 0.807
159 19 50 58 0.802
565 2 45 56 0.779
326 20 56 67 0.779
0 55 59 78 0.777
937 -3 66 75 0.773
501 -2 70 59 0.771
205 17 43 62 0.756
656 0 40 45 0.716
63 -5 37 39 0.660
485 13 39 52 0.412
487 4 60 58 0.356
1005 0 19 56 0.115
0 137 13 79 0.043
40 -9 47 48 0.018
-2 -6 44 52 0.017
372 12 37 48 0.015
