29_Students_Schoolkids_Students_Schoolkids_29_358
38
624 376 20 25 0.767
573 389 18 23 0.760
490 381 18 22 0.756
545 378 19 23 0.754
498 421 18 22 0.731
269 363 16 20 0.728
845 408 20 26 0.712
672 389 18 22 0.707
363 422 18 21 0.698
434 399 18 23 0.683
940 421 22 24 0.679
711 373 20 24 0.678
311 437 15 20 0.675
340 442 17 21 0.654
249 434 17 20 0.646
886 398 20 24 0.631
285 437 16 19 0.580
801 406 20 25 0.529
473 432 17 20 0.529
770 391 19 23 0.365
535 404 15 19 0.342
772 382 20 24 0.319
739 424 17 23 0.306
534 418 17 21 0.286
399 418 17 21 0.268
433 424 15 20 0.223
410 419 17 21 0.182
403 414 18 21 0.129
803 395 21 25 0.108
457 414 17 23 0.102
399 411 16 20 0.095
414 415 15 21 0.064
469 416 17 21 0.056
741 401 18 22 0.040
448 421 17 22 0.038
555 381 21 24 0.026
417 425 16 20 0.025
747 397 17 21 0.014
