29_Students_Schoolkids_Students_Schoolkids_29_130
26
102 258 55 67 0.789
375 162 43 55 0.765
533 244 30 35 0.626
605 433 43 55 0.580
239 239 32 34 0.559
677 498 34 56 0.435
375 239 23 24 0.271
323 205 12 18 0.240
16 232 14 16 0.213
475 207 20 27 0.160
155 255 22 26 0.040
372 236 19 23 0.040
620 422 34 43 0.036
40 244 13 19 0.032
709 482 21 28 0.030
481 205 18 24 0.026
251 289 27 33 0.025
28 303 25 37 0.023
357 219 13 18 0.022
328 206 12 16 0.018
630 416 26 40 0.017
475 219 19 25 0.016
373 210 15 21 0.015
12 232 13 17 0.012
895 476 36 52 0.011
242 245 35 45 0.011
