29_Students_Schoolkids_Students_Schoolkids_29_251
27
500 219 67 87 0.861
381 481 69 74 0.856
748 499 69 83 0.852
264 469 67 81 0.852
51 558 73 86 0.849
482 468 62 76 0.848
215 269 68 68 0.842
657 268 61 76 0.839
733 299 72 83 0.838
315 331 58 67 0.837
638 171 59 73 0.830
50 313 60 66 0.829
113 196 60 72 0.829
900 98 47 57 0.825
907 216 66 69 0.825
552 354 69 74 0.817
376 276 53 56 0.812
219 195 46 51 0.777
408 110 52 59 0.773
380 208 50 54 0.739
509 138 49 59 0.709
808 0 18 7 0.020
250 360 50 52 0.020
1001 234 24 68 0.018
524 141 49 54 0.017
734 141 51 57 0.014
803 0 31 10 0.012
