2_Demonstration_Political_Rally_2_816
45
510 27 92 126 0.841
700 491 56 68 0.826
94 432 84 148 0.802
232 423 69 88 0.797
800 555 58 69 0.790
944 578 63 70 0.745
935 447 42 51 0.658
581 106 72 93 0.606
53 292 67 92 0.604
685 461 38 53 0.589
152 395 54 70 0.573
720 430 28 33 0.546
766 432 29 40 0.529
946 486 47 52 0.481
789 425 27 38 0.418
827 488 55 66 0.370
688 424 25 30 0.245
990 453 26 34 0.159
1001 512 24 52 0.111
878 439 28 33 0.096
663 497 33 50 0.081
983 507 40 50 0.064
950 473 41 46 0.051
1000 403 18 25 0.050
882 426 26 30 0.036
794 480 30 40 0.034
923 396 15 19 0.034
840 451 31 37 0.033
831 512 45 55 0.026
702 422 36 45 0.021
740 642 51 47 0.019
682 460 57 79 0.018
1009 410 15 24 0.015
839 459 37 46 0.015
756 433 30 36 0.013
744 615 49 59 0.013
920 425 19 25 0.012
857 434 39 46 0.012
993 403 16 19 0.012
744 410 22 23 0.012
985 444 36 48 0.012
676 468 37 49 0.011
1002 410 18 25 0.011
828 457 32 38 0.011
683 633 44 53 0.011
