2_Demonstration_Protesters_2_738
27
458 98 109 132 0.868
0 1220 111 207 0.864
923 1037 100 180 0.852
727 1012 120 161 0.846
237 875 129 156 0.840
308 55 55 73 0.810
216 20 84 111 0.809
767 178 71 90 0.762
813 77 41 49 0.728
670 686 38 43 0.606
573 690 34 39 0.525
297 702 34 53 0.416
688 2 23 29 0.390
983 12 39 49 0.247
218 687 28 32 0.077
181 697 32 36 0.060
6 730 35 45 0.047
153 114 21 27 0.045
312 18 35 50 0.031
165 105 19 25 0.025
3 726 26 40 0.022
161 111 22 28 0.021
440 1395 96 33 0.018
177 102 19 29 0.016
29 728 30 36 0.014
415 689 34 37 0.012
320 13 21 27 0.011
