2_Demonstration_Political_Rally_2_64
45
633 456 31 36 0.774
585 393 30 32 0.711
790 260 23 30 0.699
852 383 26 32 0.662
639 395 19 27 0.605
635 294 9 12 0.555
522 351 24 30 0.508
703 333 18 22 0.434
553 287 9 11 0.233
198 258 8 11 0.162
641 356 18 22 0.132
202 203 6 8 0.102
200 203 6 7 0.091
707 336 20 22 0.089
524 284 12 15 0.087
531 356 22 27 0.051
629 415 17 24 0.044
509 354 19 25 0.040
924 183 11 13 0.038
580 357 20 23 0.032
542 449 26 31 0.027
673 342 14 19 0.026
205 214 6 8 0.024
722 401 22 28 0.023
630 398 17 26 0.023
868 379 20 29 0.022
716 340 19 23 0.019
887 274 20 31 0.019
263 213 6 8 0.019
663 348 16 20 0.017
334 201 8 10 0.016
243 238 7 9 0.016
552 291 11 13 0.016
905 241 14 21 0.015
180 221 6 8 0.014
636 356 17 22 0.014
622 395 15 22 0.014
444 338 12 14 0.014
181 222 7 8 0.012
556 291 9 13 0.012
649 353 16 19 0.012
582 309 20 20 0.011
503 350 16 23 0.011
893 267 17 29 0.011
877 381 17 24 0.010
