2_Demonstration_Demonstration_Or_Protest_2_914
83
257 29 41 53 0.824
833 351 16 20 0.718
52 335 14 20 0.708
778 356 15 18 0.704
79 70 22 27 0.689
607 302 13 16 0.686
902 107 14 17 0.685
104 362 11 13 0.673
911 348 16 22 0.670
377 317 13 17 0.652
186 341 11 14 0.631
638 314 10 13 0.613
514 327 9 13 0.600
166 54 18 37 0.555
388 302 10 13 0.523
719 364 14 15 0.509
167 334 10 16 0.497
315 338 8 11 0.485
509 313 9 12 0.474
549 334 9 12 0.432
252 341 9 11 0.429
230 97 12 14 0.424
577 313 8 10 0.416
235 342 8 11 0.357
278 341 8 11 0.329
127 332 10 14 0.268
481 339 9 9 0.194
138 95 15 18 0.191
547 315 8 9 0.187
166 329 11 16 0.155
508 317 10 12 0.148
855 121 11 14 0.140
248 339 9 12 0.139
467 311 7 9 0.114
506 313 9 11 0.110
856 124 11 15 0.094
853 118 10 14 0.093
293 310 8 11 0.068
231 343 9 12 0.056
758 127 5 6 0.054
529 309 7 10 0.051
378 134 6 8 0.047
783 129 6 7 0.046
96 24 16 21 0.040
774 124 5 6 0.038
122 76 12 16 0.037
786 128 6 8 0.036
122 337 9 12 0.035
469 325 8 12 0.035
448 319 6 9 0.032
131 332 10 14 0.028
170 318 10 12 0.026
120 81 12 18 0.025
289 335 10 11 0.024
572 323 8 10 0.024
492 315 8 10 0.023
292 317 10 13 0.023
569 324 8 10 0.023
479 141 6 7 0.022
125 74 11 13 0.021
449 322 9 12 0.020
732 124 5 6 0.020
316 342 8 11 0.018
39 48 18 26 0.017
210 342 8 10 0.016
729 124 5 6 0.016
50 25 14 20 0.014
407 145 6 7 0.014
323 323 9 12 0.013
238 68 14 17 0.013
451 140 6 7 0.013
508 130 6 8 0.012
233 348 8 11 0.012
898 335 13 17 0.012
165 325 10 14 0.012
857 131 10 12 0.011
792 118 6 8 0.011
716 365 13 17 0.011
537 344 9 11 0.011
117 76 14 19 0.011
851 114 9 13 0.010
143 89 12 17 0.010
574 324 8 11 0.010
