2_Demonstration_Political_Rally_2_90
44
539 266 55 79 0.782
788 380 22 27 0.728
921 377 13 16 0.588
201 355 11 14 0.558
112 360 12 15 0.497
876 379 11 14 0.470
299 363 11 14 0.459
24 315 11 14 0.450
63 320 11 14 0.399
196 335 10 12 0.395
236 379 12 17 0.359
155 363 11 13 0.330
37 371 12 15 0.229
34 369 11 16 0.196
327 368 11 14 0.145
73 298 12 14 0.103
939 406 11 14 0.090
28 315 10 14 0.068
41 373 12 15 0.068
108 360 12 14 0.066
32 368 10 15 0.064
26 312 9 13 0.053
233 355 10 13 0.049
11 325 10 13 0.035
193 335 10 13 0.030
6 326 10 13 0.029
234 383 12 17 0.028
154 313 11 14 0.027
324 373 12 14 0.025
943 406 10 14 0.025
826 373 10 13 0.024
329 374 11 14 0.024
40 348 10 12 0.024
79 421 12 16 0.023
953 458 13 13 0.021
304 363 12 13 0.021
162 344 9 12 0.017
331 362 10 14 0.015
50 261 10 11 0.014
372 371 10 12 0.012
156 316 11 14 0.012
37 348 10 13 0.011
153 309 11 15 0.010
117 359 12 15 0.010
