2_Demonstration_Protesters_2_684
451
853 576 53 55 0.713
910 416 18 20 0.707
736 433 17 22 0.692
953 475 21 25 0.689
230 422 16 18 0.680
870 432 20 23 0.677
663 442 17 20 0.676
773 412 14 18 0.673
109 496 18 23 0.662
828 450 18 22 0.652
205 371 13 16 0.651
739 377 13 16 0.647
562 465 18 23 0.642
682 546 22 28 0.638
537 374 11 14 0.634
792 559 22 24 0.613
603 480 20 18 0.611
522 424 16 18 0.609
306 389 14 16 0.606
359 433 15 17 0.604
693 363 12 15 0.601
616 420 14 16 0.569
571 341 10 13 0.563
78 401 14 16 0.555
165 349 11 13 0.554
855 364 12 14 0.554
365 370 12 14 0.545
1006 310 11 14 0.540
689 328 11 12 0.534
649 347 11 14 0.524
830 324 11 14 0.522
398 327 10 12 0.521
373 353 10 13 0.508
546 349 10 13 0.503
396 357 11 13 0.497
339 352 11 13 0.494
1006 336 11 13 0.490
886 334 12 13 0.489
41 362 10 12 0.483
576 360 10 13 0.478
201 345 10 11 0.477
731 294 9 10 0.472
755 325 10 12 0.470
465 339 11 14 0.468
306 495 16 21 0.465
859 387 14 17 0.462
807 305 10 12 0.456
505 323 9 10 0.455
441 323 9 11 0.436
600 369 11 12 0.427
500 354 11 13 0.420
306 344 10 11 0.414
619 346 11 14 0.412
479 318 8 10 0.400
478 430 15 18 0.399
463 369 13 16 0.396
67 600 21 35 0.394
816 338 11 14 0.390
749 479 19 21 0.388
447 376 13 15 0.388
3 477 18 24 0.388
998 289 9 10 0.386
647 328 9 12 0.386
603 331 9 12 0.359
552 429 14 19 0.355
591 314 9 11 0.350
424 347 10 12 0.350
381 335 9 12 0.344
187 341 8 11 0.340
310 322 9 11 0.335
179 326 8 11 0.333
384 315 9 11 0.327
727 345 11 13 0.321
90 369 12 14 0.319
454 307 8 9 0.303
716 405 15 18 0.301
428 458 15 17 0.299
146 336 9 11 0.297
992 329 10 12 0.292
269 315 10 11 0.289
335 331 10 12 0.285
293 358 10 12 0.283
308 306 10 11 0.282
419 340 11 13 0.277
371 298 8 10 0.271
414 294 7 10 0.270
838 307 10 11 0.270
253 335 9 12 0.264
959 273 8 9 0.254
143 314 9 11 0.253
26 323 9 11 0.249
8 371 10 13 0.249
45 327 9 12 0.247
908 283 8 10 0.242
614 298 8 11 0.236
656 326 8 11 0.229
868 304 8 10 0.221
552 315 8 10 0.218
295 317 9 11 0.216
412 375 13 15 0.214
574 322 9 11 0.213
193 319 7 10 0.202
0 356 6 13 0.202
406 308 8 10 0.201
508 346 10 12 0.201
324 372 11 13 0.200
992 272 8 10 0.199
685 293 9 10 0.196
502 351 11 14 0.195
19 408 13 16 0.193
430 303 8 9 0.190
601 318 9 11 0.189
597 353 9 11 0.189
950 297 9 10 0.188
6 333 9 12 0.185
93 367 11 14 0.176
501 274 7 8 0.174
653 473 16 19 0.169
235 305 8 10 0.167
975 287 7 10 0.166
692 297 9 11 0.165
623 296 8 9 0.164
805 355 12 15 0.163
320 353 9 12 0.162
534 324 9 11 0.159
203 296 8 9 0.158
114 354 9 12 0.156
501 299 8 11 0.155
275 381 11 14 0.154
12 332 8 11 0.152
122 344 10 11 0.152
345 289 7 9 0.148
468 296 7 9 0.148
372 395 13 14 0.148
648 289 8 9 0.144
161 335 8 10 0.143
888 298 9 10 0.142
351 316 9 11 0.142
530 326 9 11 0.140
533 342 9 12 0.140
374 294 8 10 0.137
395 298 7 9 0.134
253 287 9 12 0.131
541 313 8 9 0.128
971 346 11 15 0.125
931 360 13 16 0.124
463 296 8 9 0.123
219 259 7 9 0.121
906 298 8 10 0.121
410 313 8 11 0.117
336 318 8 10 0.117
401 325 10 12 0.117
939 282 8 10 0.115
345 403 12 13 0.114
56 335 10 12 0.111
96 330 9 11 0.110
8 514 29 27 0.108
428 290 7 9 0.108
600 301 8 10 0.104
359 326 9 10 0.104
616 297 9 11 0.103
688 295 10 11 0.102
158 338 9 10 0.099
980 302 9 11 0.099
605 318 9 10 0.099
529 361 9 12 0.097
59 338 9 11 0.095
830 345 11 13 0.094
974 252 8 8 0.094
859 317 9 11 0.094
92 314 7 9 0.094
653 267 7 9 0.093
116 304 8 10 0.091
592 275 7 8 0.091
213 319 9 10 0.091
116 350 10 12 0.091
391 298 8 9 0.090
911 267 7 9 0.089
571 334 10 12 0.089
288 301 7 10 0.088
94 333 9 11 0.086
210 321 8 11 0.086
591 301 7 9 0.085
877 326 11 13 0.083
423 362 11 13 0.082
410 303 8 10 0.081
505 300 7 10 0.081
293 319 8 12 0.080
216 318 8 10 0.078
446 292 7 8 0.078
417 293 8 9 0.078
220 314 8 10 0.078
972 288 8 10 0.077
339 317 9 11 0.076
415 320 8 10 0.076
364 399 14 14 0.075
14 329 10 11 0.075
233 303 7 10 0.073
889 294 8 10 0.073
976 271 7 9 0.072
953 278 7 9 0.072
171 308 7 10 0.071
773 325 9 11 0.070
499 303 8 9 0.069
990 269 8 10 0.068
835 283 8 10 0.068
37 358 10 12 0.067
49 327 9 11 0.067
666 338 9 11 0.066
920 296 8 9 0.066
545 315 8 10 0.066
833 285 8 10 0.064
667 357 11 13 0.064
819 451 17 20 0.064
927 279 7 9 0.063
928 357 12 16 0.063
720 275 7 9 0.063
877 323 9 12 0.062
72 319 8 9 0.062
901 300 9 11 0.060
604 360 12 14 0.060
484 271 7 7 0.059
94 363 11 14 0.058
339 377 11 13 0.058
505 296 7 10 0.058
589 277 7 8 0.057
75 319 8 9 0.057
378 288 7 9 0.057
799 291 8 10 0.057
108 393 12 15 0.057
890 271 8 9 0.053
40 306 8 9 0.053
6 348 10 13 0.053
480 339 10 11 0.053
572 293 7 9 0.052
117 307 7 11 0.052
479 315 8 11 0.051
697 298 9 11 0.051
78 322 8 10 0.051
961 266 8 11 0.050
708 410 14 17 0.050
430 292 8 8 0.050
776 327 9 12 0.048
658 320 8 11 0.048
504 275 6 8 0.048
862 332 9 12 0.048
500 297 7 8 0.047
240 328 8 10 0.047
633 319 9 11 0.047
659 309 8 10 0.046
448 290 6 8 0.046
854 294 8 10 0.046
642 294 8 10 0.046
942 477 20 23 0.045
717 276 7 8 0.045
221 348 8 10 0.045
1005 377 15 18 0.045
407 377 13 16 0.044
94 317 8 10 0.044
827 290 8 10 0.044
652 269 7 10 0.044
183 301 7 9 0.043
604 367 11 13 0.043
670 294 8 10 0.043
192 315 8 11 0.043
551 318 9 10 0.043
925 251 8 9 0.042
942 328 10 14 0.042
847 308 9 12 0.040
250 286 9 11 0.040
295 301 8 9 0.039
813 345 11 15 0.039
1001 289 9 11 0.039
982 395 16 18 0.038
706 296 8 9 0.038
602 274 6 7 0.038
59 303 7 8 0.038
38 307 7 8 0.037
926 277 7 9 0.037
798 275 7 7 0.037
432 416 15 17 0.037
382 287 7 9 0.037
49 412 12 14 0.036
1015 259 8 12 0.036
100 333 8 10 0.036
857 296 8 10 0.036
797 296 8 11 0.035
166 293 8 8 0.034
119 305 8 10 0.034
341 288 7 9 0.034
176 304 8 10 0.033
309 285 7 8 0.032
670 289 7 10 0.031
324 294 7 9 0.031
84 337 8 11 0.031
267 297 8 9 0.031
120 385 10 13 0.031
980 252 7 8 0.031
388 294 8 10 0.031
933 485 16 22 0.030
615 281 7 9 0.030
569 299 7 10 0.030
668 297 8 10 0.030
1014 245 7 8 0.030
940 338 11 13 0.030
425 352 10 12 0.030
790 307 8 11 0.029
953 297 9 11 0.029
573 290 9 10 0.029
249 334 12 14 0.029
272 319 9 11 0.028
592 255 6 7 0.027
488 336 9 11 0.027
261 278 8 10 0.027
571 287 7 8 0.027
634 271 7 7 0.027
471 364 10 14 0.027
77 306 7 8 0.027
99 297 7 8 0.026
586 301 8 10 0.026
242 252 7 9 0.026
172 346 10 12 0.026
307 303 9 10 0.026
396 352 10 13 0.026
17 313 7 8 0.026
944 299 10 11 0.025
949 252 6 8 0.025
841 341 10 14 0.025
840 268 7 8 0.025
153 305 8 10 0.025
1010 374 12 19 0.024
1003 258 7 8 0.024
164 291 9 10 0.024
534 237 6 6 0.024
1015 255 8 10 0.024
37 340 9 11 0.024
852 386 13 16 0.024
637 361 10 14 0.024
9 415 14 16 0.023
77 361 9 11 0.023
115 496 15 21 0.023
158 394 13 16 0.023
541 372 10 13 0.023
218 289 7 8 0.023
328 257 6 8 0.022
827 324 10 12 0.022
939 490 18 22 0.021
884 483 19 25 0.021
534 311 7 10 0.021
113 414 14 17 0.021
683 256 7 8 0.021
937 364 13 15 0.021
858 290 8 9 0.020
615 264 6 8 0.020
855 546 24 24 0.020
259 361 10 12 0.020
77 303 7 8 0.020
154 292 7 9 0.020
287 332 8 11 0.020
879 331 11 14 0.020
5 318 7 9 0.020
731 400 13 16 0.019
41 304 7 8 0.019
402 286 7 8 0.019
792 309 8 12 0.019
441 290 7 8 0.019
944 326 10 12 0.019
288 335 8 11 0.019
446 370 12 13 0.019
795 345 10 14 0.018
897 307 8 10 0.018
156 288 7 9 0.018
730 272 7 8 0.018
1010 380 11 17 0.018
424 381 12 14 0.018
669 261 6 8 0.017
116 391 12 14 0.017
616 266 6 8 0.017
595 256 6 6 0.017
941 326 9 12 0.017
62 301 7 9 0.017
900 357 12 14 0.017
939 249 7 9 0.017
34 343 9 11 0.017
782 372 10 13 0.017
584 255 6 7 0.017
333 258 6 9 0.017
1016 270 7 10 0.017
115 324 8 11 0.017
526 419 15 19 0.017
300 380 11 14 0.016
971 319 9 11 0.016
819 247 7 8 0.016
257 535 16 20 0.016
127 340 9 11 0.016
116 418 15 17 0.016
54 304 9 10 0.016
820 216 7 8 0.016
10 317 8 10 0.015
273 378 10 14 0.015
736 337 10 14 0.015
974 286 11 13 0.015
102 295 9 10 0.015
962 250 6 8 0.015
975 309 10 13 0.015
489 271 9 10 0.015
557 431 13 18 0.015
671 338 9 12 0.015
460 375 13 15 0.015
399 384 13 14 0.014
2 510 17 22 0.014
801 277 7 8 0.014
313 290 8 10 0.014
324 290 7 8 0.014
737 279 7 9 0.014
782 228 7 8 0.014
471 319 8 9 0.014
223 346 8 10 0.014
263 294 8 10 0.013
933 251 7 9 0.013
590 369 10 12 0.013
426 235 6 7 0.013
704 392 12 17 0.013
1010 243 7 8 0.013
3 315 7 8 0.012
689 290 8 10 0.012
710 269 7 7 0.012
231 413 14 18 0.012
266 380 11 15 0.012
290 360 11 13 0.012
306 283 9 10 0.012
421 419 12 15 0.012
417 280 7 8 0.012
360 427 15 18 0.012
113 406 12 16 0.012
714 499 16 19 0.011
358 336 8 11 0.011
452 306 11 14 0.011
701 387 10 15 0.011
73 357 9 12 0.011
833 255 7 9 0.011
612 424 14 16 0.011
782 319 8 11 0.011
22 374 9 12 0.011
476 444 14 16 0.010
910 320 9 12 0.010
122 378 12 13 0.010
915 412 16 22 0.010
230 396 12 14 0.010
446 350 9 12 0.010
905 351 11 14 0.010
