2_Demonstration_Political_Rally_2_18
97
24 257 17 22 0.787
380 435 20 26 0.770
22 460 21 25 0.770
167 331 21 26 0.770
485 359 18 24 0.763
171 448 21 30 0.763
863 446 21 26 0.762
623 454 20 25 0.762
67 337 18 23 0.758
223 273 20 26 0.758
315 436 21 26 0.757
241 420 22 26 0.756
12 353 19 25 0.755
239 310 18 23 0.748
767 418 20 24 0.745
26 311 18 23 0.741
315 260 18 23 0.738
916 433 19 25 0.737
89 264 18 22 0.733
133 294 20 24 0.733
422 426 19 22 0.733
97 446 20 25 0.733
41 240 18 21 0.730
147 383 20 26 0.728
273 395 20 26 0.728
480 402 18 21 0.728
186 305 17 22 0.725
103 239 17 21 0.724
529 395 19 25 0.722
264 205 18 23 0.721
452 294 16 22 0.718
443 455 20 29 0.717
171 257 17 24 0.714
500 447 20 25 0.713
42 447 18 24 0.706
159 408 17 23 0.704
364 427 18 24 0.698
1 208 12 21 0.696
355 343 19 25 0.687
435 411 18 22 0.676
228 251 17 20 0.675
299 330 19 28 0.672
76 320 16 21 0.668
332 200 16 21 0.666
82 288 18 21 0.664
188 228 16 20 0.662
154 302 19 23 0.654
368 301 17 24 0.654
335 385 19 25 0.654
461 487 19 23 0.654
236 383 19 25 0.619
43 425 18 22 0.583
368 344 16 23 0.579
125 429 18 22 0.578
299 317 18 24 0.563
429 359 17 23 0.533
397 384 17 21 0.478
229 361 19 25 0.338
369 430 19 25 0.263
1 463 8 23 0.214
682 439 18 22 0.162
57 258 14 18 0.144
512 492 17 20 0.137
401 468 19 24 0.136
410 272 14 20 0.117
1 259 8 22 0.100
250 344 17 23 0.097
441 315 16 19 0.096
125 247 12 16 0.087
23 436 14 18 0.063
282 268 16 20 0.057
344 273 13 18 0.053
386 397 18 23 0.044
507 566 31 27 0.038
383 404 16 20 0.038
12 463 18 21 0.033
374 368 16 21 0.031
1 268 6 22 0.031
0 407 6 25 0.027
29 297 15 19 0.026
435 363 17 21 0.026
300 442 17 22 0.023
375 277 14 19 0.023
327 352 14 21 0.021
303 437 19 25 0.020
39 338 13 17 0.017
360 301 17 22 0.016
362 655 54 75 0.015
143 557 30 38 0.015
392 283 16 20 0.014
244 349 19 24 0.014
405 269 16 22 0.013
187 278 16 20 0.013
104 450 18 21 0.013
164 223 16 19 0.012
398 282 16 21 0.011
506 573 28 28 0.010
