2_Demonstration_Demonstrators_2_713
173
107 386 39 60 0.702
364 386 25 36 0.682
561 342 20 32 0.640
399 312 22 28 0.589
684 323 22 26 0.498
859 310 19 23 0.498
300 315 15 17 0.461
372 244 8 9 0.359
515 336 24 31 0.329
248 267 8 9 0.322
259 284 9 11 0.266
484 281 9 11 0.266
419 282 11 14 0.243
190 280 9 11 0.242
219 264 9 10 0.239
207 292 9 11 0.238
558 273 9 12 0.217
326 242 10 11 0.211
459 266 9 11 0.204
525 256 9 11 0.202
349 243 8 10 0.200
933 277 18 23 0.193
285 261 8 9 0.190
267 240 8 9 0.188
576 282 10 11 0.177
341 296 15 18 0.174
197 253 8 10 0.159
614 272 8 10 0.150
496 379 26 36 0.130
575 266 8 9 0.122
604 266 8 9 0.114
217 267 9 11 0.112
215 278 9 10 0.096
330 241 8 11 0.096
800 269 9 10 0.092
918 311 18 20 0.092
797 267 10 11 0.091
603 289 8 10 0.085
217 260 9 10 0.083
192 283 10 11 0.076
264 240 8 9 0.070
611 271 8 10 0.068
257 285 8 10 0.067
431 256 8 9 0.066
428 256 9 11 0.065
494 244 9 11 0.065
85 287 11 14 0.064
601 269 8 10 0.062
519 278 11 13 0.060
324 246 10 11 0.059
651 271 9 11 0.056
596 292 8 9 0.055
148 261 11 13 0.055
306 307 14 17 0.055
639 246 7 9 0.054
230 249 8 10 0.054
236 278 8 11 0.050
110 231 6 7 0.048
863 305 18 24 0.048
628 275 8 10 0.047
198 255 9 10 0.046
94 233 7 8 0.046
412 267 9 10 0.046
225 255 8 11 0.045
600 291 9 10 0.044
580 283 9 11 0.044
342 290 13 16 0.044
536 326 19 24 0.042
491 369 26 35 0.041
539 280 9 11 0.041
533 259 8 10 0.040
502 269 10 13 0.040
767 272 8 10 0.038
400 267 9 11 0.036
281 260 8 11 0.035
157 238 8 9 0.035
478 267 8 11 0.035
463 289 11 13 0.035
433 256 9 10 0.034
179 253 8 10 0.033
208 253 7 9 0.033
846 264 9 10 0.032
829 262 9 11 0.032
571 265 8 9 0.031
871 260 10 11 0.031
670 264 8 9 0.031
490 246 10 11 0.030
234 242 7 9 0.030
441 300 10 14 0.030
273 245 8 10 0.030
540 261 9 10 0.029
183 268 9 11 0.029
645 293 9 12 0.028
634 267 7 10 0.028
480 261 8 11 0.027
394 375 20 32 0.027
113 231 6 7 0.025
50 239 7 9 0.025
554 316 18 21 0.024
504 265 9 12 0.024
111 230 8 9 0.024
307 303 12 14 0.024
160 237 7 8 0.024
280 276 8 11 0.024
181 238 7 8 0.023
455 267 9 11 0.023
483 256 9 11 0.023
338 289 12 16 0.022
469 375 25 35 0.022
717 260 9 11 0.021
144 259 10 12 0.021
175 251 8 11 0.021
826 264 9 11 0.021
720 262 9 11 0.021
705 266 9 11 0.020
656 270 10 10 0.020
527 332 20 28 0.020
509 271 10 13 0.020
709 254 10 11 0.019
866 261 9 10 0.019
275 272 9 11 0.019
416 284 11 15 0.018
465 247 8 10 0.018
443 270 9 12 0.018
452 288 12 13 0.018
548 319 19 23 0.017
202 228 7 8 0.017
709 258 10 12 0.017
181 257 9 11 0.017
284 259 11 13 0.017
654 268 8 10 0.017
522 328 20 29 0.017
799 271 8 10 0.017
379 257 9 12 0.016
593 255 6 8 0.016
25 299 12 17 0.016
573 262 9 10 0.016
924 307 17 22 0.015
860 261 9 11 0.015
476 364 25 33 0.015
713 261 11 12 0.015
627 299 7 9 0.015
643 297 9 11 0.015
393 268 10 12 0.014
698 265 10 12 0.014
792 269 9 11 0.014
481 314 14 19 0.014
200 228 6 7 0.013
188 310 9 10 0.013
260 249 9 10 0.013
468 248 7 10 0.013
425 266 9 11 0.013
694 263 10 12 0.013
57 232 7 8 0.012
41 268 11 13 0.012
706 261 11 13 0.012
851 262 11 11 0.012
41 320 16 18 0.012
828 266 10 11 0.012
688 281 11 14 0.012
723 261 9 11 0.012
465 392 25 34 0.011
644 280 9 11 0.011
170 291 8 10 0.011
107 269 10 13 0.011
398 269 12 12 0.011
545 261 8 10 0.011
54 232 8 10 0.011
714 254 9 11 0.010
689 285 14 17 0.010
465 295 14 17 0.010
672 267 9 11 0.010
304 297 11 13 0.010
