2_Demonstration_Political_Rally_2_204
129
465 393 9 12 0.474
766 386 9 13 0.417
499 399 8 11 0.409
407 390 9 13 0.405
340 397 9 12 0.402
385 394 9 11 0.384
135 436 11 12 0.384
1001 385 9 12 0.383
446 398 8 11 0.368
837 391 8 12 0.329
422 392 8 11 0.314
227 437 9 12 0.254
57 406 10 13 0.246
925 391 8 9 0.238
204 430 8 10 0.220
234 361 6 7 0.208
812 396 7 9 0.200
170 431 7 10 0.188
411 392 10 12 0.164
191 359 5 6 0.162
660 391 9 11 0.140
244 437 7 9 0.126
233 361 6 8 0.125
277 400 9 11 0.121
838 388 8 12 0.110
519 322 5 6 0.109
484 394 7 10 0.106
252 426 7 10 0.106
941 385 8 10 0.101
762 386 9 12 0.094
149 428 9 11 0.086
748 406 7 10 0.085
526 401 8 9 0.084
246 435 8 10 0.083
404 389 9 12 0.076
939 386 8 10 0.068
124 364 6 7 0.068
200 427 9 11 0.064
61 406 10 13 0.063
319 397 7 11 0.062
153 431 7 9 0.062
641 383 6 8 0.061
176 427 8 9 0.060
481 392 7 10 0.060
153 435 9 11 0.059
979 408 7 10 0.053
183 402 6 9 0.051
187 430 8 10 0.047
993 377 6 8 0.046
677 391 7 10 0.046
923 390 7 10 0.045
208 419 7 8 0.045
443 399 8 11 0.044
188 359 5 7 0.044
801 392 7 9 0.042
257 420 10 12 0.042
690 411 7 9 0.040
28 403 8 11 0.040
119 429 7 10 0.040
702 370 5 6 0.040
188 428 10 11 0.039
659 389 8 10 0.036
197 420 7 9 0.034
704 386 6 8 0.033
799 392 6 8 0.032
875 388 8 10 0.032
127 365 6 7 0.031
555 339 5 5 0.031
850 368 6 7 0.030
250 421 7 9 0.029
693 414 7 9 0.027
666 390 9 11 0.027
437 395 7 10 0.026
873 387 7 9 0.025
232 418 7 8 0.024
664 394 9 11 0.024
550 398 8 10 0.024
492 400 8 10 0.023
924 393 8 10 0.022
617 398 7 8 0.022
863 390 7 9 0.022
220 424 7 10 0.020
867 389 7 9 0.019
944 387 8 10 0.019
700 371 5 5 0.019
906 388 7 9 0.018
280 397 7 10 0.018
131 419 6 9 0.018
620 398 7 9 0.018
871 371 6 7 0.017
103 433 7 9 0.017
293 404 7 10 0.017
586 387 6 10 0.017
583 395 7 10 0.017
230 429 8 10 0.017
615 397 7 9 0.017
578 401 8 9 0.017
255 420 7 9 0.016
221 419 7 8 0.016
839 384 7 8 0.016
113 418 7 8 0.016
570 337 5 6 0.016
566 337 5 6 0.015
730 362 6 6 0.015
91 434 7 8 0.015
580 397 7 10 0.014
121 363 8 10 0.014
552 397 9 11 0.013
154 394 5 6 0.013
831 389 7 10 0.013
276 397 7 10 0.013
569 343 4 5 0.013
903 389 7 10 0.013
907 390 7 9 0.012
553 339 4 5 0.012
467 390 9 11 0.012
111 419 6 7 0.012
798 388 8 10 0.012
97 433 7 9 0.012
681 399 9 11 0.011
574 400 7 9 0.011
109 367 5 7 0.011
983 408 7 10 0.011
322 387 9 11 0.011
826 409 8 9 0.011
712 410 7 9 0.011
881 392 7 11 0.010
315 395 8 11 0.010
518 402 7 9 0.010
