2_Demonstration_Political_Rally_2_641
27
429 175 51 70 0.835
8 145 45 58 0.833
572 157 53 74 0.828
116 127 51 67 0.817
515 157 49 66 0.811
199 133 48 54 0.781
901 146 34 51 0.716
293 136 44 71 0.696
723 155 39 70 0.696
992 214 30 57 0.680
942 177 33 47 0.679
819 154 37 55 0.677
644 156 40 65 0.574
602 137 41 58 0.537
474 202 30 45 0.219
849 131 25 51 0.199
164 138 27 39 0.194
0 187 13 51 0.190
154 137 32 48 0.070
838 141 32 53 0.029
341 184 34 45 0.026
0 206 9 34 0.020
723 196 29 57 0.017
135 130 37 55 0.013
461 164 31 49 0.012
478 208 22 30 0.011
826 159 42 60 0.011
