2_Demonstration_Protesters_2_646
39
342 242 105 145 0.864
653 219 76 92 0.846
980 220 42 51 0.798
471 210 81 106 0.796
227 189 53 72 0.792
805 343 75 94 0.787
592 178 23 29 0.685
452 160 51 79 0.683
335 183 22 30 0.677
391 179 18 22 0.636
568 219 38 50 0.611
281 174 17 20 0.513
119 169 36 46 0.506
192 186 16 19 0.438
743 195 20 25 0.363
287 174 15 18 0.300
90 195 26 35 0.246
565 212 29 37 0.085
418 179 12 17 0.071
374 183 13 16 0.060
671 190 48 51 0.041
89 184 25 34 0.034
567 202 17 22 0.034
0 156 50 76 0.033
873 343 42 63 0.032
3 186 32 44 0.028
560 205 21 25 0.024
370 189 15 18 0.024
166 181 18 21 0.021
4 145 42 59 0.016
564 200 26 36 0.016
411 181 14 18 0.016
748 192 18 21 0.015
94 181 20 26 0.014
373 192 16 19 0.014
548 197 12 15 0.013
296 175 12 15 0.013
276 171 16 20 0.013
846 457 110 57 0.011
