2_Demonstration_Political_Rally_2_83
194
882 559 113 125 0.861
600 492 97 136 0.847
227 265 71 91 0.842
289 570 107 114 0.831
881 331 80 94 0.825
403 308 90 118 0.823
561 292 72 80 0.814
625 387 91 104 0.813
888 156 50 60 0.810
115 525 112 114 0.803
0 396 89 102 0.799
45 180 48 63 0.797
74 217 54 64 0.793
173 391 75 95 0.792
447 116 40 49 0.790
178 155 49 61 0.790
981 443 43 109 0.778
94 291 71 86 0.777
327 165 51 65 0.775
738 376 72 103 0.768
502 210 57 72 0.766
233 120 40 53 0.765
673 607 109 90 0.754
209 223 55 70 0.745
812 134 39 52 0.741
91 613 110 85 0.735
9 125 48 62 0.729
791 120 34 45 0.727
475 84 36 40 0.721
559 81 33 38 0.720
466 179 52 65 0.718
169 0 30 36 0.716
111 80 34 43 0.716
973 217 52 86 0.716
0 71 33 41 0.705
408 197 48 61 0.705
739 154 48 54 0.700
428 32 28 34 0.697
204 108 31 43 0.695
381 152 36 46 0.689
219 59 35 45 0.676
400 106 34 45 0.667
927 195 51 65 0.664
38 282 41 59 0.663
265 18 23 31 0.652
473 17 25 28 0.645
750 19 23 28 0.643
289 32 31 37 0.636
627 65 29 34 0.636
385 61 31 34 0.634
617 238 58 58 0.629
131 173 43 51 0.622
949 160 53 55 0.587
824 61 27 37 0.554
556 184 31 42 0.544
0 153 18 58 0.541
308 69 28 34 0.506
251 65 26 35 0.498
881 76 35 39 0.496
668 50 26 30 0.489
233 10 25 31 0.484
946 10 28 34 0.469
869 25 27 33 0.469
595 99 46 50 0.466
918 -1 23 25 0.463
475 45 21 27 0.454
820 331 48 60 0.429
814 38 27 31 0.420
78 41 30 36 0.418
567 41 19 25 0.409
344 33 26 33 0.407
973 81 31 45 0.390
0 251 28 58 0.386
603 57 26 30 0.384
995 127 26 36 0.375
497 43 24 30 0.364
243 184 41 47 0.342
217 114 39 53 0.335
413 0 22 22 0.317
511 0 25 23 0.304
376 95 31 39 0.303
758 88 31 40 0.301
609 25 19 24 0.285
34 62 27 37 0.269
779 43 25 29 0.250
665 87 32 37 0.237
982 30 25 30 0.236
371 236 55 72 0.222
829 16 23 25 0.215
585 18 22 24 0.208
751 183 48 60 0.195
669 21 24 25 0.179
0 329 15 82 0.176
533 57 25 33 0.173
701 31 27 31 0.168
608 32 22 28 0.162
119 41 23 31 0.157
340 24 26 32 0.155
371 428 55 76 0.149
586 180 44 53 0.143
943 78 35 45 0.141
805 256 50 66 0.136
270 2 18 23 0.136
300 1 17 21 0.131
0 36 9 33 0.123
445 66 28 35 0.122
693 6 20 22 0.122
27 2 27 29 0.120
289 70 27 36 0.104
506 101 23 31 0.099
349 437 63 80 0.096
741 70 29 40 0.092
515 380 66 88 0.087
595 206 51 54 0.084
61 138 39 45 0.083
631 203 41 43 0.081
390 15 21 24 0.078
10 29 22 30 0.072
535 20 19 23 0.069
883 129 34 46 0.067
341 16 25 28 0.064
711 29 23 29 0.062
642 72 38 45 0.060
536 49 26 33 0.058
795 21 22 25 0.055
101 19 21 25 0.055
124 119 30 39 0.054
590 52 20 24 0.053
312 97 30 41 0.053
364 0 22 20 0.051
788 316 65 72 0.050
998 95 27 44 0.050
747 165 47 57 0.049
886 288 65 72 0.046
345 132 35 39 0.044
876 85 34 44 0.043
558 38 25 32 0.043
394 89 32 36 0.038
72 14 20 23 0.038
700 104 34 39 0.034
988 19 23 29 0.034
-1 140 32 61 0.032
611 222 47 56 0.031
540 395 63 86 0.030
661 28 24 26 0.029
610 5 17 18 0.029
78 53 26 34 0.029
2 31 23 35 0.028
818 -2 25 20 0.028
944 25 27 33 0.027
765 201 53 65 0.027
476 160 47 60 0.027
904 279 60 59 0.027
982 -1 23 23 0.026
797 67 23 32 0.025
881 282 54 58 0.025
1000 108 23 46 0.024
198 53 24 30 0.023
949 100 32 42 0.022
0 306 13 78 0.022
660 79 29 37 0.021
536 69 21 27 0.020
594 90 37 44 0.019
596 166 43 53 0.019
964 88 34 47 0.019
1011 52 14 27 0.018
379 2 24 22 0.018
664 96 40 47 0.018
310 111 29 43 0.018
951 32 26 33 0.016
452 63 22 27 0.016
337 21 21 26 0.016
485 18 20 24 0.014
662 16 24 25 0.014
760 102 30 36 0.013
608 49 22 27 0.013
576 188 43 49 0.013
402 76 28 32 0.013
511 42 36 44 0.013
486 152 43 52 0.013
587 121 40 48 0.013
116 37 20 25 0.012
789 5 24 20 0.012
977 162 37 54 0.012
96 179 63 81 0.012
734 60 28 35 0.012
336 444 53 65 0.012
972 20 36 45 0.012
676 624 56 60 0.011
73 7 19 20 0.011
697 31 21 26 0.011
375 204 56 64 0.011
125 47 28 33 0.011
6 303 40 78 0.010
