2_Demonstration_Demonstrators_2_306
35
188 360 12 16 0.308
211 367 11 16 0.216
0 380 7 11 0.152
304 378 14 18 0.115
65 372 11 12 0.109
37 374 10 11 0.107
271 364 10 13 0.082
23 368 9 11 0.072
240 370 11 13 0.071
38 377 11 12 0.062
169 333 11 13 0.048
113 393 14 17 0.045
564 197 57 59 0.043
138 404 15 21 0.042
235 371 11 13 0.038
184 362 12 16 0.027
43 380 10 12 0.025
203 392 12 14 0.022
334 373 10 14 0.021
143 406 15 19 0.019
130 406 17 22 0.019
111 414 14 17 0.018
152 416 15 18 0.017
140 395 14 17 0.015
41 383 10 13 0.015
63 376 12 14 0.015
88 368 10 11 0.014
214 366 10 13 0.013
0 481 13 21 0.013
0 406 7 19 0.012
0 435 10 17 0.012
5 419 11 19 0.011
655 472 18 23 0.011
142 390 12 17 0.011
271 369 11 13 0.010
