2_Demonstration_Demonstrators_2_781
51
695 219 48 56 0.825
254 168 53 71 0.824
548 144 54 79 0.812
464 201 39 53 0.810
536 213 35 44 0.762
923 271 38 43 0.762
393 196 24 32 0.752
931 229 27 32 0.684
533 191 21 27 0.669
238 131 30 49 0.666
815 228 19 20 0.503
438 225 9 11 0.496
762 227 20 24 0.460
858 247 14 17 0.439
761 253 19 22 0.412
244 138 38 62 0.307
978 247 11 23 0.285
889 238 14 16 0.235
423 222 6 9 0.201
129 214 13 16 0.193
533 182 28 39 0.178
44 204 7 7 0.108
111 229 15 18 0.105
501 208 18 25 0.102
501 218 20 26 0.074
792 240 12 14 0.064
360 207 11 15 0.063
666 145 8 10 0.060
981 248 14 23 0.056
757 228 18 21 0.048
852 247 14 17 0.047
891 241 14 18 0.044
654 188 7 8 0.040
1001 241 12 20 0.037
441 224 7 9 0.036
662 227 9 12 0.027
106 227 15 19 0.025
1016 249 7 19 0.025
756 258 20 23 0.025
505 225 20 24 0.020
969 245 22 32 0.018
87 209 10 12 0.015
797 241 11 13 0.015
1016 254 8 20 0.015
135 222 11 17 0.014
816 235 18 18 0.013
543 167 44 57 0.013
41 203 6 7 0.013
125 211 19 25 0.012
744 228 16 22 0.010
768 251 16 21 0.010
