2_Demonstration_Demonstration_Or_Protest_2_795
101
450 435 137 155 0.865
409 141 10 13 0.423
676 150 10 11 0.386
620 148 11 13 0.348
447 140 9 10 0.322
589 139 10 12 0.295
92 146 8 9 0.265
751 142 11 13 0.261
531 140 10 11 0.226
656 128 8 11 0.222
552 138 10 12 0.212
369 142 9 10 0.208
134 142 8 10 0.202
466 132 10 12 0.169
484 143 11 12 0.146
618 145 11 13 0.144
575 135 10 12 0.142
678 133 9 12 0.137
746 143 11 11 0.135
237 139 7 8 0.126
107 146 8 9 0.124
264 136 7 8 0.117
542 129 9 10 0.111
73 140 7 9 0.085
384 139 8 10 0.083
534 141 10 11 0.074
672 150 10 11 0.072
335 141 8 10 0.067
624 143 11 14 0.067
623 149 11 13 0.065
164 152 9 11 0.065
722 140 9 11 0.060
489 137 11 12 0.057
452 134 11 12 0.055
731 140 10 11 0.054
593 138 11 12 0.054
728 139 10 11 0.051
225 137 7 8 0.048
817 135 8 9 0.048
714 134 9 11 0.046
567 139 10 11 0.045
51 155 7 9 0.044
619 139 11 12 0.044
346 141 8 9 0.043
241 139 6 8 0.040
315 150 7 9 0.038
263 138 7 8 0.038
333 139 8 10 0.038
231 138 8 9 0.038
48 154 8 9 0.037
659 148 10 12 0.036
590 145 10 11 0.034
302 142 7 9 0.033
156 142 7 9 0.032
762 138 8 10 0.032
415 141 11 12 0.032
26 162 7 9 0.030
466 127 10 13 0.030
267 135 6 8 0.029
47 158 8 9 0.027
479 144 10 12 0.026
465 137 9 11 0.026
305 142 7 9 0.024
782 138 8 9 0.023
267 139 7 9 0.023
656 149 10 11 0.023
439 139 9 11 0.022
237 136 7 8 0.022
814 134 7 10 0.022
708 135 10 11 0.020
491 133 10 11 0.020
728 145 9 11 0.018
607 141 10 11 0.018
346 152 8 10 0.018
711 134 8 9 0.018
546 144 11 11 0.017
489 143 11 13 0.017
682 151 10 11 0.017
446 144 10 10 0.015
574 145 10 11 0.015
606 134 9 10 0.015
191 142 7 8 0.015
1005 515 19 68 0.014
159 141 8 9 0.014
344 147 9 10 0.014
785 138 8 9 0.013
161 153 8 10 0.013
521 137 9 10 0.013
308 133 7 7 0.013
334 132 8 9 0.012
511 157 8 10 0.012
300 138 9 10 0.012
569 134 9 10 0.012
613 133 10 11 0.011
591 135 9 11 0.011
819 138 7 10 0.011
307 137 9 10 0.011
766 142 9 11 0.011
758 134 10 11 0.011
302 132 7 7 0.010
27 165 7 9 0.010
