2_Demonstration_Political_Rally_2_171
23
850 653 56 89 0.833
104 622 43 57 0.787
45 707 41 59 0.765
616 662 52 86 0.757
149 706 34 57 0.729
126 567 16 23 0.714
406 704 45 64 0.714
947 620 19 22 0.704
736 729 54 39 0.688
1004 628 18 21 0.625
445 649 28 49 0.620
204 664 34 45 0.571
549 660 28 45 0.408
303 653 32 37 0.068
421 594 16 32 0.042
562 721 29 47 0.029
358 669 28 39 0.016
1018 650 7 22 0.015
272 703 26 50 0.013
390 715 38 54 0.013
11 747 33 23 0.012
555 703 36 53 0.011
196 671 38 51 0.011
