2_Demonstration_Demonstrators_2_188
59
375 455 96 126 0.839
774 1076 116 122 0.779
221 344 51 57 0.771
225 241 35 43 0.760
483 384 38 47 0.759
190 287 36 46 0.756
286 336 40 53 0.732
152 409 46 58 0.708
877 361 32 44 0.703
4 420 35 51 0.666
389 346 37 45 0.512
304 272 27 40 0.416
853 223 22 26 0.366
1008 361 15 21 0.312
20 395 27 32 0.214
546 408 25 37 0.188
108 353 18 23 0.185
890 330 16 20 0.129
630 370 26 32 0.094
614 390 30 36 0.091
618 380 31 38 0.090
771 357 41 49 0.072
980 369 15 19 0.065
559 407 31 40 0.060
403 352 32 40 0.052
10 344 20 30 0.042
359 353 21 31 0.039
1 398 15 25 0.036
924 392 19 24 0.033
514 332 23 27 0.031
657 368 21 26 0.029
925 365 17 25 0.029
958 376 16 19 0.026
548 417 27 37 0.026
351 370 27 34 0.025
1013 362 13 24 0.024
923 379 18 28 0.023
203 348 57 73 0.022
507 336 28 34 0.020
4 358 15 28 0.020
354 359 28 35 0.019
990 340 12 14 0.018
706 367 56 64 0.018
116 353 18 23 0.018
577 410 28 37 0.018
413 370 29 35 0.017
627 369 21 26 0.017
913 328 11 14 0.017
958 406 25 31 0.017
966 404 20 29 0.015
499 352 28 33 0.015
1 382 16 27 0.014
960 413 25 33 0.012
666 371 22 31 0.012
947 404 25 32 0.011
345 377 28 37 0.011
422 381 26 32 0.011
1014 332 10 17 0.011
923 416 25 38 0.010
