2_Demonstration_Political_Rally_2_319
233
617 456 36 47 0.778
138 685 25 39 0.705
714 529 33 50 0.698
158 484 22 35 0.693
393 465 23 34 0.693
668 443 24 35 0.688
120 444 21 29 0.682
856 428 15 25 0.656
276 459 21 35 0.615
834 566 43 63 0.587
53 456 22 30 0.563
46 566 26 50 0.525
874 385 11 16 0.472
299 470 20 33 0.464
843 395 11 14 0.455
782 414 11 16 0.425
954 400 9 14 0.398
537 448 16 25 0.393
455 434 17 27 0.379
312 519 20 35 0.377
214 441 20 32 0.350
287 374 8 12 0.314
110 368 8 10 0.306
132 404 18 21 0.295
220 391 12 18 0.267
0 393 8 19 0.261
250 369 7 10 0.258
436 410 16 20 0.238
230 357 9 10 0.231
723 472 24 32 0.211
77 386 11 14 0.174
494 381 11 14 0.161
531 389 12 14 0.161
242 382 10 12 0.159
245 401 13 18 0.158
862 378 7 9 0.157
926 377 6 9 0.143
28 460 16 23 0.143
37 389 10 13 0.142
246 373 9 11 0.124
457 375 9 12 0.120
176 420 16 21 0.119
1013 385 7 9 0.113
749 404 10 14 0.113
994 488 15 23 0.113
268 354 6 7 0.106
870 365 6 7 0.104
400 363 9 10 0.102
133 368 7 8 0.102
35 456 19 26 0.099
90 355 6 8 0.098
193 412 16 21 0.098
859 377 7 8 0.097
238 400 13 19 0.091
967 377 8 10 0.090
308 360 7 8 0.089
467 392 16 19 0.087
262 380 9 12 0.086
314 377 9 13 0.085
72 353 7 9 0.083
309 358 9 9 0.080
813 392 8 10 0.078
829 431 12 17 0.078
182 418 17 21 0.076
325 391 10 14 0.076
324 343 6 7 0.074
710 412 10 16 0.071
253 357 7 8 0.070
371 480 21 28 0.069
965 365 6 8 0.068
314 358 7 9 0.068
723 401 11 13 0.068
58 371 8 11 0.067
572 525 26 42 0.064
905 373 6 7 0.062
198 380 8 12 0.062
194 358 7 8 0.062
896 396 11 13 0.062
508 366 7 10 0.061
283 375 10 12 0.060
685 400 12 18 0.059
321 342 6 8 0.058
809 394 10 13 0.058
25 367 8 10 0.057
345 362 8 10 0.057
973 521 27 34 0.056
130 369 7 10 0.056
352 373 9 12 0.055
337 410 12 20 0.055
381 360 7 9 0.054
37 445 18 26 0.052
743 402 11 14 0.051
424 366 10 12 0.050
77 354 7 8 0.049
405 380 10 13 0.049
22 357 7 9 0.049
862 376 6 8 0.048
574 527 37 52 0.047
400 366 10 13 0.047
275 340 5 6 0.046
576 444 15 20 0.046
11 353 6 8 0.045
326 343 6 8 0.044
2 369 7 12 0.043
875 382 9 12 0.043
309 422 14 18 0.042
572 542 32 47 0.042
688 403 12 16 0.041
706 410 11 16 0.041
2 392 13 19 0.040
365 415 12 20 0.039
128 367 8 9 0.039
792 460 13 22 0.039
895 404 11 13 0.038
192 357 6 9 0.038
1007 369 6 7 0.038
966 367 6 8 0.038
951 373 6 7 0.037
914 386 7 10 0.036
350 369 9 11 0.036
683 397 11 17 0.035
113 367 7 9 0.034
175 367 7 10 0.034
270 358 7 9 0.034
869 387 10 13 0.033
330 400 12 18 0.033
884 371 6 8 0.033
321 388 10 13 0.032
822 365 6 7 0.032
747 401 10 14 0.032
60 372 9 11 0.032
534 391 14 17 0.032
424 363 8 11 0.031
42 360 6 7 0.031
171 410 13 18 0.031
911 388 8 10 0.031
282 354 7 8 0.031
313 371 8 11 0.030
523 427 16 27 0.030
224 350 6 7 0.030
967 370 7 9 0.029
381 410 15 21 0.028
1000 487 14 23 0.028
986 390 7 9 0.028
209 362 6 8 0.028
897 360 6 7 0.028
143 366 6 8 0.028
169 407 12 16 0.028
170 370 8 11 0.027
14 353 6 8 0.027
751 407 10 14 0.027
210 364 7 9 0.026
372 411 13 21 0.026
872 412 10 14 0.026
317 358 7 10 0.025
866 364 6 6 0.025
818 389 7 9 0.025
811 363 6 7 0.025
904 374 6 8 0.023
988 366 6 7 0.023
39 438 18 25 0.023
419 372 11 12 0.023
752 400 10 15 0.022
604 359 10 12 0.022
19 374 8 11 0.022
897 406 11 13 0.022
213 365 7 9 0.022
499 472 22 30 0.022
397 329 6 8 0.022
36 400 11 18 0.022
285 355 8 10 0.022
733 470 26 34 0.021
838 364 5 6 0.021
516 418 13 20 0.021
338 403 12 20 0.021
25 370 8 10 0.021
377 357 8 11 0.021
266 381 9 12 0.020
851 571 31 57 0.020
36 406 11 16 0.020
368 420 11 19 0.020
745 374 6 9 0.019
294 349 6 8 0.019
203 346 6 7 0.019
793 396 10 13 0.019
89 360 7 8 0.019
851 365 5 7 0.018
374 360 10 11 0.018
915 387 8 11 0.017
450 439 17 23 0.017
834 367 6 7 0.017
250 403 13 20 0.017
150 367 8 9 0.016
183 389 10 12 0.016
181 337 5 7 0.016
235 407 14 20 0.016
811 391 11 15 0.016
255 344 5 7 0.016
427 490 22 34 0.015
104 349 6 8 0.015
363 476 22 28 0.015
279 344 6 7 0.015
826 434 11 15 0.015
195 380 12 15 0.015
61 457 21 28 0.015
512 374 8 12 0.015
374 404 12 18 0.014
1004 367 5 6 0.014
142 406 14 16 0.014
116 394 11 15 0.014
44 360 7 8 0.014
463 363 7 9 0.013
114 390 9 13 0.013
578 448 18 22 0.013
727 399 9 12 0.013
4 350 6 9 0.013
43 384 11 14 0.013
1013 365 6 7 0.013
411 362 8 9 0.012
472 388 12 15 0.012
580 517 33 46 0.012
81 381 9 14 0.012
334 350 7 9 0.011
707 394 9 12 0.011
528 425 16 25 0.011
707 417 13 16 0.011
200 441 25 35 0.011
683 405 12 17 0.011
988 487 17 23 0.011
995 399 8 11 0.011
504 429 16 27 0.010
513 383 8 10 0.010
334 369 8 11 0.010
