2_Demonstration_Demonstrators_2_196
596
183 724 10 12 0.612
37 734 12 15 0.589
349 725 10 13 0.582
362 647 9 11 0.572
152 719 11 13 0.570
478 644 8 10 0.563
927 568 8 10 0.550
252 716 10 12 0.547
415 613 8 10 0.534
211 693 9 12 0.526
438 533 7 9 0.510
523 605 8 10 0.499
279 582 8 10 0.497
929 631 9 10 0.497
374 714 9 11 0.492
833 510 7 10 0.490
643 631 7 10 0.478
637 671 8 11 0.452
412 558 7 8 0.450
468 472 7 7 0.443
439 483 6 8 0.439
388 490 7 8 0.436
760 735 10 13 0.436
444 613 8 9 0.432
87 716 11 13 0.430
194 466 6 8 0.422
704 534 7 8 0.421
271 687 9 11 0.411
179 482 7 8 0.407
881 537 7 9 0.404
636 548 6 9 0.404
486 572 8 9 0.400
371 443 6 8 0.383
632 612 8 10 0.380
161 443 6 8 0.360
304 478 7 7 0.356
59 666 8 10 0.356
677 446 6 8 0.353
219 473 6 8 0.353
36 395 6 8 0.347
219 445 6 7 0.347
435 416 5 7 0.344
599 633 7 9 0.343
386 538 7 8 0.340
645 490 6 8 0.338
281 471 7 8 0.335
319 710 9 10 0.327
634 518 5 8 0.327
172 377 5 6 0.324
92 445 7 9 0.324
0 704 6 13 0.319
832 680 8 11 0.312
586 554 8 10 0.311
27 660 8 11 0.308
159 743 11 13 0.308
231 427 6 7 0.306
72 443 7 8 0.306
530 450 6 7 0.304
620 442 6 8 0.304
883 614 8 10 0.302
753 526 7 9 0.295
232 552 7 9 0.291
586 391 5 7 0.291
78 397 5 7 0.289
504 413 5 6 0.285
297 460 6 8 0.285
62 377 6 6 0.283
128 329 5 6 0.282
749 636 8 10 0.276
238 444 7 8 0.276
144 447 6 8 0.273
371 717 9 11 0.270
463 374 5 6 0.268
289 387 6 7 0.263
65 484 6 8 0.263
344 511 7 8 0.263
148 472 6 7 0.258
531 738 8 11 0.257
722 505 7 8 0.251
816 633 7 10 0.251
143 364 6 6 0.242
114 671 9 10 0.239
94 331 5 6 0.231
163 490 7 8 0.231
685 712 9 12 0.228
168 461 6 8 0.227
622 403 6 6 0.226
105 714 9 12 0.222
738 623 8 10 0.217
175 467 6 8 0.208
131 734 9 12 0.208
242 496 7 7 0.205
472 335 5 6 0.203
405 364 5 6 0.193
389 538 6 8 0.190
352 383 5 6 0.189
631 569 7 9 0.189
590 418 6 7 0.188
93 363 5 6 0.186
148 638 8 9 0.186
289 442 6 7 0.185
496 460 6 8 0.184
237 320 5 6 0.181
588 392 5 6 0.179
277 457 5 7 0.177
332 386 5 6 0.177
0 467 6 9 0.177
91 380 5 6 0.176
180 348 5 6 0.175
633 425 5 7 0.175
262 474 6 8 0.171
308 411 6 7 0.171
686 710 9 11 0.169
759 693 9 11 0.169
359 538 7 9 0.169
627 415 6 6 0.169
853 712 10 12 0.166
60 377 6 7 0.166
110 330 5 6 0.164
946 649 8 10 0.161
630 426 6 7 0.160
315 539 7 9 0.150
94 446 7 8 0.147
246 650 8 10 0.143
502 413 5 7 0.142
991 730 9 11 0.137
248 424 6 7 0.136
560 362 5 6 0.136
192 698 8 11 0.135
218 322 5 6 0.131
153 337 4 6 0.130
570 456 5 7 0.129
517 372 5 6 0.129
34 395 6 8 0.126
250 425 6 7 0.124
134 379 5 6 0.123
509 577 6 8 0.122
296 413 5 7 0.120
169 376 5 7 0.116
196 466 6 8 0.114
491 353 5 6 0.114
482 603 7 8 0.113
437 481 7 9 0.112
411 309 4 6 0.111
622 406 5 7 0.111
235 553 6 8 0.109
259 308 5 6 0.109
432 313 5 5 0.106
1 519 8 8 0.106
299 461 6 8 0.106
675 445 6 8 0.104
177 467 7 7 0.104
591 711 9 10 0.100
751 525 6 9 0.100
589 417 5 7 0.099
890 677 8 10 0.099
1 503 6 9 0.099
903 673 8 10 0.098
25 564 7 8 0.098
524 348 5 6 0.095
95 729 10 13 0.094
158 330 4 5 0.092
217 500 6 7 0.092
83 548 7 9 0.089
878 537 8 9 0.088
528 449 5 8 0.088
597 633 7 10 0.088
620 653 7 8 0.086
471 472 6 7 0.085
892 676 9 10 0.085
15 488 6 8 0.083
31 367 6 7 0.083
900 549 8 10 0.081
417 760 10 9 0.081
587 590 8 9 0.081
470 335 4 6 0.080
590 420 5 6 0.078
91 742 11 14 0.078
312 412 6 7 0.078
303 640 7 10 0.078
550 368 5 6 0.078
515 372 4 6 0.078
156 720 10 12 0.077
386 490 7 8 0.075
381 502 7 8 0.075
492 594 7 8 0.074
835 679 9 11 0.074
65 362 5 6 0.074
905 674 9 10 0.073
91 304 5 6 0.073
548 370 5 5 0.072
595 414 5 7 0.072
850 714 10 12 0.071
643 490 6 8 0.069
281 473 8 9 0.069
398 558 7 8 0.068
340 335 5 6 0.067
527 372 4 6 0.067
224 351 5 6 0.065
900 674 9 10 0.065
707 617 7 9 0.064
65 360 5 6 0.064
258 475 6 7 0.064
733 758 11 9 0.064
720 666 9 11 0.064
261 308 5 6 0.064
175 471 6 8 0.063
754 529 7 9 0.063
585 583 7 8 0.063
633 555 7 9 0.063
511 576 6 8 0.063
421 665 9 11 0.062
125 653 8 10 0.061
83 748 11 14 0.061
86 524 7 8 0.061
119 670 9 11 0.060
341 495 6 8 0.060
369 739 9 11 0.060
160 328 4 5 0.060
704 582 7 9 0.060
33 366 5 6 0.059
324 704 9 11 0.059
127 362 5 6 0.059
69 484 6 8 0.059
632 566 7 10 0.058
304 354 5 6 0.058
66 364 5 7 0.058
419 426 5 6 0.058
629 612 7 10 0.058
601 440 6 6 0.056
199 492 7 7 0.056
559 361 5 5 0.056
155 336 5 5 0.055
234 621 8 10 0.054
126 710 8 12 0.053
346 497 6 8 0.053
79 696 8 11 0.052
91 721 11 14 0.052
23 384 6 6 0.051
32 369 6 7 0.051
548 403 4 6 0.050
116 213 5 6 0.049
237 267 4 6 0.049
635 678 9 11 0.049
321 304 4 6 0.049
902 575 7 9 0.048
160 334 4 6 0.048
343 525 6 8 0.048
329 386 5 6 0.047
228 466 6 8 0.047
272 645 8 10 0.047
62 483 6 7 0.047
202 346 5 6 0.047
346 539 6 8 0.047
421 423 6 6 0.047
797 756 10 11 0.046
165 488 7 9 0.046
629 569 7 8 0.046
93 361 5 6 0.046
637 390 5 6 0.044
506 432 6 7 0.044
137 690 10 12 0.044
434 313 4 5 0.043
741 620 8 11 0.043
2 515 8 10 0.043
749 719 8 11 0.043
156 328 4 5 0.043
142 496 6 8 0.043
488 354 5 6 0.043
584 555 7 9 0.043
808 661 9 11 0.042
497 755 11 10 0.042
247 574 6 9 0.042
360 647 8 11 0.041
561 473 6 7 0.041
831 691 8 10 0.041
249 576 7 8 0.040
352 500 6 8 0.040
672 482 5 7 0.040
738 572 7 9 0.040
62 668 9 12 0.039
22 367 5 7 0.039
191 377 5 6 0.039
464 606 7 9 0.039
259 477 7 8 0.039
503 691 9 10 0.039
19 753 8 9 0.039
672 547 7 9 0.038
505 577 7 8 0.038
253 337 5 6 0.038
719 504 6 9 0.038
101 754 9 11 0.038
159 353 5 6 0.038
913 641 8 10 0.038
305 354 5 7 0.038
393 362 5 6 0.038
482 364 5 6 0.038
434 594 7 9 0.037
756 694 9 11 0.037
836 511 7 9 0.037
584 581 7 8 0.036
25 476 6 7 0.036
797 670 8 10 0.036
200 496 6 7 0.036
458 605 7 9 0.036
6 517 6 8 0.036
190 376 5 6 0.035
658 392 5 6 0.035
95 283 5 5 0.035
127 651 8 10 0.034
591 714 10 11 0.034
964 659 8 9 0.034
912 559 6 8 0.034
907 672 10 11 0.034
468 490 6 8 0.033
228 472 6 7 0.033
232 425 5 7 0.033
951 712 10 11 0.033
112 282 5 6 0.033
612 387 5 6 0.033
614 388 5 5 0.032
391 680 9 10 0.032
832 694 8 10 0.032
642 504 6 10 0.032
68 531 7 9 0.031
336 596 6 9 0.031
18 484 6 8 0.031
300 598 7 8 0.031
111 673 9 11 0.031
614 328 4 6 0.031
255 521 7 8 0.031
636 518 6 8 0.031
263 421 5 7 0.031
502 693 8 10 0.030
523 528 7 8 0.030
301 304 4 6 0.030
12 489 8 10 0.029
204 346 5 6 0.029
27 348 5 6 0.029
154 476 7 9 0.029
199 329 5 5 0.029
103 571 7 10 0.029
237 305 4 5 0.029
299 411 5 7 0.028
484 602 8 10 0.028
750 529 7 9 0.028
163 450 7 9 0.028
305 641 8 10 0.028
561 360 5 6 0.028
0 507 9 11 0.028
281 432 5 7 0.028
147 445 8 9 0.027
706 760 11 8 0.027
831 614 8 9 0.027
583 390 7 8 0.027
630 518 6 8 0.027
368 409 5 6 0.027
531 543 6 8 0.027
909 556 8 9 0.027
437 592 8 10 0.026
100 565 8 10 0.026
267 421 6 7 0.026
674 543 7 9 0.026
40 736 12 15 0.026
589 708 8 11 0.026
334 288 4 5 0.026
32 491 6 8 0.026
1018 635 6 12 0.026
78 720 9 13 0.025
163 677 9 10 0.025
156 354 5 6 0.025
451 598 7 9 0.025
114 282 5 6 0.025
901 634 9 10 0.025
188 295 5 5 0.025
302 302 4 5 0.025
673 447 8 9 0.024
111 359 4 5 0.024
467 743 8 10 0.024
223 282 4 6 0.024
479 590 7 10 0.024
281 435 6 8 0.024
756 637 9 10 0.024
303 299 4 5 0.024
122 652 8 10 0.024
111 283 4 5 0.024
567 590 7 9 0.024
560 468 6 7 0.024
525 536 6 9 0.024
588 592 7 10 0.024
938 741 8 10 0.023
842 656 8 10 0.023
546 403 5 7 0.023
187 323 5 5 0.023
110 372 5 6 0.023
779 501 6 9 0.023
406 366 5 6 0.023
886 615 9 10 0.023
406 559 7 9 0.023
254 517 6 9 0.023
417 428 6 6 0.023
651 744 9 13 0.022
793 671 10 11 0.022
996 734 8 11 0.022
242 302 4 6 0.022
767 640 8 10 0.022
238 268 5 6 0.022
570 461 5 7 0.022
149 340 5 6 0.022
480 365 5 6 0.022
182 362 5 7 0.021
489 315 5 5 0.021
708 535 7 8 0.021
370 408 5 6 0.021
310 414 6 7 0.021
336 289 4 5 0.021
351 292 5 5 0.021
257 288 4 6 0.021
812 526 6 9 0.021
261 477 7 9 0.021
254 523 6 8 0.021
270 532 7 8 0.021
396 561 7 9 0.021
193 463 6 8 0.020
429 608 7 9 0.020
187 364 5 6 0.020
779 678 8 10 0.020
749 723 8 11 0.020
317 538 7 9 0.020
314 275 5 5 0.020
29 659 9 11 0.020
360 541 6 8 0.020
254 285 5 6 0.019
334 485 6 7 0.019
273 685 8 10 0.019
235 684 8 11 0.019
101 573 8 9 0.019
357 298 4 5 0.019
402 516 6 8 0.019
192 651 9 11 0.019
525 522 7 8 0.019
637 395 5 7 0.019
375 380 5 5 0.018
252 338 4 6 0.018
379 503 7 9 0.018
901 732 10 12 0.018
129 360 5 6 0.018
637 688 8 10 0.018
420 669 9 10 0.018
92 329 5 6 0.018
488 339 4 5 0.018
481 605 7 9 0.018
383 504 6 9 0.018
222 249 4 5 0.018
190 294 4 6 0.018
104 366 5 6 0.018
649 348 5 6 0.017
755 738 10 12 0.017
74 718 10 12 0.017
187 377 4 5 0.017
633 411 5 7 0.017
674 548 7 9 0.017
237 571 8 9 0.017
893 725 9 11 0.017
524 531 8 10 0.017
585 642 7 10 0.017
560 644 7 9 0.016
115 298 4 6 0.016
293 386 5 7 0.016
564 591 7 9 0.016
186 291 5 6 0.016
113 487 6 7 0.016
896 551 8 9 0.016
20 563 7 9 0.016
167 218 5 6 0.016
809 525 6 9 0.016
91 496 6 8 0.016
355 296 4 6 0.016
251 275 5 5 0.016
88 523 6 8 0.015
200 335 4 6 0.015
25 488 6 7 0.015
569 598 7 9 0.015
907 635 8 10 0.015
7 225 5 6 0.015
113 372 5 7 0.015
567 480 5 6 0.015
83 473 6 7 0.015
411 324 5 6 0.015
680 594 8 9 0.015
570 602 8 9 0.015
269 685 9 11 0.015
813 656 8 10 0.015
570 587 6 8 0.015
418 424 6 6 0.014
412 612 7 10 0.014
308 328 5 5 0.014
224 283 5 6 0.014
793 758 10 10 0.014
464 746 10 10 0.014
413 323 4 6 0.014
688 564 7 8 0.014
279 455 7 9 0.014
550 406 5 7 0.014
6 160 4 5 0.014
488 315 4 6 0.013
30 567 7 8 0.013
502 612 7 9 0.013
366 310 4 5 0.013
81 398 6 7 0.013
599 670 8 8 0.013
177 258 5 5 0.013
449 309 4 5 0.013
199 562 7 9 0.013
318 541 7 8 0.013
376 443 5 7 0.013
403 361 5 5 0.013
845 657 8 10 0.013
632 608 8 10 0.013
514 416 4 6 0.013
393 360 4 5 0.013
359 609 8 9 0.013
76 477 7 8 0.013
148 380 5 6 0.013
354 294 5 5 0.013
27 412 6 7 0.013
439 583 8 9 0.013
188 231 4 6 0.013
97 312 5 6 0.013
448 307 5 5 0.012
399 385 4 6 0.012
715 666 9 11 0.012
344 321 5 5 0.012
71 528 8 10 0.012
238 601 8 12 0.012
923 662 9 10 0.012
364 310 4 5 0.012
119 742 10 13 0.012
521 346 5 7 0.012
964 470 6 7 0.012
231 621 8 9 0.012
184 225 4 6 0.012
65 527 7 10 0.012
157 680 9 10 0.012
601 326 5 6 0.012
344 585 6 9 0.012
807 657 8 11 0.012
946 714 10 12 0.012
486 606 7 8 0.012
494 314 4 5 0.012
105 240 4 5 0.012
950 709 10 11 0.012
343 560 7 9 0.012
755 591 7 10 0.012
480 742 9 11 0.012
49 473 6 8 0.012
628 429 7 10 0.012
255 338 4 6 0.012
677 442 7 9 0.012
715 636 7 10 0.011
493 694 8 10 0.011
208 254 5 5 0.011
575 733 9 11 0.011
826 747 9 12 0.011
469 742 10 11 0.011
195 566 7 9 0.011
896 752 9 9 0.011
116 216 5 6 0.011
414 559 6 9 0.011
706 580 9 10 0.011
116 464 6 8 0.011
485 468 6 8 0.011
780 499 6 8 0.011
528 540 7 10 0.011
582 481 5 7 0.011
395 683 9 10 0.011
545 488 6 7 0.011
493 357 4 6 0.011
784 675 8 11 0.011
329 701 8 10 0.011
104 516 6 8 0.011
621 348 5 6 0.011
167 221 5 5 0.010
180 634 7 9 0.010
32 350 5 7 0.010
894 642 9 10 0.010
115 451 6 7 0.010
431 309 5 6 0.010
224 250 4 5 0.010
891 639 9 10 0.010
307 325 5 5 0.010
256 429 5 7 0.010
944 721 10 12 0.010
118 236 5 5 0.010
718 641 8 10 0.010
315 442 5 7 0.010
