2_Demonstration_Protesters_2_525
430
881 519 33 41 0.804
995 460 29 32 0.788
553 485 30 36 0.775
763 399 25 29 0.770
298 489 31 35 0.770
656 426 28 31 0.768
1000 397 23 29 0.767
416 514 30 39 0.763
660 484 31 38 0.761
760 458 28 34 0.760
849 424 26 32 0.759
54 433 27 33 0.753
920 375 21 26 0.751
233 487 30 30 0.746
326 415 26 28 0.744
919 479 32 35 0.744
482 434 28 35 0.741
525 393 20 25 0.738
579 402 24 29 0.735
479 398 19 23 0.734
389 436 23 29 0.730
765 302 15 19 0.730
203 380 22 28 0.729
716 360 20 25 0.728
1 373 22 27 0.725
251 369 19 23 0.717
79 379 21 25 0.716
951 348 22 27 0.714
339 347 18 22 0.710
310 383 22 27 0.708
61 343 17 20 0.707
947 432 26 28 0.699
781 343 17 19 0.698
672 320 15 20 0.695
718 331 14 18 0.690
1007 237 16 22 0.683
318 326 15 18 0.681
797 363 17 20 0.675
468 329 16 17 0.672
783 317 16 19 0.672
845 396 19 23 0.672
833 338 16 20 0.670
850 365 16 22 0.670
686 220 14 17 0.668
713 308 16 18 0.666
186 338 13 16 0.666
640 297 13 16 0.662
776 232 13 16 0.654
249 311 13 15 0.652
968 248 16 20 0.650
644 218 14 15 0.645
475 294 11 14 0.645
533 309 13 15 0.645
959 234 15 17 0.644
502 317 13 17 0.638
413 313 12 15 0.634
456 307 12 15 0.631
722 224 14 16 0.629
884 328 14 18 0.625
419 334 15 20 0.624
33 320 12 16 0.621
996 224 15 19 0.621
105 353 17 18 0.612
886 217 13 18 0.609
863 328 15 19 0.607
531 557 36 24 0.607
597 211 13 14 0.606
146 340 13 17 0.603
526 276 12 14 0.598
368 323 14 17 0.598
594 342 16 21 0.596
765 508 23 34 0.595
502 283 13 15 0.595
617 211 12 15 0.593
362 305 13 18 0.591
811 228 14 18 0.584
81 316 14 17 0.577
991 380 19 22 0.575
21 335 14 17 0.574
455 270 11 13 0.572
124 319 12 16 0.572
866 227 14 19 0.568
441 292 11 15 0.568
75 279 10 12 0.567
168 288 10 12 0.559
345 265 10 12 0.557
22 296 11 14 0.556
543 289 12 13 0.552
501 219 10 13 0.545
54 298 10 13 0.543
125 301 11 13 0.541
384 280 10 13 0.540
824 179 12 13 0.538
561 208 10 13 0.536
964 554 37 24 0.533
267 287 10 13 0.530
243 293 11 12 0.523
911 235 17 19 0.521
577 297 12 15 0.517
386 348 14 20 0.517
372 267 10 12 0.515
323 294 10 12 0.509
534 333 17 21 0.509
225 311 11 14 0.507
133 286 9 12 0.506
447 211 11 12 0.503
372 291 11 13 0.503
769 218 14 17 0.501
524 206 10 13 0.501
215 298 10 13 0.496
149 389 19 19 0.496
662 308 13 17 0.485
230 255 8 10 0.467
277 272 9 11 0.465
408 206 10 12 0.463
567 281 12 14 0.463
101 280 9 11 0.456
358 275 9 12 0.456
286 203 8 10 0.443
0 344 13 17 0.436
374 212 9 11 0.425
227 211 7 9 0.419
31 266 9 11 0.416
294 293 10 12 0.414
6 278 8 10 0.412
359 216 8 10 0.407
726 207 13 14 0.407
417 273 10 12 0.398
431 221 8 11 0.388
170 256 8 10 0.388
296 312 12 14 0.388
310 265 9 11 0.386
269 356 18 20 0.384
56 411 19 22 0.384
307 211 7 9 0.384
972 214 13 15 0.382
77 263 10 10 0.377
116 271 9 11 0.377
926 259 14 17 0.377
996 387 23 28 0.375
221 283 10 11 0.372
193 322 12 14 0.368
477 212 9 12 0.363
393 212 9 11 0.355
75 297 10 12 0.354
575 210 10 12 0.348
165 209 7 8 0.347
558 326 14 18 0.343
185 208 7 8 0.343
211 259 9 11 0.342
563 303 12 14 0.332
208 209 8 9 0.324
192 257 8 10 0.322
106 319 12 15 0.316
632 226 12 14 0.309
892 183 11 14 0.304
86 348 13 14 0.294
39 281 9 11 0.291
594 320 14 16 0.291
416 285 10 12 0.288
212 354 17 18 0.282
363 201 8 11 0.280
255 217 6 8 0.277
152 211 6 8 0.276
344 211 8 10 0.273
81 215 7 8 0.264
890 238 13 17 0.258
901 347 16 20 0.249
466 209 9 12 0.246
432 377 17 21 0.240
427 207 9 10 0.239
270 207 6 9 0.235
548 397 16 21 0.234
631 369 19 23 0.220
323 210 8 9 0.219
249 206 7 9 0.211
315 226 7 9 0.203
143 360 14 18 0.199
86 515 26 28 0.198
874 207 12 15 0.196
936 215 11 16 0.195
268 261 9 10 0.194
147 270 8 11 0.192
188 272 9 11 0.190
369 270 9 12 0.188
108 217 6 8 0.179
873 374 14 19 0.177
148 382 19 20 0.176
380 285 11 13 0.166
311 283 10 12 0.166
591 215 11 13 0.157
256 347 15 18 0.155
148 255 8 9 0.152
121 217 7 8 0.150
149 226 6 9 0.143
226 210 6 9 0.143
514 211 11 13 0.142
29 324 13 16 0.141
830 218 12 15 0.140
437 317 11 15 0.139
471 228 10 12 0.137
0 420 8 29 0.137
251 211 7 9 0.136
110 261 9 10 0.134
372 210 9 11 0.133
149 272 9 11 0.129
941 326 14 19 0.124
95 302 10 12 0.124
269 263 9 11 0.120
839 247 13 18 0.115
113 275 9 11 0.115
378 342 16 21 0.114
190 241 7 9 0.109
144 364 17 19 0.108
502 365 13 17 0.108
375 236 9 11 0.104
189 262 8 10 0.104
938 214 12 15 0.103
716 447 24 29 0.099
58 264 8 9 0.099
158 330 12 15 0.096
252 206 7 8 0.096
914 241 17 21 0.093
333 254 9 11 0.092
111 215 7 8 0.089
408 202 9 11 0.088
637 337 15 18 0.087
23 292 10 13 0.087
893 188 12 16 0.085
618 266 12 15 0.085
147 376 18 20 0.085
754 205 9 11 0.085
405 404 16 20 0.082
345 214 8 10 0.081
326 278 9 11 0.081
430 204 9 11 0.081
335 210 7 9 0.080
100 171 6 7 0.078
261 257 8 10 0.077
187 206 7 8 0.077
149 210 7 8 0.076
842 240 12 16 0.076
241 349 16 17 0.075
157 300 9 12 0.074
527 334 16 19 0.071
246 207 8 9 0.069
528 208 10 11 0.069
390 210 8 11 0.068
281 333 12 15 0.068
837 252 13 18 0.065
502 357 14 19 0.065
46 219 6 8 0.063
267 318 11 13 0.062
242 276 8 11 0.062
790 213 12 15 0.059
352 307 10 13 0.058
503 213 9 12 0.057
892 438 20 24 0.057
12 221 5 7 0.056
400 302 10 13 0.055
888 191 12 14 0.054
671 211 10 12 0.053
437 355 15 18 0.052
828 181 12 13 0.052
715 220 11 15 0.051
485 235 9 12 0.051
243 269 8 10 0.050
79 215 6 8 0.050
252 218 7 8 0.049
286 336 13 17 0.049
155 313 11 13 0.048
44 279 8 10 0.046
94 513 25 27 0.046
938 233 12 16 0.046
14 332 12 16 0.045
337 197 6 8 0.045
98 171 6 7 0.044
939 219 12 15 0.044
2 309 9 11 0.042
309 262 9 11 0.041
566 323 13 17 0.041
556 208 10 13 0.040
8 325 11 14 0.039
690 483 24 30 0.039
314 197 7 8 0.039
348 309 10 13 0.037
0 450 8 25 0.037
299 301 11 13 0.037
766 214 12 14 0.037
412 468 23 24 0.036
318 196 7 8 0.036
505 204 9 11 0.036
398 273 8 10 0.035
744 229 11 15 0.034
218 288 9 12 0.033
354 290 11 13 0.033
284 292 10 12 0.033
120 211 7 8 0.033
160 363 16 19 0.033
732 202 11 13 0.033
503 194 8 8 0.032
327 296 10 13 0.032
819 508 25 30 0.032
10 220 5 7 0.031
256 272 9 11 0.031
47 221 6 7 0.031
236 199 6 8 0.031
393 345 12 19 0.031
590 484 25 30 0.030
668 206 10 12 0.030
936 330 14 18 0.029
210 229 7 9 0.029
522 336 14 17 0.029
0 546 12 28 0.029
151 299 9 11 0.029
706 200 10 12 0.028
39 211 5 6 0.028
145 321 11 14 0.028
752 208 10 13 0.028
202 322 11 13 0.028
272 334 13 16 0.028
132 209 6 8 0.028
223 315 11 15 0.027
835 216 11 13 0.027
274 231 7 9 0.027
180 306 10 13 0.027
779 201 10 11 0.026
121 180 6 7 0.026
0 428 7 26 0.025
628 376 19 22 0.025
293 272 8 10 0.025
621 405 20 22 0.024
395 354 15 22 0.024
437 382 18 21 0.024
838 226 12 15 0.024
798 213 10 14 0.024
516 383 13 17 0.023
463 376 15 17 0.023
67 225 6 8 0.023
989 555 30 22 0.023
793 206 12 13 0.022
420 367 15 20 0.022
930 223 13 16 0.021
908 325 14 18 0.021
336 304 10 12 0.020
912 250 15 19 0.020
273 259 9 11 0.020
123 298 10 12 0.020
70 208 6 6 0.019
292 346 13 16 0.019
275 229 7 9 0.019
38 213 5 6 0.019
634 345 17 21 0.019
805 443 21 27 0.018
540 208 9 11 0.018
712 216 11 13 0.018
967 375 17 19 0.018
800 449 22 29 0.018
760 465 31 44 0.017
425 296 11 14 0.017
498 297 11 15 0.017
171 487 20 24 0.017
53 209 6 7 0.017
409 199 7 9 0.016
223 355 15 18 0.016
722 443 20 26 0.016
192 279 9 11 0.016
549 285 11 13 0.016
164 367 16 18 0.016
140 361 13 15 0.016
98 289 9 12 0.015
125 217 7 8 0.015
840 326 14 19 0.015
338 251 8 10 0.015
522 235 9 13 0.015
256 254 8 10 0.015
371 236 9 11 0.014
71 291 10 13 0.014
65 262 8 10 0.014
659 379 18 21 0.014
978 234 14 17 0.014
10 321 10 14 0.014
571 320 12 16 0.014
41 214 8 9 0.014
650 546 26 26 0.014
242 330 13 16 0.014
66 229 7 8 0.013
594 210 11 14 0.013
229 229 6 9 0.013
17 242 6 8 0.013
955 213 13 15 0.013
911 323 14 18 0.013
432 219 11 14 0.013
85 509 22 26 0.013
252 314 13 16 0.012
803 356 17 20 0.012
220 338 14 16 0.012
438 322 12 14 0.012
849 400 19 23 0.012
909 213 11 15 0.012
26 224 5 7 0.012
53 420 20 26 0.012
435 197 7 7 0.012
273 254 8 10 0.012
34 336 12 16 0.012
842 321 12 17 0.012
938 323 12 17 0.012
485 239 10 12 0.012
110 204 6 8 0.011
831 364 14 18 0.011
13 245 7 8 0.011
406 361 16 19 0.011
74 313 12 14 0.011
670 202 10 11 0.011
317 228 7 9 0.011
637 330 13 16 0.011
382 550 23 24 0.011
3 207 6 7 0.011
590 220 12 13 0.011
758 388 19 23 0.011
126 453 22 26 0.011
6 251 7 9 0.011
716 437 22 28 0.011
391 530 20 26 0.011
932 337 14 17 0.011
542 271 10 12 0.010
344 393 16 19 0.010
870 207 11 14 0.010
824 400 14 19 0.010
157 194 7 8 0.010
