2_Demonstration_Demonstration_Or_Protest_2_476
1143
138 495 19 25 0.786
626 455 23 26 0.777
991 593 25 31 0.767
824 587 26 30 0.766
694 600 30 31 0.764
781 503 25 28 0.762
501 496 23 25 0.759
276 500 21 27 0.758
200 446 20 23 0.757
880 473 22 27 0.755
390 604 20 27 0.755
328 616 24 29 0.752
756 578 27 31 0.751
425 489 25 28 0.750
194 500 20 24 0.748
996 518 24 29 0.748
948 444 24 27 0.738
468 542 23 25 0.738
227 426 18 23 0.737
523 567 23 27 0.736
877 535 23 30 0.735
922 623 24 30 0.734
655 531 23 28 0.733
931 402 22 25 0.732
883 417 21 26 0.731
304 610 21 25 0.730
624 560 26 30 0.729
707 546 25 31 0.728
332 494 22 25 0.728
192 552 22 27 0.728
462 428 19 23 0.727
514 608 21 24 0.726
692 376 20 25 0.722
418 405 22 23 0.721
554 470 21 25 0.720
729 508 22 24 0.720
904 388 21 25 0.719
524 467 19 22 0.718
954 500 23 24 0.717
429 366 16 22 0.717
375 375 18 22 0.716
109 427 20 23 0.716
639 372 20 24 0.716
678 465 21 24 0.716
750 468 23 26 0.713
63 439 19 22 0.712
786 443 22 26 0.712
803 414 21 24 0.711
738 448 20 23 0.711
489 646 30 35 0.710
915 319 20 23 0.710
132 404 16 20 0.710
36 417 20 22 0.710
770 403 21 24 0.708
217 481 18 22 0.707
578 328 18 20 0.705
541 364 19 22 0.704
364 402 20 24 0.704
827 433 22 26 0.704
745 376 19 22 0.700
444 461 18 22 0.698
576 363 18 20 0.698
650 494 22 26 0.697
644 325 19 22 0.696
186 429 17 20 0.694
9 330 16 20 0.693
45 379 17 19 0.693
849 326 18 21 0.692
213 648 26 26 0.692
372 294 15 19 0.692
166 348 17 19 0.692
282 359 17 20 0.692
906 291 20 23 0.691
946 291 18 21 0.690
191 326 15 18 0.690
942 358 23 24 0.690
641 430 18 22 0.687
82 342 17 21 0.686
516 397 22 26 0.685
238 311 17 21 0.683
82 420 18 20 0.683
366 323 18 21 0.681
93 480 17 20 0.681
985 321 20 23 0.679
315 371 18 20 0.679
361 439 20 25 0.679
803 320 17 20 0.678
990 375 22 25 0.677
591 386 22 25 0.677
305 343 18 20 0.677
175 303 16 20 0.676
734 421 21 23 0.673
604 334 17 20 0.673
808 641 25 28 0.673
51 254 16 18 0.672
475 282 16 20 0.672
422 342 15 19 0.670
664 363 18 20 0.670
833 235 16 18 0.669
278 554 20 24 0.669
441 345 19 22 0.667
123 359 16 21 0.666
88 262 14 17 0.665
284 405 17 21 0.663
623 265 16 17 0.662
386 278 14 17 0.662
811 290 17 20 0.662
100 304 17 18 0.662
590 624 25 30 0.660
907 238 16 18 0.659
326 294 18 19 0.657
221 405 17 21 0.657
261 429 17 25 0.656
521 301 17 19 0.655
554 256 15 17 0.654
241 386 18 21 0.654
28 359 17 19 0.653
28 223 14 16 0.652
564 552 22 29 0.652
494 294 16 20 0.651
826 180 15 16 0.650
327 333 18 19 0.650
276 294 17 18 0.649
433 299 17 20 0.649
182 403 16 19 0.649
398 432 21 22 0.648
632 235 16 19 0.647
147 430 19 20 0.647
507 331 18 20 0.646
139 469 19 22 0.646
806 221 15 17 0.645
700 244 15 17 0.644
753 262 18 21 0.644
671 429 23 26 0.643
580 436 22 24 0.643
953 385 19 23 0.642
190 283 16 18 0.639
947 244 17 20 0.638
126 291 15 18 0.638
139 382 15 19 0.638
887 359 20 21 0.636
457 264 14 18 0.636
208 376 16 19 0.634
570 504 24 26 0.634
624 304 18 20 0.634
244 588 22 26 0.633
81 380 16 19 0.633
581 255 15 18 0.631
663 245 16 18 0.631
809 247 16 19 0.631
6 533 22 26 0.631
754 294 16 20 0.628
333 222 13 15 0.626
734 281 17 20 0.625
246 486 21 24 0.625
865 391 21 23 0.625
268 227 13 16 0.622
481 452 20 22 0.621
371 557 21 24 0.620
911 217 13 16 0.619
974 170 14 16 0.617
13 250 14 18 0.617
531 251 16 18 0.616
558 229 16 17 0.615
252 345 19 20 0.615
323 253 14 17 0.613
985 416 22 24 0.613
773 543 22 28 0.613
47 232 14 16 0.612
886 178 13 16 0.610
969 207 14 17 0.610
868 296 18 21 0.609
702 144 13 16 0.607
230 199 13 14 0.607
928 165 13 15 0.607
479 216 15 17 0.607
934 227 16 18 0.607
417 265 16 19 0.607
1008 444 16 27 0.606
511 216 14 15 0.605
500 350 17 21 0.605
403 455 22 27 0.605
301 276 15 16 0.604
194 237 13 15 0.603
663 216 15 17 0.601
674 273 14 18 0.598
994 113 12 15 0.598
492 474 21 24 0.597
94 231 15 17 0.596
403 226 14 16 0.596
552 297 16 18 0.596
341 397 18 22 0.596
909 189 13 15 0.595
331 431 20 23 0.595
991 151 13 17 0.593
386 345 17 19 0.589
320 200 13 15 0.588
741 236 15 18 0.588
626 197 13 15 0.586
881 209 15 17 0.586
440 230 13 16 0.586
457 241 15 16 0.586
2 486 15 21 0.586
262 204 13 16 0.584
294 246 12 15 0.584
362 249 15 17 0.583
860 116 12 13 0.582
365 203 13 15 0.582
953 103 13 14 0.580
338 355 16 20 0.579
557 314 17 20 0.577
47 322 17 18 0.577
977 264 16 18 0.575
169 271 15 16 0.575
196 262 14 15 0.574
622 176 13 16 0.574
892 227 14 16 0.570
522 285 14 16 0.570
388 305 15 17 0.570
780 251 16 17 0.567
504 237 15 17 0.565
900 76 12 14 0.561
144 209 13 15 0.561
244 234 12 15 0.561
921 97 13 14 0.559
676 180 13 14 0.559
736 205 15 17 0.557
437 212 14 15 0.555
691 214 15 16 0.554
794 131 12 15 0.550
213 279 14 16 0.550
504 182 12 14 0.550
212 240 13 14 0.545
601 156 13 15 0.545
298 189 14 14 0.543
132 248 14 16 0.543
654 187 13 15 0.541
841 265 15 17 0.540
238 164 12 15 0.540
449 151 12 15 0.538
456 174 14 16 0.538
471 373 16 21 0.538
188 640 22 25 0.534
260 266 13 15 0.534
892 108 12 14 0.533
100 403 18 20 0.531
180 161 12 14 0.530
182 221 14 16 0.530
705 183 14 17 0.529
112 132 12 15 0.528
114 178 13 14 0.527
974 226 14 16 0.527
211 301 15 18 0.525
576 211 14 16 0.523
77 100 11 14 0.523
529 163 12 14 0.523
486 383 19 21 0.522
256 165 12 14 0.521
614 227 13 14 0.520
800 163 13 16 0.515
543 206 14 17 0.515
384 224 14 16 0.512
941 193 14 16 0.507
863 265 17 18 0.505
651 40 10 13 0.503
478 181 12 14 0.503
899 200 13 16 0.503
641 165 12 14 0.499
68 298 15 16 0.497
140 233 15 17 0.494
88 193 14 15 0.492
21 272 15 16 0.492
142 592 22 25 0.491
679 119 11 13 0.490
516 106 12 14 0.490
785 186 14 17 0.489
195 187 13 15 0.488
600 132 12 14 0.485
216 222 13 14 0.485
602 82 12 15 0.481
872 86 12 14 0.481
423 150 11 13 0.481
339 271 15 18 0.481
294 210 14 16 0.474
255 245 12 15 0.474
537 180 14 15 0.472
135 155 12 15 0.472
482 100 13 15 0.468
689 172 12 14 0.468
155 186 13 15 0.467
347 245 13 15 0.466
141 104 11 14 0.465
10 181 12 16 0.465
726 150 12 15 0.461
625 52 11 13 0.459
363 174 13 14 0.456
881 145 12 14 0.455
115 154 11 14 0.455
313 242 12 15 0.455
866 239 16 18 0.454
538 117 11 14 0.452
881 57 10 13 0.450
20 161 13 16 0.450
351 127 10 14 0.450
1002 189 14 16 0.450
681 155 13 15 0.448
212 139 11 13 0.446
295 158 13 15 0.445
518 200 12 14 0.443
791 101 12 15 0.441
171 118 12 15 0.441
857 178 12 15 0.441
861 35 10 13 0.439
773 59 11 13 0.439
403 172 12 15 0.438
441 50 11 12 0.437
397 256 15 16 0.437
16 98 10 12 0.435
19 73 10 12 0.434
334 112 12 15 0.434
665 198 14 16 0.432
736 104 12 14 0.432
417 198 13 15 0.430
837 44 12 15 0.428
614 280 15 18 0.428
712 95 13 16 0.427
611 65 11 13 0.425
427 126 13 15 0.425
408 142 11 13 0.425
925 260 16 18 0.420
65 64 11 13 0.419
404 126 11 13 0.419
758 149 13 15 0.419
719 128 11 14 0.417
75 132 11 13 0.416
90 130 11 14 0.416
237 293 16 17 0.416
542 142 11 13 0.414
803 64 12 14 0.414
806 28 11 13 0.412
174 182 11 13 0.408
1005 269 15 17 0.407
90 70 11 14 0.405
589 293 15 17 0.405
687 339 17 19 0.405
9 289 13 16 0.404
304 87 11 14 0.402
624 93 11 13 0.400
337 180 13 15 0.400
322 131 12 14 0.398
221 261 14 15 0.398
63 550 21 22 0.397
606 206 14 15 0.397
815 268 16 19 0.396
580 124 12 13 0.394
252 188 12 15 0.393
154 309 16 19 0.393
962 68 12 14 0.392
562 151 13 14 0.391
829 72 11 14 0.390
564 175 11 13 0.390
316 170 12 14 0.388
169 97 11 13 0.388
282 431 18 22 0.386
647 73 11 14 0.384
524 130 12 14 0.384
813 173 13 16 0.383
24 121 12 14 0.381
627 135 11 14 0.381
728 192 12 15 0.380
233 111 11 13 0.377
570 52 10 13 0.377
306 111 11 13 0.376
445 199 13 15 0.372
645 60 11 13 0.370
58 110 11 14 0.368
552 99 12 13 0.367
434 73 10 13 0.365
366 134 12 14 0.365
132 184 13 15 0.365
524 43 11 14 0.365
773 154 12 14 0.362
468 128 11 13 0.360
492 142 12 13 0.360
769 115 13 14 0.358
997 245 16 18 0.356
208 59 10 12 0.355
71 327 16 17 0.355
271 113 12 14 0.352
41 164 13 14 0.352
676 54 10 13 0.348
481 80 10 13 0.348
13 51 9 13 0.347
206 104 12 14 0.347
591 107 11 13 0.347
552 12 10 12 0.345
263 136 12 14 0.345
39 204 14 15 0.345
497 281 14 16 0.345
636 97 10 13 0.343
387 190 12 15 0.343
932 72 11 14 0.342
190 95 11 14 0.342
513 127 10 13 0.342
66 196 12 13 0.338
586 22 10 12 0.337
600 179 12 14 0.337
688 52 10 13 0.337
190 76 11 12 0.337
362 367 16 19 0.335
522 371 17 20 0.335
272 154 12 14 0.333
739 46 11 13 0.333
335 89 10 13 0.332
785 317 15 17 0.330
12 217 13 16 0.329
405 287 14 17 0.329
245 14 10 13 0.328
328 76 11 13 0.327
154 164 13 14 0.327
286 210 13 16 0.325
43 9 10 11 0.325
505 164 11 13 0.325
318 96 11 13 0.322
3 653 22 24 0.319
865 221 13 14 0.317
273 470 18 19 0.317
101 106 11 12 0.316
141 71 11 13 0.316
438 106 11 14 0.314
502 90 10 12 0.311
248 107 11 13 0.311
920 136 14 16 0.311
146 291 15 16 0.311
234 88 11 14 0.309
893 158 13 15 0.308
845 129 12 14 0.308
605 371 18 19 0.308
416 92 11 14 0.306
294 30 10 14 0.303
203 44 9 12 0.303
445 87 11 13 0.303
397 113 12 13 0.300
515 65 10 13 0.300
598 246 15 17 0.300
507 39 10 12 0.297
57 87 10 13 0.297
1005 217 14 17 0.297
97 93 11 13 0.295
61 212 13 14 0.294
471 330 16 18 0.294
154 69 10 12 0.291
691 103 11 13 0.289
661 27 10 13 0.289
369 69 11 13 0.289
151 95 10 12 0.289
343 154 12 12 0.289
691 8 9 13 0.286
868 141 12 14 0.285
840 202 13 16 0.285
850 233 13 16 0.283
427 51 11 13 0.283
46 282 15 17 0.282
648 138 11 13 0.280
410 36 11 13 0.279
941 152 12 15 0.277
206 77 11 13 0.276
489 33 10 12 0.274
400 202 12 14 0.271
481 201 14 15 0.271
697 124 11 13 0.271
446 67 9 13 0.268
648 14 10 13 0.265
261 76 11 14 0.265
79 51 10 12 0.263
561 112 11 13 0.260
194 124 11 13 0.258
842 150 13 15 0.258
288 96 11 14 0.258
376 8 10 13 0.255
205 164 12 13 0.255
562 281 14 16 0.255
853 167 11 13 0.255
290 144 11 13 0.254
959 65 12 14 0.253
760 193 14 15 0.253
101 30 10 13 0.251
395 152 12 13 0.250
535 94 11 13 0.247
115 104 10 13 0.244
929 119 12 14 0.242
172 70 10 13 0.239
287 128 11 12 0.239
274 168 12 13 0.239
240 139 12 13 0.238
379 37 11 13 0.238
735 237 17 18 0.233
474 47 10 13 0.232
312 612 23 27 0.232
782 229 16 18 0.230
631 30 9 12 0.229
501 68 10 13 0.229
26 90 11 13 0.229
207 239 13 15 0.226
777 16 11 13 0.226
660 156 13 14 0.225
669 10 10 12 0.223
46 59 10 13 0.223
760 176 14 15 0.223
768 155 14 16 0.221
663 93 11 13 0.219
97 169 11 13 0.217
22 203 12 14 0.214
92 218 14 14 0.214
554 127 11 13 0.213
474 150 11 13 0.213
651 270 15 17 0.211
356 99 10 13 0.210
727 29 9 12 0.208
773 92 12 15 0.208
425 294 16 18 0.207
619 19 10 13 0.205
681 91 11 13 0.205
577 193 14 15 0.205
195 118 11 13 0.204
184 142 12 13 0.202
642 215 14 15 0.200
744 174 13 14 0.198
813 279 17 21 0.197
703 113 11 14 0.194
83 295 15 16 0.194
816 134 12 14 0.193
259 89 11 12 0.193
101 61 10 12 0.192
594 52 10 12 0.192
41 146 12 12 0.188
74 224 12 15 0.188
211 176 11 13 0.188
557 194 12 14 0.188
172 66 10 13 0.187
388 69 9 12 0.186
227 69 10 13 0.185
588 138 11 13 0.184
368 227 13 15 0.184
567 81 11 13 0.183
720 171 12 14 0.183
670 144 13 13 0.181
420 178 12 13 0.181
299 59 9 12 0.181
75 210 11 14 0.179
318 65 10 12 0.178
604 183 13 14 0.176
174 35 10 11 0.176
747 119 11 13 0.176
575 166 13 14 0.175
749 63 10 13 0.175
322 156 11 13 0.175
376 104 10 12 0.175
676 77 11 13 0.174
528 367 19 22 0.174
381 31 11 12 0.173
67 87 10 12 0.172
345 27 9 12 0.171
426 25 10 11 0.171
125 43 9 11 0.171
237 280 15 16 0.170
563 127 12 13 0.169
651 106 10 13 0.168
99 102 11 14 0.168
408 62 10 12 0.167
274 90 11 13 0.167
790 668 23 18 0.164
746 89 11 13 0.164
605 155 12 14 0.163
243 50 10 12 0.163
486 162 11 13 0.163
130 332 15 18 0.163
72 150 11 13 0.162
210 191 11 13 0.162
470 48 11 13 0.162
93 72 11 13 0.162
523 83 10 12 0.162
842 310 16 18 0.162
609 188 12 15 0.161
273 51 9 13 0.161
594 244 15 15 0.160
446 83 10 13 0.159
370 29 9 12 0.156
233 141 12 13 0.156
137 290 14 16 0.155
477 67 11 12 0.153
227 51 10 12 0.152
612 115 12 14 0.152
518 148 12 13 0.152
917 59 11 13 0.151
418 95 11 13 0.151
144 19 9 11 0.149
331 55 10 12 0.149
29 399 14 16 0.149
159 23 9 12 0.148
726 164 12 15 0.147
288 77 10 13 0.147
31 92 10 13 0.146
293 35 11 13 0.145
83 118 11 13 0.145
371 225 13 16 0.144
943 143 13 14 0.144
619 150 11 13 0.144
565 76 11 14 0.143
782 45 10 13 0.142
46 153 13 13 0.142
566 141 13 14 0.142
119 17 9 10 0.141
448 251 13 16 0.140
702 68 11 14 0.139
217 16 9 12 0.139
47 29 11 13 0.138
187 27 10 11 0.138
88 151 12 13 0.136
374 109 10 13 0.136
216 227 11 14 0.136
128 81 10 13 0.135
349 74 11 13 0.131
40 150 13 13 0.129
306 132 11 13 0.129
716 176 13 15 0.129
630 199 13 15 0.128
676 114 12 15 0.126
485 129 10 13 0.125
562 73 12 13 0.125
319 365 18 20 0.124
413 18 9 11 0.124
825 316 16 19 0.124
629 117 11 14 0.123
958 122 12 15 0.122
618 145 11 14 0.122
806 205 14 15 0.122
9 314 13 16 0.122
580 166 11 13 0.122
179 95 11 13 0.121
298 156 12 13 0.121
96 32 10 12 0.121
481 629 23 26 0.121
400 118 12 14 0.120
384 87 11 13 0.120
790 225 15 18 0.120
27 16 10 13 0.120
909 599 21 26 0.119
839 146 13 15 0.118
872 143 13 14 0.117
776 216 15 17 0.117
375 31 11 12 0.117
48 100 11 13 0.115
161 164 11 14 0.115
647 68 11 14 0.115
854 230 15 16 0.115
357 184 13 15 0.112
428 178 11 14 0.112
847 155 12 15 0.110
861 492 21 26 0.110
738 11 10 11 0.109
505 42 10 12 0.109
282 91 11 14 0.109
701 6 10 11 0.109
474 405 17 21 0.109
734 190 14 15 0.108
559 108 13 14 0.107
60 129 11 13 0.107
586 240 13 15 0.106
154 268 13 16 0.105
258 233 13 16 0.104
75 93 10 14 0.104
16 52 10 13 0.102
470 177 14 16 0.101
415 81 11 13 0.101
161 212 12 14 0.101
885 144 12 15 0.101
196 146 11 13 0.099
663 29 9 13 0.099
150 142 11 13 0.099
774 24 11 14 0.098
470 64 11 13 0.098
905 591 21 27 0.097
265 263 14 17 0.096
444 35 10 12 0.093
703 50 11 12 0.092
753 43 10 12 0.091
698 119 12 14 0.091
979 269 18 20 0.091
610 10 10 12 0.091
324 55 10 12 0.091
184 50 10 12 0.090
467 242 13 16 0.090
330 34 10 12 0.089
832 86 11 14 0.089
534 52 10 12 0.089
743 50 11 14 0.089
426 46 10 13 0.088
459 75 9 13 0.088
239 235 13 16 0.088
946 283 16 19 0.088
37 201 13 15 0.088
124 63 10 11 0.088
167 20 9 11 0.087
774 30 10 13 0.087
325 36 11 12 0.086
515 5 9 11 0.086
401 84 11 13 0.086
440 287 13 15 0.086
951 141 12 14 0.086
133 79 10 12 0.085
885 266 16 18 0.085
150 306 16 19 0.085
460 196 12 14 0.085
560 197 12 14 0.084
260 191 12 13 0.084
516 135 12 14 0.083
536 64 10 13 0.083
744 231 14 18 0.083
623 18 9 11 0.083
149 199 13 15 0.083
286 70 11 13 0.082
583 102 11 13 0.082
527 232 12 15 0.082
906 275 16 18 0.081
945 273 15 19 0.080
435 5 9 11 0.080
613 9 9 11 0.080
396 62 11 12 0.080
148 210 13 15 0.079
556 343 16 19 0.079
390 51 10 12 0.079
147 37 10 13 0.078
122 44 9 11 0.078
862 76 12 14 0.078
703 266 16 18 0.078
696 268 15 17 0.077
641 523 18 24 0.077
90 51 10 12 0.077
567 6 10 11 0.076
959 60 11 13 0.076
149 122 11 13 0.076
539 70 10 14 0.076
891 265 15 18 0.075
495 48 9 12 0.075
685 103 11 14 0.075
45 149 12 14 0.075
836 34 9 12 0.075
722 226 13 15 0.075
207 166 12 14 0.074
563 21 9 11 0.074
346 46 10 13 0.074
240 59 10 13 0.074
877 667 27 17 0.074
226 25 10 12 0.074
656 287 16 19 0.074
275 46 10 13 0.073
120 95 10 14 0.073
456 302 13 18 0.072
357 73 11 13 0.071
732 23 10 12 0.071
943 157 13 15 0.071
447 155 12 16 0.071
735 9 10 12 0.070
702 46 10 12 0.070
340 65 10 13 0.070
130 318 16 17 0.070
721 12 9 11 0.069
449 135 11 13 0.069
333 70 10 13 0.069
760 168 13 16 0.069
319 60 11 13 0.068
878 280 17 19 0.068
719 50 10 13 0.068
230 150 11 14 0.068
361 46 10 12 0.068
690 49 10 12 0.068
784 47 10 13 0.067
636 79 10 13 0.067
369 116 11 13 0.067
231 297 14 16 0.067
797 115 12 14 0.067
838 84 12 14 0.066
78 66 12 13 0.066
100 365 14 17 0.066
377 41 10 13 0.066
566 150 13 14 0.066
365 685 24 17 0.065
562 160 12 15 0.065
122 79 10 12 0.064
799 68 12 14 0.064
230 88 10 13 0.064
230 113 10 13 0.064
789 321 16 18 0.064
529 41 9 12 0.064
817 392 18 21 0.063
234 39 10 12 0.063
66 327 15 17 0.063
784 78 11 14 0.063
588 203 13 15 0.063
465 91 10 13 0.063
510 111 10 12 0.063
810 318 19 20 0.063
44 31 10 13 0.062
394 140 11 13 0.062
140 16 10 12 0.062
223 42 10 12 0.062
767 148 13 15 0.062
220 159 11 13 0.062
574 55 10 13 0.062
653 306 16 17 0.061
29 117 11 14 0.061
398 250 15 16 0.061
237 268 12 14 0.060
708 264 14 17 0.060
580 94 10 13 0.060
699 193 13 15 0.060
142 125 11 14 0.060
1005 89 10 16 0.059
681 53 11 13 0.058
202 26 10 12 0.058
360 49 10 12 0.057
1008 187 11 17 0.057
474 119 11 14 0.057
752 122 11 13 0.056
677 60 11 14 0.056
243 107 12 14 0.056
837 312 16 16 0.056
587 45 10 13 0.056
381 89 11 13 0.055
432 130 11 14 0.055
725 231 13 16 0.055
171 0 9 11 0.055
592 9 9 12 0.055
9 113 9 13 0.055
80 22 10 12 0.054
528 10 10 12 0.054
731 61 10 13 0.054
711 168 13 15 0.054
827 153 12 14 0.053
303 51 10 13 0.053
597 261 14 17 0.053
170 53 9 12 0.052
175 169 13 15 0.052
589 55 11 13 0.052
828 87 12 14 0.052
170 140 11 14 0.052
571 6 10 12 0.052
752 66 10 14 0.051
685 333 17 20 0.051
151 277 13 16 0.051
1006 212 14 18 0.051
230 120 11 13 0.051
473 4 9 12 0.050
576 6 9 12 0.050
458 31 9 12 0.050
243 84 10 12 0.050
118 544 20 24 0.050
587 74 10 13 0.049
277 169 12 13 0.049
339 156 12 13 0.049
856 269 16 19 0.049
29 124 11 13 0.049
283 77 10 13 0.049
630 5 9 11 0.049
586 39 9 12 0.048
694 206 13 15 0.048
615 14 10 12 0.047
561 68 10 14 0.047
265 275 14 17 0.047
102 362 14 16 0.047
14 99 9 13 0.047
465 46 10 13 0.046
749 11 9 12 0.046
909 78 12 14 0.046
824 213 14 15 0.046
511 4 9 11 0.046
380 346 17 19 0.046
408 54 10 14 0.045
346 33 9 13 0.045
816 208 14 15 0.045
590 37 10 13 0.045
613 125 11 14 0.045
650 10 10 13 0.045
778 225 14 17 0.044
375 21 10 14 0.044
27 271 13 15 0.044
502 252 14 16 0.043
173 3 10 11 0.043
379 8 11 12 0.043
758 155 13 16 0.043
141 1 9 10 0.043
500 36 10 12 0.043
76 178 10 14 0.042
71 58 11 13 0.042
751 157 12 14 0.042
73 141 12 14 0.042
136 266 13 17 0.042
523 47 11 13 0.042
859 73 11 14 0.042
194 375 13 17 0.042
956 67 11 14 0.042
240 51 10 13 0.041
115 15 8 10 0.041
295 89 11 13 0.041
821 165 13 15 0.041
133 335 16 18 0.041
147 49 10 12 0.041
650 276 14 17 0.041
270 109 12 14 0.041
847 280 15 19 0.041
698 273 16 19 0.041
258 44 9 12 0.041
355 159 11 13 0.041
1006 290 13 20 0.041
520 8 9 11 0.040
643 10 10 12 0.040
971 168 13 16 0.040
179 11 9 11 0.040
403 16 9 11 0.040
437 11 10 12 0.039
488 625 20 24 0.039
958 185 13 16 0.039
949 277 17 20 0.039
952 215 14 15 0.038
470 246 11 15 0.038
809 93 12 15 0.038
444 28 10 12 0.038
440 111 12 13 0.038
370 101 11 13 0.038
856 197 13 16 0.038
696 281 16 19 0.038
637 216 14 15 0.037
722 181 12 15 0.037
725 239 13 16 0.037
894 125 12 15 0.037
261 48 10 12 0.036
67 46 9 11 0.036
893 299 14 20 0.036
555 171 11 13 0.035
540 7 9 10 0.035
419 245 12 15 0.035
324 135 12 14 0.034
310 103 11 14 0.034
439 174 12 13 0.034
46 8 10 12 0.034
412 4 10 10 0.034
720 47 10 13 0.034
47 331 16 19 0.034
723 54 11 13 0.034
354 291 14 17 0.033
778 296 15 18 0.033
863 188 13 16 0.032
843 80 11 13 0.032
523 362 16 19 0.032
720 53 11 13 0.031
146 546 18 23 0.031
458 5 10 12 0.031
387 127 10 12 0.031
926 211 13 17 0.031
445 19 10 12 0.031
777 77 12 14 0.031
721 195 12 15 0.031
455 5 10 12 0.031
808 198 13 15 0.031
4 427 12 21 0.030
90 457 17 21 0.030
161 155 11 14 0.030
464 95 11 13 0.029
471 346 13 17 0.029
569 497 20 24 0.029
225 3 9 10 0.029
291 224 12 15 0.029
748 68 11 14 0.029
14 289 14 16 0.029
348 183 13 16 0.029
898 270 15 17 0.029
316 44 9 12 0.029
606 240 13 16 0.029
693 332 15 19 0.029
139 129 11 13 0.028
98 373 15 18 0.028
946 15 9 12 0.028
489 348 15 19 0.028
379 164 11 13 0.028
45 175 12 14 0.028
821 320 16 20 0.028
100 410 18 21 0.028
292 189 12 13 0.028
817 92 11 15 0.028
375 159 11 13 0.027
777 150 11 14 0.027
488 630 23 29 0.027
264 29 10 11 0.027
596 10 10 11 0.027
224 345 15 17 0.027
923 278 16 19 0.026
555 461 19 23 0.026
281 469 18 20 0.026
1004 284 16 21 0.026
151 55 10 12 0.026
574 384 16 20 0.026
57 467 15 20 0.026
664 308 15 18 0.025
356 297 13 19 0.025
683 74 11 13 0.025
694 562 16 24 0.025
297 29 11 13 0.024
603 19 9 12 0.024
409 243 14 16 0.024
696 27 10 13 0.024
485 447 20 23 0.024
836 260 16 19 0.024
867 312 16 19 0.024
103 398 18 19 0.024
784 191 15 19 0.023
156 411 16 19 0.023
366 546 21 25 0.023
955 176 13 16 0.023
303 281 14 17 0.023
303 438 16 21 0.023
131 18 9 13 0.023
146 0 9 10 0.023
43 74 10 12 0.023
13 91 9 13 0.023
328 387 16 20 0.022
908 147 12 15 0.022
925 93 11 14 0.022
481 3 9 11 0.021
133 358 14 19 0.021
25 20 10 14 0.021
482 30 9 11 0.021
173 41 10 14 0.021
11 163 11 14 0.021
898 58 11 12 0.021
274 550 19 24 0.021
958 180 12 16 0.021
687 118 13 16 0.020
131 213 12 14 0.020
728 249 14 18 0.020
865 400 19 25 0.020
787 233 15 19 0.020
526 289 15 18 0.020
982 280 17 19 0.020
485 23 10 12 0.020
982 225 14 17 0.020
980 316 18 22 0.019
963 121 12 15 0.019
277 3 9 10 0.018
496 206 12 14 0.018
878 163 12 15 0.018
975 229 16 18 0.018
22 180 12 15 0.018
458 220 13 15 0.017
213 307 13 17 0.017
676 124 13 14 0.017
472 262 13 17 0.017
158 293 14 16 0.017
291 252 13 17 0.017
193 10 9 10 0.017
403 8 10 11 0.017
7 383 12 20 0.017
4 400 12 19 0.017
265 468 16 20 0.017
688 325 16 18 0.017
36 37 10 12 0.017
12 41 8 11 0.017
23 150 11 12 0.017
584 234 13 15 0.017
536 30 9 13 0.016
681 9 9 12 0.016
740 144 11 14 0.016
1014 83 8 17 0.016
875 78 11 14 0.016
23 368 15 20 0.016
900 160 12 14 0.016
670 306 14 18 0.016
125 318 13 16 0.016
457 308 14 19 0.016
110 5 9 10 0.016
60 29 9 11 0.016
168 226 12 16 0.016
15 315 14 18 0.016
977 204 13 17 0.016
343 8 9 12 0.015
136 209 12 15 0.015
838 32 10 11 0.015
864 34 11 12 0.015
402 20 10 11 0.015
712 80 11 13 0.015
7 394 14 19 0.015
606 254 14 17 0.015
59 555 20 22 0.015
7 353 11 19 0.015
614 35 10 13 0.014
715 262 13 17 0.014
1013 293 10 19 0.014
281 265 12 15 0.014
189 649 19 22 0.014
889 259 15 17 0.014
807 24 10 13 0.014
964 61 11 14 0.013
280 333 15 18 0.013
975 306 15 20 0.013
956 153 12 15 0.013
779 440 19 23 0.013
967 116 11 14 0.013
282 276 13 15 0.012
87 288 15 16 0.012
870 449 17 21 0.012
998 295 16 18 0.012
664 435 19 24 0.012
524 307 17 20 0.012
67 555 21 22 0.012
231 336 15 18 0.012
248 301 14 17 0.012
7 483 17 22 0.012
758 109 11 14 0.012
904 109 11 14 0.012
3 259 9 15 0.012
786 292 13 17 0.012
124 550 18 24 0.012
357 287 13 16 0.012
307 8 9 12 0.011
675 300 13 19 0.011
490 8 9 12 0.011
658 252 16 18 0.011
732 68 10 14 0.011
127 145 12 14 0.011
431 325 13 17 0.011
17 148 10 13 0.011
63 560 19 22 0.011
179 247 12 15 0.011
126 331 14 16 0.011
902 585 20 25 0.011
178 195 11 14 0.011
831 120 11 15 0.011
348 398 19 23 0.011
244 256 12 15 0.010
122 201 12 14 0.010
305 669 27 20 0.010
281 4 9 11 0.010
82 170 11 13 0.010
