2_Demonstration_Protesters_2_901
62
789 342 57 67 0.772
581 168 36 48 0.723
278 351 49 62 0.718
448 342 54 62 0.693
512 641 73 117 0.674
681 336 43 51 0.673
899 675 74 118 0.669
599 354 48 58 0.650
408 354 39 55 0.616
831 94 49 59 0.609
541 191 31 41 0.454
751 543 53 63 0.372
533 446 33 56 0.324
894 0 42 26 0.227
477 334 42 55 0.175
477 635 79 118 0.164
23 346 49 55 0.159
590 474 45 62 0.153
924 669 78 116 0.144
453 496 40 52 0.108
145 340 48 59 0.108
780 212 38 40 0.087
68 310 44 51 0.086
274 591 50 50 0.085
571 480 43 58 0.073
739 652 68 114 0.072
722 197 46 56 0.072
770 122 36 41 0.065
86 620 43 52 0.060
744 367 46 55 0.058
420 359 37 52 0.051
221 235 39 53 0.049
1 347 35 58 0.039
12 330 52 62 0.038
724 176 31 33 0.033
753 201 46 52 0.029
215 250 44 57 0.028
908 358 40 51 0.028
780 118 32 36 0.026
134 331 48 56 0.024
949 661 66 102 0.023
813 777 92 56 0.021
774 634 68 99 0.019
113 361 46 58 0.018
790 207 44 42 0.018
930 503 29 41 0.016
765 132 33 46 0.016
210 276 42 49 0.015
0 359 23 54 0.014
937 495 30 47 0.014
761 176 33 45 0.014
821 109 38 46 0.013
302 672 47 57 0.012
28 197 29 32 0.012
3 188 25 33 0.012
286 668 46 55 0.012
130 346 49 58 0.012
116 407 36 43 0.011
398 369 40 54 0.011
433 341 47 61 0.010
171 197 48 54 0.010
266 668 37 51 0.010
