2_Demonstration_Demonstration_Or_Protest_2_606
58
217 294 45 63 0.861
334 278 80 99 0.839
768 257 59 66 0.833
545 302 85 104 0.828
1000 279 24 58 0.823
903 264 59 63 0.820
712 258 37 46 0.812
635 243 55 61 0.810
45 254 45 51 0.806
106 302 50 49 0.755
186 246 31 40 0.748
826 237 36 45 0.745
745 272 36 51 0.732
7 281 40 45 0.720
219 240 37 42 0.712
506 237 38 66 0.706
149 257 24 27 0.662
446 222 32 49 0.640
282 237 29 34 0.638
708 220 24 28 0.633
311 232 34 38 0.607
114 239 18 25 0.324
106 238 19 25 0.264
694 229 16 23 0.243
617 203 11 14 0.234
94 236 24 29 0.183
425 215 10 11 0.152
0 248 10 24 0.134
260 204 15 20 0.117
918 235 36 35 0.113
120 240 18 24 0.088
960 238 21 27 0.088
85 232 24 29 0.072
288 230 34 42 0.057
695 223 13 20 0.047
528 264 59 83 0.047
696 213 10 12 0.046
881 310 30 39 0.044
615 200 11 13 0.037
888 231 21 26 0.036
0 252 17 25 0.035
423 214 9 11 0.025
627 237 29 39 0.023
1011 227 13 25 0.021
704 220 15 19 0.021
525 218 7 10 0.019
689 205 9 11 0.019
0 257 12 25 0.018
888 238 24 32 0.018
754 145 38 46 0.016
619 200 10 14 0.014
962 240 27 40 0.013
729 235 21 26 0.013
525 209 6 7 0.011
253 244 19 26 0.011
889 247 25 34 0.010
544 223 8 10 0.010
7 304 38 45 0.010
