2_Demonstration_Protesters_2_213
59
364 305 76 98 0.834
591 549 65 79 0.833
960 591 53 68 0.811
754 540 37 52 0.794
846 697 60 72 0.765
526 470 21 27 0.708
118 457 23 29 0.600
50 399 12 15 0.568
67 421 15 19 0.541
769 607 46 54 0.541
244 294 57 68 0.540
495 476 14 22 0.470
69 393 10 12 0.367
19 403 11 15 0.333
99 401 11 13 0.299
0 397 6 15 0.271
711 377 7 9 0.246
0 425 10 22 0.216
680 376 7 8 0.214
0 433 9 24 0.150
23 419 12 13 0.149
949 377 10 12 0.146
691 557 45 55 0.132
810 386 8 10 0.121
997 379 10 11 0.113
56 575 20 24 0.079
921 378 8 9 0.068
682 376 7 8 0.067
845 377 9 10 0.058
105 406 11 14 0.054
66 389 10 12 0.046
1 431 15 22 0.040
502 475 15 20 0.034
28 419 12 14 0.032
899 376 9 10 0.029
714 378 6 8 0.029
848 377 9 10 0.022
20 386 10 11 0.020
490 478 15 22 0.019
888 377 9 10 0.019
995 393 9 11 0.018
915 374 10 10 0.017
908 391 8 10 0.016
150 472 18 21 0.016
895 375 9 11 0.016
93 397 9 11 0.016
3 467 15 28 0.014
62 388 10 11 0.014
947 379 9 11 0.014
115 464 21 26 0.013
17 386 9 11 0.013
602 376 7 8 0.012
973 379 8 10 0.012
101 418 12 14 0.011
906 393 9 10 0.011
25 386 9 11 0.011
578 101 9 10 0.011
602 382 8 9 0.011
773 378 7 8 0.011
