2_Demonstration_Protesters_2_178
31
63 531 70 101 0.847
264 494 68 85 0.846
551 544 65 74 0.837
743 509 65 65 0.813
632 519 59 69 0.791
678 23 43 51 0.789
913 578 69 65 0.781
766 110 52 55 0.750
593 109 43 53 0.669
0 79 34 50 0.638
360 57 39 51 0.606
466 56 44 52 0.431
133 59 35 38 0.384
69 73 43 47 0.317
232 82 44 52 0.224
451 155 51 57 0.180
467 73 44 54 0.157
223 637 70 44 0.118
115 130 39 48 0.101
291 16 22 30 0.089
6 157 31 36 0.082
433 162 50 52 0.061
371 52 42 49 0.061
278 390 53 58 0.028
56 75 41 50 0.024
151 62 33 38 0.022
424 167 39 46 0.017
873 0 49 27 0.015
388 56 29 40 0.014
340 42 36 47 0.012
825 0 64 32 0.011
