2_Demonstration_Demonstrators_2_413
44
130 242 25 31 0.721
383 185 20 23 0.703
280 223 19 25 0.695
495 177 14 19 0.622
47 252 29 37 0.578
0 257 14 30 0.552
363 192 12 15 0.546
143 223 18 23 0.492
108 235 16 25 0.476
19 234 18 25 0.421
633 85 54 72 0.417
425 194 22 33 0.359
526 167 11 12 0.253
343 195 11 13 0.184
979 107 39 55 0.166
561 168 15 24 0.159
960 94 12 15 0.124
510 167 8 11 0.118
636 158 16 22 0.096
20 226 17 24 0.094
252 240 12 17 0.078
178 255 18 23 0.065
635 146 24 35 0.057
886 115 26 35 0.045
246 213 8 10 0.042
567 162 15 24 0.039
290 203 10 13 0.032
536 183 10 14 0.031
170 254 16 20 0.027
462 152 19 25 0.023
195 236 24 29 0.022
630 159 16 20 0.021
982 106 25 38 0.020
321 207 12 16 0.018
958 99 15 23 0.018
242 212 9 11 0.017
470 159 16 22 0.017
341 193 11 13 0.017
521 213 16 20 0.017
198 228 23 28 0.016
412 200 11 14 0.016
184 253 19 25 0.012
423 196 16 22 0.012
1003 109 21 48 0.011
