2_Demonstration_Protesters_2_583
35
812 232 56 82 0.779
904 127 11 14 0.641
997 116 10 13 0.545
865 118 9 10 0.536
831 114 11 14 0.523
816 127 11 13 0.518
895 110 9 11 0.509
586 207 44 44 0.502
929 109 7 9 0.448
792 110 9 10 0.380
958 111 7 8 0.303
800 127 9 12 0.193
985 125 7 9 0.166
0 206 32 34 0.131
959 130 9 10 0.124
835 115 10 12 0.110
954 112 7 10 0.092
983 127 7 9 0.074
885 119 11 12 0.070
995 142 8 9 0.057
806 126 9 12 0.055
932 109 6 9 0.052
3 150 15 20 0.044
864 120 9 10 0.036
832 111 9 12 0.030
789 110 8 10 0.024
929 107 6 8 0.014
997 126 7 11 0.014
1015 122 7 10 0.013
1013 120 8 10 0.012
797 110 8 9 0.012
894 114 8 10 0.011
998 141 9 12 0.010
868 120 8 10 0.010
933 107 6 8 0.010
