2_Demonstration_Demonstrators_2_28
219
659 608 53 60 0.828
845 514 41 52 0.822
180 517 40 47 0.819
35 545 42 57 0.807
179 601 49 66 0.801
596 505 36 45 0.781
513 444 29 36 0.781
85 477 36 48 0.775
249 397 23 28 0.775
39 392 32 38 0.771
386 431 26 29 0.769
456 397 24 32 0.766
262 453 24 28 0.760
330 445 24 30 0.757
330 513 33 41 0.749
603 385 23 28 0.742
492 561 36 55 0.741
64 353 19 23 0.738
369 381 16 22 0.737
296 426 23 29 0.736
978 480 27 36 0.729
491 389 21 27 0.729
755 432 22 30 0.718
685 449 20 24 0.710
647 367 16 21 0.686
673 378 16 23 0.683
138 413 22 32 0.677
549 363 14 20 0.661
172 381 26 32 0.660
263 362 19 22 0.657
891 439 26 40 0.657
1009 442 15 36 0.655
587 363 16 20 0.650
35 362 26 30 0.650
216 370 15 17 0.641
868 400 21 28 0.618
193 354 12 15 0.617
241 343 12 15 0.610
701 581 32 45 0.604
840 389 14 21 0.602
621 363 13 19 0.600
455 344 13 18 0.595
286 369 18 21 0.593
807 390 15 20 0.570
439 498 31 34 0.561
437 463 25 32 0.559
444 371 15 24 0.547
526 343 10 13 0.542
479 368 17 22 0.533
762 403 16 23 0.529
573 341 12 15 0.527
563 320 9 11 0.521
620 320 9 11 0.515
759 353 13 17 0.512
589 320 8 10 0.507
325 311 8 10 0.494
0 364 14 21 0.481
152 367 20 26 0.474
217 339 10 13 0.474
771 352 11 16 0.446
423 354 14 17 0.439
806 358 11 16 0.434
716 401 16 20 0.431
230 320 8 10 0.403
571 396 14 22 0.402
910 419 19 26 0.399
172 345 10 13 0.396
471 320 9 10 0.362
798 330 7 10 0.350
704 357 11 15 0.333
640 325 7 10 0.325
811 330 8 10 0.317
501 366 13 16 0.313
142 369 18 23 0.256
672 352 9 12 0.255
834 330 9 10 0.254
994 341 9 10 0.244
816 360 10 14 0.242
14 347 13 15 0.240
886 366 10 13 0.236
667 334 8 10 0.236
458 525 32 39 0.215
429 311 7 9 0.211
63 340 12 12 0.198
332 340 11 12 0.196
660 328 6 9 0.169
969 369 11 13 0.165
277 347 12 13 0.163
172 329 8 11 0.155
1003 357 9 12 0.131
420 355 12 15 0.126
663 331 7 10 0.125
550 417 20 24 0.118
596 357 11 14 0.114
936 315 8 9 0.114
639 359 11 15 0.112
195 380 14 22 0.111
837 330 8 9 0.105
903 357 9 11 0.104
710 357 10 15 0.101
290 346 10 12 0.098
283 347 11 13 0.096
834 368 9 13 0.092
646 343 9 11 0.089
1004 381 11 13 0.089
650 342 9 11 0.088
837 369 9 12 0.086
509 355 10 14 0.083
450 371 15 21 0.079
562 401 20 25 0.076
88 332 9 11 0.076
463 371 13 18 0.075
700 329 6 7 0.073
964 369 10 12 0.072
263 389 18 24 0.064
614 363 20 25 0.063
75 302 7 8 0.061
711 361 11 16 0.061
812 333 8 10 0.060
670 339 9 13 0.059
840 347 8 10 0.057
755 354 12 17 0.057
433 376 13 21 0.057
413 358 9 13 0.056
846 328 6 8 0.055
941 404 15 21 0.052
0 380 12 24 0.051
880 400 14 20 0.050
137 370 16 19 0.049
713 359 11 15 0.049
1003 368 10 14 0.048
972 367 9 13 0.048
907 364 9 13 0.045
80 290 6 8 0.044
469 320 7 9 0.044
934 316 8 10 0.043
925 388 11 15 0.041
199 384 15 21 0.040
322 311 8 10 0.040
691 376 11 17 0.039
698 360 12 16 0.039
108 354 14 17 0.038
332 417 17 21 0.036
837 378 12 19 0.035
593 321 7 9 0.033
112 352 13 15 0.032
702 329 6 8 0.032
1 376 16 23 0.032
441 304 7 8 0.031
567 345 10 14 0.030
0 428 19 31 0.030
217 334 8 10 0.030
409 356 9 13 0.030
564 371 11 16 0.030
101 356 16 20 0.029
853 332 7 9 0.029
332 344 10 13 0.028
640 345 9 11 0.028
903 429 21 37 0.027
116 349 12 13 0.027
825 335 7 9 0.027
866 320 6 8 0.025
723 340 6 8 0.025
734 387 15 21 0.025
877 405 17 21 0.024
802 359 11 15 0.024
939 317 9 10 0.023
958 368 10 13 0.022
47 358 19 24 0.022
699 376 12 17 0.022
276 345 10 12 0.022
82 290 6 8 0.022
76 299 8 10 0.022
504 352 9 12 0.021
998 380 11 13 0.021
260 354 14 16 0.021
282 334 9 11 0.019
77 296 7 8 0.018
660 414 17 22 0.018
246 344 11 13 0.018
194 325 8 9 0.017
842 348 8 12 0.017
617 350 9 11 0.017
856 334 7 9 0.017
905 528 22 34 0.016
316 355 10 14 0.016
157 359 16 22 0.016
741 380 13 16 0.016
56 308 7 8 0.016
998 357 10 12 0.016
603 349 9 12 0.015
483 363 13 18 0.015
907 370 10 14 0.015
477 320 8 9 0.015
820 330 7 9 0.015
113 357 15 19 0.014
107 351 12 13 0.014
234 322 8 9 0.014
372 314 6 9 0.014
920 392 12 15 0.013
409 378 10 17 0.013
75 355 16 21 0.013
582 341 10 13 0.012
119 353 13 15 0.012
947 325 7 10 0.012
909 354 11 12 0.012
1009 383 10 13 0.012
924 342 10 12 0.011
332 335 9 12 0.011
908 353 8 11 0.011
1011 378 9 14 0.011
849 371 11 13 0.011
170 323 9 11 0.011
674 371 13 19 0.011
340 327 8 11 0.011
1015 416 9 23 0.010
866 319 5 6 0.010
311 359 12 15 0.010
648 350 10 13 0.010
