2_Demonstration_Protesters_2_221
163
515 203 60 82 0.851
2 200 48 80 0.801
228 519 85 55 0.794
908 108 40 49 0.788
574 147 49 61 0.787
711 372 46 81 0.764
857 171 43 51 0.762
989 154 34 62 0.762
386 54 39 49 0.756
920 179 35 62 0.755
691 94 36 52 0.749
464 90 34 44 0.742
830 126 34 47 0.735
286 331 47 73 0.730
398 207 49 76 0.720
403 133 39 52 0.717
120 97 36 50 0.709
0 108 21 59 0.709
292 128 37 52 0.700
119 14 26 38 0.692
412 299 41 73 0.680
541 72 34 43 0.674
311 12 31 41 0.670
238 79 32 42 0.667
742 179 46 70 0.666
80 171 37 68 0.662
138 239 42 64 0.657
225 125 46 65 0.649
674 58 29 38 0.640
746 146 36 49 0.629
419 265 44 58 0.629
81 337 33 60 0.617
13 18 27 38 0.613
138 57 35 38 0.593
197 120 41 62 0.586
341 111 33 43 0.584
724 58 30 33 0.571
959 74 26 34 0.567
899 293 65 85 0.567
717 3 26 31 0.481
718 201 33 55 0.467
159 136 29 40 0.467
655 92 25 36 0.418
178 13 19 26 0.390
895 39 29 43 0.372
46 1 25 28 0.359
0 84 21 54 0.350
813 90 26 31 0.345
523 430 58 74 0.323
993 -1 21 26 0.307
742 62 26 30 0.274
498 477 99 104 0.256
594 0 17 19 0.229
387 10 17 20 0.220
872 219 44 52 0.213
42 6 21 23 0.208
862 73 26 30 0.200
640 130 27 45 0.173
424 30 23 33 0.171
441 20 21 25 0.165
57 130 35 44 0.155
0 348 13 64 0.154
256 23 20 25 0.141
631 -3 18 15 0.136
505 42 26 31 0.135
40 40 19 24 0.134
739 111 26 37 0.131
441 66 27 40 0.128
316 251 40 56 0.122
1005 43 19 39 0.121
194 132 29 48 0.119
598 1 20 20 0.093
953 136 38 41 0.087
297 305 45 72 0.087
233 12 17 24 0.085
231 264 43 57 0.084
429 27 21 27 0.084
56 0 20 23 0.080
0 23 8 33 0.079
366 25 21 28 0.075
247 22 23 26 0.069
482 26 22 25 0.068
1012 229 12 71 0.066
490 34 23 28 0.057
0 15 7 27 0.056
72 36 22 28 0.056
456 3 20 18 0.055
445 14 22 24 0.055
883 209 41 54 0.054
419 38 26 36 0.053
1008 60 16 41 0.048
646 95 34 48 0.048
608 7 17 20 0.044
186 107 24 34 0.044
499 40 22 27 0.043
133 58 26 35 0.043
851 72 27 30 0.040
481 0 13 16 0.039
533 2 18 19 0.038
354 187 36 49 0.037
238 10 17 23 0.036
736 59 23 28 0.036
208 118 46 59 0.036
367 34 23 29 0.034
256 4 18 20 0.034
320 77 24 32 0.033
96 440 49 71 0.028
901 30 33 44 0.027
1006 211 17 52 0.026
487 30 21 25 0.026
987 42 19 30 0.026
157 58 28 36 0.026
113 80 24 34 0.026
296 35 20 26 0.023
0 10 9 23 0.023
433 58 28 39 0.022
896 284 46 73 0.022
731 52 36 44 0.022
931 80 27 30 0.021
0 75 14 41 0.021
950 80 32 39 0.021
315 1 16 22 0.019
307 143 38 51 0.019
435 44 27 40 0.019
422 1 15 16 0.019
891 56 26 33 0.018
743 54 23 26 0.018
452 0 18 19 0.018
427 44 22 29 0.018
312 1 14 17 0.017
740 152 30 42 0.016
448 -3 21 17 0.016
734 120 29 39 0.016
313 245 29 52 0.016
366 16 17 23 0.016
786 57 17 22 0.016
517 33 25 31 0.015
176 76 24 35 0.015
233 5 17 20 0.015
549 54 33 48 0.015
847 6 19 25 0.015
230 146 45 60 0.014
526 4 21 23 0.014
125 244 45 68 0.014
845 76 21 25 0.014
556 39 23 31 0.014
184 17 20 25 0.014
377 186 37 51 0.014
610 2 17 15 0.013
891 52 20 28 0.013
0 126 14 53 0.013
699 1 21 19 0.012
123 0 18 22 0.012
806 87 38 46 0.012
1 3 15 22 0.012
435 34 26 35 0.011
518 22 19 25 0.011
410 13 18 22 0.011
481 21 15 20 0.011
948 77 26 32 0.011
995 45 20 28 0.010
285 32 22 27 0.010
111 433 56 77 0.010
