2_Demonstration_Political_Rally_2_690
44
814 402 68 82 0.837
530 412 91 137 0.743
646 393 23 37 0.717
754 369 10 13 0.598
110 393 7 9 0.515
182 350 8 10 0.512
949 368 11 16 0.497
94 412 9 10 0.408
80 357 8 9 0.390
64 362 7 10 0.324
1010 394 9 11 0.291
1005 416 9 11 0.249
222 358 8 9 0.244
12 443 9 11 0.213
699 367 8 9 0.202
116 356 6 8 0.175
651 377 8 9 0.153
199 356 7 8 0.147
118 367 6 8 0.139
693 365 8 10 0.135
687 365 7 8 0.132
43 363 7 9 0.117
71 359 8 10 0.099
117 358 6 8 0.090
649 378 7 9 0.078
116 363 7 10 0.068
113 393 8 10 0.041
62 367 9 10 0.041
116 353 5 7 0.033
120 367 6 8 0.027
57 354 7 9 0.022
194 360 7 9 0.022
91 412 9 11 0.020
40 363 7 9 0.019
0 365 5 12 0.015
758 369 9 13 0.014
704 365 10 10 0.013
623 368 7 8 0.013
228 357 6 8 0.013
3 389 8 10 0.012
641 369 5 7 0.012
210 351 7 8 0.012
63 357 7 9 0.011
649 375 11 15 0.011
