2_Demonstration_Demonstrators_2_547
24
683 137 56 81 0.853
822 134 46 60 0.845
218 139 55 72 0.831
484 162 43 52 0.811
641 159 43 58 0.772
878 177 40 48 0.764
0 211 27 44 0.756
986 207 33 53 0.725
458 198 32 43 0.709
412 189 35 44 0.662
935 203 25 34 0.620
163 157 45 52 0.570
764 211 26 33 0.326
587 228 34 42 0.218
736 202 24 30 0.138
354 194 38 47 0.132
798 206 17 22 0.057
771 209 20 26 0.043
94 218 31 40 0.037
750 206 33 47 0.031
170 212 30 40 0.025
425 194 35 42 0.024
199 186 28 37 0.011
347 205 37 46 0.011
