2_Demonstration_Demonstration_Or_Protest_2_225
328
446 430 16 20 0.743
985 502 16 19 0.652
462 409 16 19 0.647
322 440 16 22 0.646
857 429 15 22 0.643
353 440 16 20 0.642
136 412 15 19 0.636
501 433 16 18 0.626
258 409 15 20 0.613
945 434 16 21 0.581
38 404 18 23 0.577
920 409 13 17 0.567
802 433 14 18 0.546
224 438 15 18 0.543
994 403 12 17 0.527
206 452 16 19 0.523
663 416 15 16 0.520
699 424 14 19 0.509
883 435 15 17 0.501
868 422 14 19 0.474
398 406 15 16 0.463
918 386 13 16 0.458
596 345 9 11 0.423
562 427 15 18 0.418
764 417 13 16 0.414
590 394 11 14 0.412
679 426 12 15 0.407
346 347 10 11 0.400
538 342 8 11 0.389
863 354 11 12 0.365
574 401 12 15 0.348
850 411 12 16 0.340
584 409 14 16 0.337
414 350 10 12 0.337
703 349 8 11 0.316
384 381 13 15 0.306
451 356 9 12 0.306
354 402 14 15 0.302
360 345 9 12 0.295
176 410 16 19 0.268
782 365 10 13 0.266
892 447 14 17 0.249
734 430 16 17 0.243
933 305 12 14 0.233
275 389 13 15 0.233
861 426 16 20 0.223
814 417 12 15 0.221
919 394 13 16 0.211
805 359 10 12 0.205
904 363 10 13 0.203
290 352 9 11 0.200
105 403 13 18 0.185
886 439 16 19 0.181
991 383 12 13 0.180
1016 402 8 17 0.179
891 364 10 16 0.179
639 409 14 16 0.179
433 373 11 13 0.177
766 395 12 16 0.172
588 373 12 14 0.160
316 343 9 11 0.159
569 358 9 11 0.156
394 422 13 16 0.155
667 418 15 17 0.152
629 370 10 13 0.150
994 339 11 14 0.150
102 408 14 16 0.149
259 359 10 13 0.143
170 426 17 20 0.136
831 396 12 15 0.136
382 341 9 10 0.135
636 425 14 16 0.130
503 351 10 12 0.130
932 402 12 16 0.129
476 389 11 15 0.129
270 437 13 16 0.125
818 417 12 17 0.125
298 390 11 13 0.117
407 389 13 15 0.117
349 410 14 18 0.117
170 409 16 17 0.116
637 418 15 17 0.114
982 355 11 15 0.114
918 432 13 19 0.112
570 407 15 18 0.111
812 342 9 11 0.110
692 381 11 13 0.109
346 413 15 18 0.105
919 331 10 12 0.096
739 424 14 18 0.095
893 366 12 17 0.094
769 361 9 13 0.092
635 411 14 16 0.092
536 366 11 12 0.091
396 417 14 17 0.088
898 364 11 14 0.087
825 335 10 12 0.087
668 354 11 12 0.087
328 424 13 16 0.087
977 422 12 17 0.085
426 350 10 12 0.085
384 373 11 14 0.085
111 398 12 16 0.085
680 292 7 9 0.082
197 389 13 15 0.081
926 451 13 17 0.081
709 376 10 12 0.079
390 353 9 11 0.078
773 364 10 12 0.078
158 377 11 13 0.078
106 415 13 17 0.074
387 349 10 12 0.074
713 378 10 13 0.072
324 367 10 13 0.072
822 417 13 17 0.072
855 392 12 15 0.068
503 356 11 13 0.068
673 351 10 13 0.067
808 354 10 13 0.066
314 344 9 12 0.066
589 294 9 11 0.065
819 412 13 17 0.061
989 343 12 15 0.061
900 313 10 12 0.060
765 363 11 12 0.058
765 400 13 16 0.058
806 363 12 15 0.058
217 354 9 11 0.057
952 349 11 15 0.057
113 358 10 12 0.055
676 348 9 12 0.055
140 362 11 13 0.055
989 374 12 16 0.055
104 421 14 18 0.054
429 413 12 15 0.054
728 430 13 16 0.054
294 391 11 14 0.054
991 337 11 14 0.053
541 389 12 16 0.053
815 328 9 11 0.052
604 395 12 15 0.051
774 352 9 11 0.051
672 392 11 12 0.051
88 434 17 19 0.050
544 404 13 17 0.050
331 421 14 16 0.050
733 425 15 17 0.048
687 381 10 13 0.048
174 430 17 21 0.048
319 398 11 14 0.048
262 356 9 12 0.048
540 394 14 17 0.047
100 414 15 19 0.047
889 362 10 14 0.047
237 433 14 17 0.046
97 412 14 16 0.045
504 348 9 10 0.045
712 384 11 13 0.044
366 364 10 12 0.044
867 355 10 12 0.044
427 286 10 12 0.043
339 366 10 12 0.041
546 367 10 12 0.041
0 396 5 16 0.041
1014 500 9 17 0.041
660 304 8 10 0.040
188 365 10 12 0.040
868 405 12 16 0.040
542 400 13 16 0.040
594 369 10 12 0.039
995 346 11 15 0.039
84 304 12 13 0.039
852 307 9 11 0.039
428 362 11 14 0.039
771 394 12 15 0.039
602 424 15 19 0.038
806 376 11 14 0.038
665 356 10 12 0.037
584 312 8 10 0.037
955 345 12 14 0.037
710 391 11 14 0.037
435 349 9 11 0.036
201 356 10 12 0.036
739 379 10 12 0.036
820 372 11 14 0.036
498 382 12 15 0.036
644 408 12 15 0.035
593 373 11 14 0.035
379 303 10 11 0.035
277 363 10 13 0.034
762 362 10 13 0.034
243 351 9 11 0.033
1008 369 10 13 0.033
347 420 14 18 0.033
641 315 8 11 0.032
832 353 10 12 0.032
829 354 10 12 0.032
865 409 13 17 0.032
345 350 10 12 0.031
305 374 9 12 0.031
95 434 15 18 0.031
549 369 10 12 0.030
752 365 10 13 0.030
407 371 10 13 0.029
267 362 10 12 0.029
265 332 10 11 0.029
805 381 11 13 0.029
500 352 9 12 0.028
327 428 14 17 0.027
466 371 11 14 0.027
350 401 13 15 0.027
182 406 15 18 0.027
629 294 8 11 0.026
432 410 12 14 0.026
438 376 12 14 0.026
936 401 13 17 0.026
378 338 9 11 0.026
649 379 11 12 0.026
319 338 10 12 0.026
668 386 11 13 0.026
852 311 10 13 0.026
412 392 12 14 0.026
0 419 7 18 0.025
682 292 8 10 0.025
845 323 8 12 0.025
702 331 9 10 0.025
813 325 9 12 0.025
81 434 13 17 0.025
399 350 8 10 0.025
803 378 11 14 0.025
845 358 9 11 0.025
817 325 8 11 0.024
740 349 9 13 0.024
360 402 12 15 0.024
871 330 10 13 0.023
592 294 10 11 0.023
914 332 10 13 0.023
265 437 15 16 0.023
796 438 14 17 0.023
756 363 9 12 0.023
706 370 11 13 0.022
930 366 11 14 0.022
266 347 9 11 0.022
849 315 9 12 0.022
831 421 12 17 0.022
873 419 11 17 0.022
906 400 12 15 0.021
264 418 15 17 0.020
707 350 10 11 0.020
931 371 10 15 0.020
843 338 9 12 0.019
823 375 11 15 0.019
135 361 9 12 0.019
672 399 12 15 0.019
589 421 14 18 0.019
825 303 8 10 0.019
273 434 13 16 0.018
856 305 11 13 0.018
184 364 10 12 0.017
738 343 10 13 0.017
571 400 11 14 0.017
299 371 11 13 0.017
642 360 10 12 0.017
201 360 10 13 0.017
425 419 13 16 0.017
207 352 9 11 0.017
693 375 10 14 0.017
709 345 9 12 0.017
401 321 9 10 0.016
935 340 9 12 0.016
601 431 14 17 0.016
506 361 11 13 0.016
39 399 13 18 0.016
0 400 7 18 0.016
839 437 12 17 0.016
327 331 9 12 0.016
808 435 14 18 0.016
156 341 9 13 0.016
53 380 11 14 0.016
606 418 13 17 0.016
1002 520 14 17 0.016
896 314 10 13 0.015
265 342 9 12 0.015
504 381 11 13 0.015
539 378 12 15 0.015
625 389 11 14 0.015
336 368 11 13 0.015
377 302 9 10 0.015
933 339 9 11 0.015
869 349 10 13 0.015
788 297 8 11 0.014
1016 323 7 12 0.014
254 361 11 13 0.014
895 333 10 13 0.014
1019 466 5 20 0.014
804 294 10 12 0.014
913 285 12 13 0.014
866 397 12 14 0.014
314 340 9 11 0.013
659 420 15 17 0.013
143 370 11 13 0.013
741 342 9 12 0.013
812 415 11 14 0.013
184 432 16 19 0.013
651 375 9 13 0.013
287 331 9 11 0.012
56 402 12 17 0.012
639 317 10 13 0.012
623 381 11 14 0.012
1009 506 12 18 0.012
798 383 10 14 0.012
255 393 12 15 0.011
714 395 12 15 0.011
792 430 12 16 0.011
896 326 9 13 0.011
169 357 9 12 0.011
717 266 11 13 0.011
665 305 8 10 0.011
361 381 11 13 0.011
349 295 10 12 0.011
769 416 13 16 0.011
882 346 9 12 0.010
941 351 10 13 0.010
1017 349 7 14 0.010
166 360 10 12 0.010
910 281 12 15 0.010
551 364 10 12 0.010
366 332 10 11 0.010
