2_Demonstration_Demonstration_Or_Protest_2_438
28
467 540 60 79 0.842
450 264 50 62 0.829
53 607 26 49 0.154
77 579 25 41 0.125
390 499 9 14 0.049
88 522 23 28 0.048
1003 584 16 25 0.027
318 498 12 14 0.026
788 547 24 28 0.022
876 495 15 19 0.022
844 500 15 20 0.022
230 579 26 52 0.021
606 562 28 36 0.021
951 501 18 26 0.020
747 503 14 18 0.019
281 493 11 13 0.017
884 520 14 17 0.017
658 480 14 16 0.016
94 519 20 25 0.015
696 492 16 18 0.013
873 497 15 20 0.013
927 477 15 19 0.012
166 565 27 48 0.012
213 525 15 22 0.011
847 521 14 18 0.010
881 517 15 18 0.010
678 524 20 23 0.010
955 498 16 22 0.010
