2_Demonstration_Demonstration_Or_Protest_2_98
628
362 491 32 40 0.778
194 504 29 34 0.759
861 600 33 48 0.756
288 569 33 40 0.748
608 580 33 43 0.748
661 601 33 45 0.738
331 567 44 54 0.732
559 484 31 39 0.729
377 419 23 32 0.729
411 507 24 31 0.712
511 533 30 36 0.703
510 481 25 31 0.685
442 458 25 32 0.682
960 295 12 14 0.675
888 326 11 15 0.662
323 472 21 31 0.650
278 528 24 32 0.650
134 514 26 32 0.636
350 302 11 13 0.619
104 294 10 13 0.616
976 250 10 13 0.610
960 214 9 12 0.609
253 304 10 13 0.609
837 279 12 15 0.603
935 321 12 16 0.600
68 298 9 13 0.596
619 179 8 12 0.595
832 160 9 11 0.593
131 296 12 14 0.590
629 166 8 12 0.588
893 228 9 11 0.586
22 457 22 30 0.584
159 293 11 14 0.584
389 79 8 11 0.579
755 145 9 11 0.579
725 166 8 10 0.579
980 200 9 11 0.577
25 239 10 13 0.577
943 135 9 10 0.574
418 291 9 13 0.574
590 192 9 11 0.570
76 237 8 11 0.570
991 234 9 11 0.568
579 255 8 11 0.567
869 251 9 11 0.565
531 250 10 12 0.564
578 125 8 11 0.563
578 158 9 11 0.561
31 261 9 12 0.561
895 30 8 10 0.559
783 222 8 11 0.558
997 56 8 9 0.556
869 176 9 12 0.556
849 329 12 15 0.556
863 92 8 10 0.552
932 207 9 11 0.549
12 110 8 9 0.548
673 126 9 10 0.548
526 233 9 11 0.548
55 301 9 12 0.548
695 136 7 9 0.547
705 316 12 16 0.545
485 100 8 10 0.545
557 253 9 11 0.543
338 287 9 13 0.543
440 125 8 11 0.541
523 450 22 28 0.541
818 78 8 10 0.538
161 574 26 36 0.529
549 140 8 10 0.527
698 180 9 10 0.527
639 128 7 10 0.527
415 211 9 11 0.527
18 175 8 10 0.525
411 236 8 10 0.525
422 176 8 11 0.525
579 320 9 14 0.525
302 71 8 10 0.523
32 115 8 9 0.523
290 112 7 10 0.521
76 275 9 11 0.521
172 189 8 10 0.520
282 249 8 11 0.520
1 431 16 21 0.520
923 84 7 10 0.518
153 119 7 9 0.516
492 228 8 10 0.514
410 257 9 12 0.514
762 81 8 10 0.512
296 281 9 11 0.512
515 105 8 9 0.510
472 136 8 10 0.510
792 55 7 10 0.509
3 237 8 10 0.509
615 110 7 9 0.507
502 632 39 29 0.506
151 168 8 10 0.503
74 183 8 10 0.503
387 260 8 10 0.503
555 34 8 9 0.499
360 39 8 8 0.499
642 54 7 9 0.499
743 256 8 10 0.498
95 160 8 10 0.496
226 222 7 10 0.494
677 59 7 9 0.492
222 306 9 12 0.492
255 85 7 10 0.492
519 297 9 12 0.490
751 181 9 11 0.486
977 220 8 11 0.485
276 57 7 9 0.485
196 198 8 10 0.479
810 235 8 10 0.479
807 105 7 9 0.479
353 199 8 10 0.479
37 296 9 12 0.479
496 71 8 10 0.477
615 128 8 10 0.476
1003 333 10 15 0.470
527 59 7 9 0.467
123 99 7 9 0.466
525 172 7 10 0.465
276 87 7 9 0.464
895 138 8 10 0.463
182 46 7 9 0.461
660 181 9 10 0.461
219 599 35 45 0.458
755 59 7 9 0.456
265 101 8 10 0.448
223 551 29 37 0.448
126 120 7 9 0.447
420 274 9 11 0.445
119 294 10 13 0.445
857 53 7 9 0.445
489 454 19 21 0.443
193 228 8 10 0.441
490 251 9 11 0.441
477 263 8 11 0.441
457 115 7 9 0.439
517 80 7 8 0.436
56 279 9 13 0.435
122 488 20 25 0.431
104 264 9 12 0.430
671 248 9 11 0.429
642 80 7 9 0.427
107 156 8 10 0.427
725 41 7 9 0.423
7 476 20 24 0.423
18 96 7 8 0.423
656 549 27 38 0.422
356 273 8 10 0.421
781 91 7 9 0.421
908 110 7 9 0.416
166 216 8 10 0.416
589 81 7 9 0.416
245 59 6 8 0.414
632 632 30 30 0.412
829 62 7 9 0.412
59 176 8 9 0.412
202 95 7 9 0.409
221 99 8 9 0.407
480 113 7 10 0.405
986 104 7 9 0.403
956 41 7 10 0.402
133 64 7 8 0.402
56 159 7 9 0.400
11 63 7 8 0.398
926 226 9 11 0.397
737 65 7 9 0.395
171 83 7 8 0.395
173 170 8 9 0.395
420 195 7 9 0.391
454 78 6 9 0.391
885 37 7 10 0.386
199 83 6 9 0.384
603 271 9 11 0.382
49 515 27 37 0.381
468 67 7 8 0.381
706 56 7 8 0.380
117 113 7 9 0.376
492 60 6 8 0.372
117 63 6 8 0.372
762 133 7 10 0.372
60 237 8 10 0.372
446 236 7 9 0.372
456 319 11 13 0.370
740 86 7 9 0.368
949 282 9 12 0.368
725 318 11 12 0.368
92 59 6 8 0.367
626 56 6 9 0.365
59 58 7 8 0.365
404 159 7 9 0.364
149 269 8 11 0.357
536 92 7 9 0.356
188 285 10 12 0.355
926 61 7 9 0.354
594 463 17 22 0.350
162 62 7 8 0.350
281 204 7 10 0.344
80 66 6 8 0.338
218 85 6 8 0.338
672 68 7 10 0.337
676 314 11 14 0.337
313 43 7 7 0.333
236 104 7 9 0.332
549 67 7 8 0.324
324 440 18 24 0.323
781 133 7 10 0.322
597 104 8 10 0.322
438 107 7 9 0.319
207 220 7 8 0.317
528 139 7 9 0.316
182 123 7 9 0.306
216 114 7 9 0.304
264 243 7 9 0.303
392 464 18 22 0.298
191 287 10 14 0.296
391 161 8 9 0.294
0 132 6 10 0.282
517 129 8 9 0.280
780 277 8 11 0.274
199 295 8 13 0.270
313 299 10 12 0.268
684 245 9 11 0.264
118 256 7 10 0.261
60 316 10 12 0.261
73 137 7 9 0.257
675 62 7 9 0.254
972 141 8 10 0.254
491 293 8 13 0.254
610 56 7 9 0.240
1016 104 7 10 0.240
892 32 7 10 0.240
102 63 6 8 0.239
664 241 8 11 0.236
68 97 7 10 0.234
595 479 20 30 0.233
999 116 7 9 0.231
874 138 7 9 0.231
313 262 9 11 0.231
224 281 8 11 0.230
548 100 7 9 0.228
36 57 6 8 0.224
594 510 23 30 0.219
428 56 7 9 0.218
426 82 6 9 0.218
168 259 8 11 0.214
403 228 7 10 0.211
212 139 7 9 0.210
530 162 7 10 0.210
62 117 6 8 0.207
325 206 7 9 0.206
1004 204 7 10 0.205
167 205 8 11 0.202
160 607 30 46 0.201
726 187 8 9 0.201
470 304 9 12 0.201
465 92 6 9 0.198
29 255 10 13 0.188
564 575 25 36 0.186
666 242 9 11 0.185
564 88 7 9 0.183
741 83 7 10 0.181
82 175 7 9 0.181
202 295 9 12 0.179
569 82 6 9 0.175
174 237 8 11 0.174
458 164 8 10 0.165
0 182 5 9 0.162
224 99 8 10 0.161
255 107 8 10 0.160
797 295 8 12 0.158
614 147 8 9 0.153
62 58 6 8 0.153
258 255 7 9 0.153
972 79 7 9 0.152
1005 107 7 9 0.152
250 112 7 10 0.151
583 527 25 28 0.149
595 288 9 11 0.145
391 259 10 11 0.145
261 576 39 48 0.144
547 66 6 9 0.143
594 89 7 9 0.142
45 275 8 11 0.142
208 282 8 10 0.141
3 257 7 11 0.137
556 268 8 10 0.137
584 143 7 9 0.136
588 274 9 11 0.135
374 290 8 11 0.135
729 128 8 10 0.133
327 415 13 15 0.133
262 247 7 10 0.130
561 65 6 8 0.128
57 161 8 10 0.127
452 93 7 9 0.127
298 182 7 8 0.126
614 56 7 9 0.126
773 252 8 11 0.125
924 61 6 9 0.122
301 102 7 9 0.122
965 215 10 12 0.121
308 241 8 10 0.120
51 47 6 7 0.119
566 85 7 10 0.119
158 227 6 9 0.117
126 268 7 10 0.116
863 279 9 12 0.116
80 275 8 12 0.116
249 114 7 11 0.115
391 182 7 10 0.114
444 277 9 11 0.114
765 81 7 9 0.114
931 210 9 12 0.114
691 86 6 8 0.113
797 103 6 9 0.113
206 293 9 11 0.113
422 83 7 10 0.112
212 292 9 11 0.111
155 584 34 48 0.110
718 87 6 8 0.109
998 277 9 12 0.107
466 89 6 9 0.107
712 70 7 9 0.106
18 468 21 27 0.106
194 198 7 9 0.106
644 78 7 9 0.106
601 273 9 12 0.105
407 39 6 8 0.104
521 298 10 12 0.103
75 135 7 9 0.103
442 270 8 11 0.102
81 65 7 9 0.102
128 119 8 10 0.101
74 141 7 9 0.101
710 134 8 9 0.101
512 264 8 10 0.101
482 109 8 11 0.100
692 137 8 10 0.100
215 87 8 9 0.100
592 282 9 12 0.099
53 509 27 35 0.098
351 275 8 11 0.098
427 83 8 9 0.097
442 273 8 11 0.096
66 97 7 9 0.095
72 140 7 9 0.090
468 280 8 10 0.089
120 111 8 9 0.089
199 205 9 11 0.089
311 409 11 13 0.087
709 61 7 9 0.087
533 248 9 12 0.086
118 117 8 10 0.083
463 623 30 36 0.082
477 165 7 9 0.082
810 103 7 11 0.082
216 282 9 11 0.080
60 117 6 7 0.080
155 227 6 9 0.080
285 249 8 11 0.080
609 210 8 11 0.079
719 88 7 8 0.077
839 261 9 10 0.077
248 59 6 8 0.076
71 184 9 10 0.075
636 146 7 10 0.075
171 261 8 11 0.073
923 226 8 11 0.073
705 58 8 10 0.072
106 520 28 34 0.072
111 237 7 9 0.071
588 520 26 33 0.071
596 96 7 11 0.071
394 198 7 10 0.070
53 158 7 9 0.070
371 290 9 11 0.069
57 263 8 9 0.068
400 109 6 9 0.068
62 113 8 10 0.067
834 132 7 10 0.067
820 310 9 14 0.066
316 296 8 11 0.066
363 142 7 9 0.065
499 246 8 11 0.065
443 235 7 9 0.065
758 145 9 11 0.064
447 451 22 31 0.063
420 200 8 9 0.060
252 274 8 12 0.060
405 42 6 9 0.059
644 55 7 9 0.059
588 95 6 9 0.058
171 256 8 11 0.057
717 93 7 9 0.057
429 54 7 9 0.055
125 98 7 9 0.054
998 111 9 11 0.054
15 96 6 9 0.054
340 275 8 10 0.052
198 512 33 44 0.052
35 115 7 9 0.051
352 202 8 10 0.051
430 233 7 10 0.051
916 110 7 9 0.051
727 40 8 10 0.051
89 61 8 9 0.051
644 81 8 9 0.049
832 134 8 10 0.049
521 441 15 20 0.048
618 110 7 9 0.048
806 255 8 11 0.047
374 262 8 11 0.046
312 240 7 10 0.046
142 186 8 9 0.045
118 61 6 8 0.045
512 126 7 9 0.045
211 591 36 46 0.045
784 278 9 11 0.044
553 33 7 9 0.043
190 157 7 10 0.043
116 236 7 9 0.043
313 309 9 12 0.043
827 60 6 9 0.043
855 53 6 9 0.041
716 98 7 9 0.041
215 164 8 9 0.041
780 106 7 10 0.041
935 579 24 37 0.040
484 295 9 13 0.038
10 67 6 8 0.038
735 88 7 11 0.038
616 180 8 11 0.038
153 197 8 10 0.037
308 207 8 10 0.037
227 281 7 10 0.037
553 455 17 20 0.037
103 61 6 8 0.036
279 57 6 9 0.035
402 108 7 9 0.035
309 237 8 11 0.035
126 277 8 10 0.032
289 280 7 11 0.032
395 178 8 10 0.032
167 81 7 9 0.031
56 260 7 10 0.031
270 313 8 11 0.031
784 135 9 10 0.031
170 214 8 10 0.030
742 112 7 9 0.030
370 239 7 10 0.030
100 264 11 14 0.030
535 217 8 8 0.030
424 57 7 9 0.030
251 85 7 10 0.030
768 53 7 8 0.030
496 344 9 11 0.029
904 110 7 9 0.029
497 126 7 9 0.028
350 232 8 9 0.028
21 453 19 25 0.028
48 82 6 9 0.028
44 521 24 34 0.028
675 59 6 8 0.028
507 299 9 12 0.028
805 125 8 10 0.027
577 154 8 11 0.027
587 533 26 31 0.027
577 413 13 16 0.027
868 283 9 12 0.027
128 199 7 9 0.026
635 138 7 9 0.026
663 184 8 10 0.026
917 512 18 21 0.026
394 189 7 10 0.025
446 279 7 11 0.025
58 318 9 11 0.025
1017 203 6 12 0.025
862 276 9 12 0.025
781 96 6 9 0.025
139 190 7 10 0.025
488 283 9 12 0.025
429 311 7 9 0.025
513 107 8 10 0.025
0 200 6 10 0.025
143 604 36 47 0.024
2 502 13 27 0.024
285 128 7 9 0.024
671 315 11 13 0.024
416 89 6 10 0.023
26 81 6 8 0.023
873 250 9 11 0.023
421 159 7 8 0.022
592 457 17 21 0.022
659 183 8 11 0.022
399 227 7 11 0.022
356 202 8 10 0.022
5 262 7 10 0.022
556 564 30 43 0.021
218 161 7 9 0.021
26 449 14 21 0.021
35 261 8 11 0.021
547 141 7 10 0.021
531 216 9 11 0.020
545 100 8 10 0.020
329 207 7 9 0.020
836 135 8 10 0.020
907 538 22 30 0.020
526 165 8 11 0.020
78 70 6 8 0.019
770 54 6 8 0.019
794 297 9 13 0.019
141 194 8 11 0.019
939 597 25 36 0.019
476 627 39 31 0.019
574 221 7 9 0.019
121 237 7 9 0.019
48 47 5 7 0.019
1017 375 6 15 0.019
96 246 6 8 0.019
51 49 7 9 0.018
29 238 8 11 0.018
321 436 17 23 0.018
26 83 6 8 0.018
50 83 6 8 0.018
741 88 7 9 0.018
202 83 7 8 0.018
693 86 8 10 0.018
392 435 16 22 0.018
46 84 6 7 0.018
181 125 7 10 0.018
304 105 6 10 0.018
1002 276 9 12 0.018
625 74 7 9 0.017
249 125 7 9 0.017
524 259 9 11 0.017
114 494 21 25 0.017
104 503 21 25 0.017
103 512 26 31 0.017
306 205 8 11 0.017
148 212 7 9 0.017
546 549 30 36 0.017
211 168 6 9 0.017
310 42 6 8 0.017
964 434 14 17 0.016
528 172 8 10 0.016
250 129 7 9 0.016
384 201 7 11 0.016
1012 310 8 13 0.016
437 126 8 10 0.016
915 518 19 27 0.016
929 571 23 34 0.016
300 184 7 9 0.016
897 223 8 11 0.015
442 624 33 35 0.015
442 279 8 12 0.015
561 251 8 11 0.015
279 205 6 10 0.015
676 163 8 10 0.015
873 176 9 11 0.015
0 516 12 34 0.015
954 67 7 8 0.015
9 61 6 8 0.014
103 491 20 23 0.014
754 8 8 9 0.014
313 314 9 11 0.014
148 575 34 44 0.014
984 66 6 8 0.014
8 81 6 8 0.014
13 298 7 12 0.014
455 445 17 22 0.014
614 44 6 8 0.014
557 36 7 9 0.014
125 616 39 40 0.014
5 257 8 10 0.014
298 578 32 34 0.014
360 141 7 9 0.014
317 261 8 11 0.014
489 229 7 10 0.013
145 243 7 9 0.013
356 86 8 10 0.013
552 282 8 13 0.013
123 141 6 8 0.013
434 98 7 10 0.013
433 466 20 25 0.013
0 511 11 25 0.013
29 299 9 12 0.013
651 545 24 35 0.013
386 80 8 10 0.013
969 433 13 15 0.013
578 451 15 18 0.013
419 82 7 9 0.012
449 76 6 9 0.012
1002 200 8 10 0.012
121 144 7 10 0.012
899 30 8 10 0.012
617 52 8 10 0.012
970 144 8 10 0.012
269 111 9 10 0.012
599 523 27 33 0.012
110 446 12 15 0.012
998 329 11 15 0.012
213 317 9 11 0.012
737 87 7 10 0.012
389 461 15 22 0.012
891 139 8 10 0.011
364 238 9 11 0.011
116 488 19 23 0.011
833 129 7 10 0.011
660 85 7 9 0.011
91 63 7 9 0.011
206 605 40 43 0.011
120 519 28 34 0.011
454 616 31 40 0.011
153 618 32 41 0.011
121 536 24 29 0.011
264 240 7 9 0.011
145 96 7 8 0.011
294 225 9 12 0.010
688 312 10 13 0.010
703 250 7 10 0.010
594 291 8 12 0.010
218 315 10 13 0.010
996 118 8 9 0.010
901 213 8 10 0.010
