2_Demonstration_Protesters_2_54
55
21 210 23 29 0.759
600 138 19 24 0.740
418 98 18 24 0.739
150 206 24 28 0.739
315 141 19 23 0.720
679 125 19 24 0.716
296 85 14 19 0.711
525 136 19 21 0.707
521 67 17 22 0.705
227 161 21 25 0.703
16 161 21 24 0.698
440 135 18 22 0.687
412 266 25 30 0.669
394 75 14 20 0.665
334 65 16 18 0.663
171 160 19 25 0.660
874 137 17 20 0.643
363 77 14 18 0.641
813 105 18 22 0.633
687 161 18 23 0.529
949 56 10 12 0.478
548 59 16 19 0.458
88 57 10 11 0.418
661 108 19 22 0.365
356 232 20 17 0.349
174 49 8 10 0.267
73 95 14 18 0.244
281 53 8 11 0.211
154 66 9 11 0.083
149 54 8 11 0.070
144 166 19 23 0.069
153 62 10 11 0.065
150 52 7 10 0.063
93 57 8 11 0.053
340 65 14 18 0.048
859 94 7 9 0.036
363 226 17 21 0.036
1001 71 7 9 0.034
857 97 11 13 0.033
546 141 13 17 0.031
999 68 7 9 0.025
607 117 18 22 0.024
602 123 17 23 0.021
992 58 7 8 0.020
460 158 17 22 0.020
996 64 8 10 0.018
937 57 7 9 0.018
84 57 9 11 0.017
69 96 14 18 0.014
856 102 12 14 0.014
0 387 12 29 0.012
599 114 17 19 0.012
587 114 15 20 0.012
366 222 18 22 0.011
862 95 7 10 0.010
