2_Demonstration_Demonstration_Or_Protest_2_644
85
101 236 30 40 0.753
148 182 24 30 0.750
232 64 25 32 0.738
877 310 29 35 0.715
767 287 25 33 0.710
851 270 21 26 0.703
932 276 21 25 0.693
404 242 21 26 0.688
822 278 22 29 0.674
645 237 19 24 0.672
174 173 21 27 0.647
716 245 20 32 0.639
658 272 24 29 0.633
333 89 20 30 0.625
21 32 20 23 0.581
835 141 18 23 0.558
363 247 24 29 0.554
658 298 25 32 0.541
569 121 18 22 0.531
430 233 20 27 0.502
473 161 16 19 0.437
562 272 28 35 0.437
784 258 16 20 0.394
518 270 24 29 0.359
550 243 20 23 0.291
511 248 21 25 0.283
526 149 16 20 0.280
210 48 14 16 0.280
294 237 18 21 0.208
443 282 23 26 0.193
476 273 22 24 0.154
385 242 18 22 0.142
235 218 19 23 0.136
375 245 20 26 0.135
587 268 18 25 0.133
539 192 19 24 0.132
517 263 22 27 0.109
428 307 24 25 0.094
658 283 24 34 0.090
449 279 24 26 0.086
967 280 20 23 0.079
574 262 26 33 0.062
640 110 15 19 0.050
383 154 19 21 0.049
489 315 21 24 0.048
584 259 18 25 0.045
805 175 13 15 0.043
316 228 19 23 0.040
270 283 17 26 0.035
606 256 15 20 0.034
1009 296 12 19 0.034
213 50 14 19 0.033
825 266 17 21 0.029
653 304 22 27 0.028
979 275 18 21 0.025
436 230 16 23 0.022
305 231 20 24 0.020
754 260 13 18 0.020
1018 236 5 8 0.020
732 94 15 17 0.020
535 146 17 21 0.020
881 273 17 21 0.020
581 252 19 25 0.020
542 268 19 25 0.019
301 235 19 24 0.018
683 265 18 24 0.017
772 295 26 28 0.017
594 254 18 22 0.016
763 289 20 28 0.016
379 153 17 19 0.015
478 281 20 24 0.015
500 246 21 25 0.014
436 149 14 16 0.014
443 164 14 19 0.014
490 150 15 17 0.013
422 297 23 27 0.012
501 165 14 19 0.012
535 154 17 23 0.011
627 113 15 18 0.011
647 106 14 19 0.011
856 268 19 23 0.011
551 236 18 22 0.010
870 353 22 27 0.010
484 250 20 24 0.010
15 33 16 21 0.010
