2_Demonstration_Political_Rally_2_659
40
37 243 104 117 0.877
510 195 128 135 0.865
962 243 62 82 0.842
730 237 50 60 0.822
0 327 31 37 0.757
367 272 21 27 0.730
193 278 34 43 0.716
455 260 61 82 0.714
232 285 28 41 0.676
2 291 19 25 0.657
407 279 17 20 0.652
163 289 27 31 0.628
255 247 31 37 0.418
890 227 17 24 0.388
21 302 21 28 0.298
138 290 23 32 0.190
768 214 34 52 0.136
449 267 15 19 0.126
737 206 10 11 0.121
14 298 17 25 0.121
449 262 28 36 0.065
446 270 11 15 0.060
903 224 15 21 0.052
438 288 12 15 0.048
145 290 19 25 0.044
720 241 15 25 0.041
0 638 18 81 0.039
337 278 12 16 0.035
740 204 9 11 0.027
333 273 10 15 0.024
344 277 11 15 0.019
719 239 28 40 0.016
336 283 12 16 0.015
187 289 25 32 0.014
446 274 40 50 0.014
25 307 22 34 0.013
331 272 9 14 0.013
330 277 11 17 0.011
692 256 16 22 0.011
913 263 39 47 0.011
