2_Demonstration_Demonstration_Or_Protest_2_430
27
109 237 51 71 0.825
286 203 55 74 0.822
607 123 48 71 0.807
489 130 59 94 0.803
856 217 55 65 0.791
682 121 54 86 0.790
351 179 47 62 0.782
764 146 45 59 0.759
652 101 46 69 0.710
858 165 49 60 0.709
0 134 19 73 0.623
236 216 38 44 0.462
60 215 18 21 0.393
814 115 35 48 0.314
467 98 43 57 0.164
14 377 54 63 0.148
683 105 45 75 0.108
365 500 63 75 0.063
434 235 45 60 0.045
387 492 55 83 0.045
41 249 33 40 0.036
348 520 66 54 0.033
481 106 39 46 0.025
820 130 31 39 0.023
3 389 51 66 0.014
109 208 29 33 0.014
766 125 38 58 0.010
