2_Demonstration_Protesters_2_86
411
39 597 80 79 0.845
46 481 49 51 0.831
805 422 41 43 0.826
321 365 33 39 0.821
351 473 49 54 0.821
462 373 35 44 0.819
492 315 26 34 0.802
540 442 42 47 0.802
728 340 32 38 0.794
284 334 30 35 0.790
391 333 26 29 0.787
118 339 29 33 0.784
681 413 35 39 0.780
534 300 20 27 0.780
903 371 31 38 0.773
598 327 26 34 0.767
891 302 20 23 0.766
330 300 21 25 0.766
185 373 35 40 0.762
73 312 22 26 0.759
22 295 25 29 0.756
765 299 21 26 0.750
218 331 25 29 0.750
966 350 33 41 0.745
122 297 19 21 0.741
0 279 14 21 0.736
566 288 19 23 0.736
807 320 28 34 0.733
677 306 27 32 0.732
966 563 59 46 0.732
726 293 18 21 0.732
95 278 19 22 0.731
186 314 23 28 0.729
400 300 22 25 0.728
277 291 19 23 0.727
0 359 16 35 0.723
979 304 22 25 0.716
361 271 16 20 0.716
606 269 17 21 0.710
452 298 19 25 0.710
448 266 17 22 0.708
130 272 15 18 0.696
839 283 18 22 0.692
657 277 18 23 0.691
101 245 13 15 0.686
917 290 19 23 0.683
512 261 15 18 0.681
624 313 21 23 0.680
55 277 19 23 0.677
1009 259 14 19 0.675
399 244 11 15 0.673
329 265 15 18 0.673
531 278 18 21 0.673
150 272 16 19 0.667
294 274 14 17 0.667
784 276 15 20 0.665
932 323 26 29 0.655
863 263 15 18 0.653
969 261 13 16 0.647
825 300 17 22 0.646
900 233 12 14 0.644
463 248 11 14 0.644
815 263 15 17 0.644
281 247 11 13 0.624
307 231 11 14 0.622
484 256 14 15 0.619
652 245 12 14 0.614
247 254 15 19 0.609
739 277 16 19 0.605
574 271 15 18 0.600
701 250 12 15 0.598
884 252 13 15 0.596
25 262 15 17 0.591
196 272 20 21 0.588
681 268 16 19 0.588
773 248 13 16 0.584
621 255 13 16 0.580
321 254 12 14 0.565
875 227 10 11 0.563
157 236 13 16 0.561
103 193 10 13 0.559
134 231 12 16 0.558
423 240 12 13 0.552
841 243 12 13 0.550
572 241 11 14 0.550
429 256 12 16 0.543
766 281 16 19 0.543
333 218 9 12 0.540
549 230 10 13 0.540
908 263 15 16 0.522
989 251 12 15 0.521
924 231 9 12 0.516
67 185 12 16 0.514
978 242 9 12 0.505
22 194 10 15 0.503
232 235 9 11 0.497
73 266 15 19 0.497
966 218 8 9 0.494
729 255 13 15 0.486
221 227 9 13 0.483
49 182 11 13 0.481
359 251 10 12 0.470
1010 466 14 48 0.464
185 232 11 14 0.454
484 236 10 12 0.454
157 213 9 11 0.448
261 233 9 11 0.448
916 277 15 17 0.447
131 183 8 10 0.445
292 230 9 11 0.445
0 452 13 45 0.441
763 239 10 13 0.439
651 224 8 9 0.423
609 252 12 14 0.423
176 216 9 11 0.423
402 227 9 11 0.423
375 251 12 14 0.423
358 231 10 13 0.422
885 209 8 10 0.416
594 232 9 13 0.414
524 234 10 14 0.411
221 212 8 11 0.411
543 211 9 11 0.409
511 240 10 14 0.400
580 215 7 9 0.397
37 183 11 14 0.396
672 224 9 11 0.394
716 229 10 13 0.391
1014 295 10 25 0.388
935 262 11 14 0.388
26 275 15 18 0.388
460 233 10 12 0.384
496 229 8 10 0.380
428 226 8 10 0.374
181 176 7 9 0.370
991 222 9 9 0.367
275 225 10 12 0.367
953 229 9 12 0.365
745 224 8 11 0.359
79 179 10 12 0.354
202 231 10 13 0.345
247 214 7 9 0.340
271 275 12 15 0.335
703 236 10 12 0.325
958 244 10 12 0.325
783 208 7 8 0.301
785 226 7 10 0.297
520 205 6 8 0.291
1006 243 10 12 0.289
169 232 10 13 0.280
817 214 9 11 0.280
535 228 9 12 0.280
903 214 8 10 0.267
632 228 8 10 0.264
180 205 8 9 0.260
155 185 7 8 0.255
104 181 10 10 0.249
477 205 7 9 0.247
265 256 12 14 0.246
413 207 7 9 0.243
375 229 8 10 0.241
921 195 7 8 0.240
190 260 12 14 0.238
461 209 7 8 0.235
948 245 8 11 0.234
789 255 12 13 0.230
206 218 8 10 0.227
541 244 10 12 0.227
23 182 9 11 0.222
1009 217 8 10 0.222
235 201 7 8 0.221
874 196 6 8 0.219
611 212 6 8 0.218
572 230 8 10 0.213
317 221 9 11 0.212
480 206 6 8 0.211
1000 173 6 8 0.211
722 208 7 8 0.207
610 230 7 10 0.200
256 227 8 11 0.199
371 216 8 10 0.197
636 216 8 10 0.196
942 237 9 11 0.192
735 264 16 16 0.192
191 269 17 19 0.189
9 180 8 10 0.184
710 200 6 8 0.181
503 210 6 8 0.178
662 243 10 12 0.177
371 253 14 15 0.176
777 250 14 14 0.173
489 218 8 10 0.171
516 227 9 10 0.170
349 218 8 10 0.162
560 206 7 8 0.157
258 258 14 17 0.155
527 234 10 12 0.155
423 217 7 9 0.150
302 206 7 8 0.149
626 209 7 9 0.148
481 206 7 8 0.147
501 210 7 10 0.146
845 240 12 14 0.145
454 222 8 11 0.144
861 208 7 9 0.143
392 216 7 9 0.141
439 214 7 9 0.141
693 212 7 8 0.141
681 252 13 17 0.136
191 275 18 20 0.134
914 222 8 11 0.132
742 201 6 8 0.132
415 209 7 9 0.132
730 232 8 11 0.131
226 181 6 7 0.129
295 212 7 9 0.126
757 215 7 9 0.125
208 258 13 14 0.125
449 208 7 8 0.125
1016 224 7 11 0.124
754 171 5 7 0.122
788 209 7 8 0.118
447 207 6 8 0.114
955 241 10 13 0.111
631 234 9 11 0.111
704 223 7 9 0.109
946 300 16 17 0.109
665 200 6 8 0.108
606 194 6 7 0.105
895 236 12 15 0.104
876 196 7 8 0.103
251 217 8 9 0.103
957 228 9 11 0.103
590 206 6 7 0.102
322 208 6 8 0.100
766 243 13 15 0.100
24 191 11 15 0.099
667 201 6 8 0.098
5 179 7 12 0.097
983 285 14 17 0.096
911 204 7 9 0.095
409 207 9 9 0.094
306 206 6 8 0.092
1012 301 12 38 0.091
324 219 8 10 0.091
858 204 6 8 0.091
860 206 6 7 0.090
401 208 7 8 0.089
287 214 8 9 0.086
552 195 5 6 0.086
17 183 10 12 0.086
490 215 9 10 0.086
544 200 6 7 0.085
203 200 7 8 0.083
502 187 5 7 0.081
754 215 8 10 0.080
469 196 6 6 0.080
367 196 5 6 0.080
578 214 7 9 0.078
818 303 22 28 0.078
795 211 6 8 0.078
277 208 6 8 0.078
599 236 9 12 0.077
384 200 6 7 0.075
315 218 7 10 0.074
633 224 8 10 0.074
257 207 6 8 0.074
488 254 13 15 0.074
450 211 8 9 0.073
775 219 7 9 0.073
763 195 6 7 0.072
281 197 6 6 0.072
610 195 6 7 0.072
1015 174 6 7 0.071
359 218 8 9 0.070
207 199 6 8 0.069
778 171 5 6 0.068
265 194 6 7 0.068
1006 213 7 9 0.068
628 198 6 7 0.067
80 278 12 15 0.067
356 206 6 7 0.067
943 295 15 18 0.066
645 218 9 10 0.065
452 218 7 10 0.063
726 208 6 7 0.063
290 214 9 9 0.063
589 233 12 14 0.063
940 197 6 7 0.061
794 239 9 11 0.061
751 172 5 6 0.060
211 188 6 7 0.060
458 231 10 11 0.059
727 195 6 7 0.059
780 172 5 6 0.058
995 224 10 11 0.058
679 206 6 8 0.057
735 207 6 8 0.057
848 305 15 20 0.057
704 227 8 11 0.056
520 235 12 16 0.055
770 222 8 10 0.054
158 188 7 9 0.054
369 195 6 6 0.052
384 202 6 7 0.050
379 203 6 7 0.050
426 199 6 7 0.050
739 243 9 11 0.050
310 209 8 10 0.050
651 240 10 14 0.049
250 191 6 6 0.049
281 206 6 8 0.048
606 196 6 8 0.048
267 193 6 7 0.048
954 227 8 10 0.046
339 210 6 8 0.044
986 177 6 8 0.043
273 213 9 10 0.043
965 168 6 7 0.042
680 220 8 9 0.041
361 204 5 8 0.040
860 200 6 7 0.040
519 203 6 8 0.040
489 197 5 7 0.038
610 247 9 13 0.038
679 201 5 7 0.037
813 214 8 10 0.037
330 328 15 21 0.037
935 268 11 15 0.036
273 267 11 14 0.036
696 198 6 7 0.036
313 196 6 6 0.035
848 206 7 9 0.035
985 226 8 11 0.035
42 256 13 15 0.035
75 263 11 15 0.035
942 196 6 7 0.034
730 195 5 7 0.034
607 211 8 10 0.033
249 189 6 7 0.033
369 265 15 16 0.033
187 297 17 20 0.033
583 198 5 6 0.032
669 187 4 6 0.032
638 210 6 9 0.031
708 188 5 6 0.031
301 200 6 7 0.031
943 200 6 9 0.030
679 210 8 10 0.029
932 291 17 19 0.028
991 176 6 7 0.028
219 183 6 7 0.028
335 250 10 12 0.028
661 200 6 8 0.027
317 194 6 7 0.027
337 194 5 6 0.026
566 201 5 7 0.026
846 206 6 7 0.025
905 193 6 7 0.025
160 259 11 16 0.025
60 309 12 15 0.024
199 199 6 8 0.023
269 189 5 7 0.023
826 184 5 7 0.023
543 185 5 6 0.022
724 187 5 6 0.022
859 184 5 6 0.022
684 187 4 5 0.022
852 184 5 6 0.022
136 205 8 10 0.021
438 200 5 6 0.021
945 303 20 21 0.021
493 309 19 26 0.020
402 198 5 7 0.020
347 196 5 7 0.019
595 197 5 7 0.019
493 299 14 19 0.018
797 239 10 12 0.018
823 214 8 10 0.018
323 185 5 6 0.016
642 200 5 6 0.015
451 201 5 7 0.015
677 242 10 12 0.015
80 177 8 9 0.014
812 174 5 6 0.014
524 205 7 9 0.014
486 183 5 5 0.014
801 253 11 13 0.014
831 182 5 6 0.014
619 190 4 6 0.013
580 266 11 15 0.013
851 185 5 6 0.013
555 245 11 13 0.012
744 263 13 15 0.012
942 215 8 9 0.012
962 168 5 7 0.012
863 225 9 10 0.012
46 259 13 15 0.012
261 188 5 6 0.012
287 189 5 6 0.012
914 193 8 9 0.012
695 189 4 6 0.011
594 188 4 6 0.011
406 193 6 6 0.011
848 231 10 11 0.011
388 189 4 6 0.010
0 436 9 49 0.010
351 188 5 6 0.010
525 193 5 7 0.010
578 212 11 14 0.010
0 356 11 29 0.010
