2_Demonstration_Demonstration_Or_Protest_2_200
135
808 494 55 55 0.815
788 381 47 56 0.805
853 324 38 50 0.796
14 365 40 51 0.792
278 217 35 47 0.785
74 265 36 48 0.781
179 223 33 38 0.770
86 130 30 41 0.763
670 377 46 70 0.757
938 300 45 57 0.748
285 168 28 34 0.728
223 189 30 39 0.721
388 222 25 34 0.717
882 162 29 38 0.716
308 362 47 58 0.709
951 172 34 41 0.703
309 95 16 20 0.663
354 153 23 29 0.662
400 47 14 20 0.650
463 10 13 16 0.642
23 70 15 19 0.636
274 66 14 20 0.631
843 132 23 26 0.631
905 -2 14 17 0.624
1005 78 19 33 0.613
399 471 52 57 0.580
357 24 13 15 0.548
682 34 18 24 0.533
501 6 11 15 0.528
926 75 20 24 0.525
543 167 22 32 0.523
92 30 12 17 0.519
386 147 27 38 0.519
486 40 13 17 0.436
903 115 18 23 0.431
352 115 18 23 0.422
364 112 17 21 0.419
1008 25 15 17 0.393
499 160 26 28 0.375
357 113 20 22 0.283
813 -3 13 11 0.282
355 0 10 12 0.259
895 298 32 41 0.223
15 126 18 23 0.176
526 83 13 17 0.146
3 89 13 19 0.139
362 79 15 20 0.109
57 259 25 36 0.107
770 328 38 44 0.104
34 141 17 22 0.103
27 40 11 12 0.088
290 76 13 16 0.080
390 161 26 34 0.077
901 -1 13 15 0.066
765 -1 13 12 0.060
119 260 25 33 0.054
0 79 7 18 0.053
874 21 13 18 0.051
338 203 26 31 0.045
889 305 31 43 0.043
586 50 11 14 0.041
790 85 15 18 0.040
672 39 13 20 0.040
318 81 13 17 0.038
531 216 25 27 0.036
788 75 14 17 0.034
289 80 15 20 0.033
756 77 14 18 0.033
520 113 15 20 0.032
790 78 14 18 0.032
545 175 23 32 0.031
953 474 46 66 0.031
81 28 10 14 0.031
781 324 33 41 0.029
535 72 13 17 0.028
0 46 6 16 0.027
50 258 24 34 0.027
902 291 27 32 0.027
980 5 15 18 0.026
34 148 15 22 0.024
11 41 11 14 0.024
849 199 24 27 0.024
542 135 15 21 0.022
583 47 12 16 0.022
759 68 12 15 0.022
575 54 12 15 0.022
63 0 10 10 0.022
17 39 11 13 0.021
3 14 9 11 0.021
942 10 12 14 0.021
349 122 16 20 0.020
790 92 17 19 0.020
570 57 11 13 0.019
761 1 14 13 0.019
650 33 14 18 0.019
713 33 13 20 0.019
59 161 19 24 0.019
66 0 8 10 0.018
539 69 13 16 0.018
899 146 20 24 0.017
499 153 20 26 0.017
294 358 44 54 0.017
11 37 9 13 0.017
771 -1 12 11 0.017
369 81 16 19 0.016
910 115 18 23 0.015
64 52 12 16 0.015
511 174 21 24 0.015
766 311 39 49 0.015
913 125 21 26 0.014
13 52 11 14 0.014
85 11 10 11 0.014
516 117 16 22 0.014
787 7 13 15 0.014
54 163 17 22 0.014
295 168 25 30 0.013
459 -1 10 11 0.013
978 14 15 20 0.013
322 68 14 17 0.013
863 130 17 23 0.013
758 81 13 19 0.013
39 144 16 22 0.012
576 19 13 16 0.012
562 24 12 14 0.012
492 151 36 44 0.012
767 -3 12 10 0.012
877 23 14 18 0.012
408 141 14 18 0.011
697 2 14 15 0.011
915 6 14 15 0.011
933 72 19 22 0.011
391 24 10 13 0.010
1 318 21 34 0.010
820 291 25 32 0.010
795 85 14 17 0.010
