2_Demonstration_Demonstration_Or_Protest_2_895
178
484 351 55 66 0.805
673 332 33 40 0.785
633 337 28 37 0.695
276 307 23 29 0.677
24 285 20 24 0.676
374 318 22 31 0.667
68 283 16 20 0.639
138 271 16 20 0.636
113 284 17 22 0.584
804 305 23 26 0.582
967 306 15 18 0.575
208 370 23 41 0.574
609 280 14 17 0.566
416 279 14 16 0.536
0 281 9 19 0.486
341 278 14 17 0.477
299 310 17 22 0.476
522 292 14 18 0.436
200 273 12 14 0.432
256 267 10 12 0.432
994 325 20 24 0.428
386 273 12 14 0.414
426 311 16 25 0.379
747 300 17 20 0.370
47 296 18 23 0.357
924 310 16 19 0.352
452 300 13 22 0.348
299 292 15 19 0.329
209 308 18 23 0.325
616 329 22 31 0.317
206 301 18 21 0.312
464 308 20 26 0.280
59 267 13 15 0.270
834 294 14 17 0.242
228 319 18 23 0.235
455 288 13 17 0.226
135 314 25 26 0.225
869 324 16 20 0.205
730 277 10 11 0.204
823 365 33 39 0.195
923 289 14 15 0.189
977 271 9 10 0.186
678 275 11 13 0.181
369 267 10 11 0.172
531 276 10 13 0.170
1016 296 8 17 0.166
119 258 11 13 0.144
804 338 22 28 0.129
666 295 12 18 0.128
333 288 12 15 0.122
275 287 14 16 0.118
466 301 18 24 0.114
888 269 8 10 0.105
216 282 12 14 0.098
779 262 8 9 0.098
837 347 26 30 0.097
155 282 12 15 0.095
856 289 10 12 0.093
756 393 39 74 0.088
301 275 12 13 0.088
710 282 9 11 0.085
382 271 11 14 0.078
629 293 16 19 0.071
297 295 20 27 0.069
276 255 8 10 0.063
222 316 19 26 0.061
668 258 8 10 0.057
239 254 8 9 0.053
566 282 14 16 0.053
26 411 28 52 0.052
470 294 14 19 0.051
293 265 9 11 0.050
574 349 24 29 0.049
573 266 11 12 0.048
879 268 9 11 0.047
303 279 12 15 0.046
867 328 19 24 0.046
312 280 10 12 0.044
195 256 8 10 0.043
23 414 41 68 0.043
256 290 12 15 0.042
858 259 9 11 0.041
814 257 9 11 0.040
828 293 16 18 0.040
2 281 12 17 0.040
801 277 9 11 0.040
123 261 11 14 0.038
303 254 9 11 0.038
873 283 10 13 0.037
66 311 17 20 0.036
893 283 8 12 0.035
943 269 8 10 0.034
551 250 8 9 0.034
202 300 16 20 0.033
3 254 8 13 0.033
330 291 13 16 0.031
529 290 14 16 0.031
402 399 38 63 0.030
155 267 10 14 0.030
523 242 7 9 0.030
413 320 17 24 0.029
523 296 16 20 0.028
947 269 8 10 0.028
568 276 13 17 0.028
176 296 12 16 0.027
195 259 10 12 0.027
863 334 19 24 0.027
492 258 9 11 0.026
913 263 9 9 0.026
927 282 10 13 0.026
254 263 9 12 0.026
825 293 22 26 0.026
175 279 10 14 0.025
619 263 10 13 0.025
134 253 9 9 0.025
637 290 13 16 0.025
829 356 37 45 0.025
846 322 19 22 0.025
237 253 8 9 0.024
1 399 12 26 0.023
846 317 17 20 0.023
41 299 19 23 0.023
537 301 18 22 0.021
270 288 17 19 0.021
794 299 14 18 0.021
198 265 10 12 0.021
220 281 11 14 0.020
864 315 16 20 0.020
155 251 9 9 0.020
472 258 10 11 0.019
669 288 13 18 0.019
778 259 8 10 0.018
689 252 9 11 0.018
915 278 10 12 0.018
847 285 10 13 0.018
608 332 21 27 0.017
889 283 9 12 0.017
426 344 19 28 0.016
771 347 25 32 0.016
835 339 21 25 0.016
616 261 10 12 0.016
1016 304 8 19 0.016
543 287 13 16 0.015
762 301 11 15 0.015
856 258 9 11 0.015
146 360 27 37 0.015
510 266 10 11 0.015
579 351 30 32 0.015
161 283 12 17 0.014
23 416 21 37 0.014
1000 332 18 25 0.014
556 255 8 10 0.014
561 279 12 15 0.014
407 284 11 15 0.014
939 267 10 11 0.013
809 348 27 33 0.013
707 312 17 20 0.013
477 258 11 12 0.013
797 258 8 9 0.013
1014 293 11 17 0.013
863 258 10 11 0.013
818 261 10 12 0.012
1010 300 13 16 0.012
0 366 6 24 0.012
829 372 34 42 0.012
301 252 9 10 0.012
865 305 14 16 0.012
544 300 16 21 0.012
305 252 9 11 0.011
942 261 7 8 0.011
906 312 14 18 0.011
957 267 8 10 0.011
1 249 6 14 0.011
474 285 14 16 0.011
981 271 8 10 0.011
825 262 9 11 0.011
61 264 12 14 0.010
557 263 8 11 0.010
