2_Demonstration_Demonstration_Or_Protest_2_102
102
265 583 21 26 0.681
672 544 20 25 0.673
426 604 25 35 0.667
981 512 18 23 0.664
759 575 18 23 0.629
240 582 18 27 0.624
951 487 18 22 0.582
77 604 25 27 0.569
635 583 15 24 0.452
402 604 20 31 0.444
705 538 13 20 0.392
844 578 18 28 0.373
1005 498 13 18 0.367
798 520 12 18 0.236
708 540 14 22 0.216
799 525 12 19 0.209
623 646 20 33 0.186
715 549 14 23 0.171
443 576 15 24 0.159
756 531 13 17 0.156
774 541 13 18 0.156
602 586 14 18 0.154
631 585 15 24 0.153
973 489 11 14 0.150
0 600 8 31 0.144
313 578 14 19 0.127
0 628 8 24 0.125
745 554 13 19 0.121
842 522 12 16 0.118
225 511 14 17 0.113
280 643 20 30 0.108
440 572 14 20 0.099
785 550 14 23 0.080
785 536 14 19 0.076
589 650 18 27 0.073
227 605 21 27 0.072
342 598 12 21 0.068
713 558 13 19 0.065
702 536 11 16 0.060
778 513 10 13 0.057
633 567 12 20 0.056
446 582 18 23 0.054
19 498 12 15 0.054
1003 474 11 13 0.050
651 542 11 14 0.042
659 577 17 22 0.042
722 542 13 21 0.040
88 607 20 24 0.038
973 501 14 18 0.036
597 586 14 18 0.035
667 547 16 18 0.033
847 524 12 14 0.033
775 515 10 13 0.033
282 614 15 22 0.033
314 572 14 19 0.029
1018 520 6 18 0.027
318 578 14 21 0.027
593 589 15 21 0.026
864 542 11 17 0.026
1016 527 8 20 0.026
526 581 18 24 0.026
287 646 18 28 0.025
381 560 12 19 0.024
624 591 14 21 0.023
5 656 13 21 0.022
888 504 12 16 0.022
335 562 12 17 0.019
711 541 19 26 0.019
363 537 12 17 0.019
901 514 13 22 0.019
843 565 15 22 0.018
719 550 15 22 0.018
708 559 14 18 0.018
706 515 9 9 0.017
894 512 12 18 0.017
864 504 12 16 0.017
798 500 10 11 0.016
175 471 11 13 0.016
1 630 14 23 0.016
435 568 11 17 0.016
729 538 11 17 0.016
365 542 11 15 0.016
977 487 10 13 0.015
1003 539 12 17 0.015
0 592 10 28 0.014
866 537 11 17 0.014
1008 572 14 28 0.014
801 498 10 12 0.014
897 521 13 19 0.014
1008 538 10 18 0.013
322 546 9 11 0.013
892 502 12 18 0.012
557 627 19 29 0.012
367 548 13 18 0.012
840 560 16 23 0.012
875 602 19 26 0.012
235 513 9 12 0.011
563 597 19 26 0.011
975 513 17 21 0.010
48 568 16 21 0.010
711 513 7 9 0.010
99 469 12 14 0.010
