2_Demonstration_Demonstration_Or_Protest_2_176
30
542 289 30 39 0.794
66 296 32 42 0.791
752 276 30 43 0.749
358 300 28 34 0.700
479 318 21 27 0.650
574 293 24 33 0.598
937 323 20 23 0.581
134 328 14 19 0.445
632 312 21 23 0.414
814 321 21 24 0.409
260 324 11 14 0.358
193 334 12 14 0.227
631 309 17 20 0.148
320 333 13 15 0.145
873 327 19 20 0.093
396 319 15 20 0.069
459 331 13 14 0.047
1003 330 20 28 0.046
141 316 14 18 0.042
982 320 14 18 0.035
255 324 12 14 0.031
491 322 16 22 0.028
264 322 12 15 0.028
909 311 16 18 0.027
498 325 12 18 0.024
501 327 13 17 0.020
934 313 14 17 0.013
818 316 16 18 0.012
980 313 14 17 0.010
914 313 15 18 0.010
