33_Running_Running_33_786
72
503 460 35 41 0.806
505 123 32 38 0.780
130 375 28 35 0.763
916 450 22 33 0.757
733 456 29 44 0.727
522 239 30 34 0.726
702 124 28 31 0.708
91 457 12 15 0.704
314 375 17 21 0.696
333 252 18 20 0.683
280 226 17 23 0.675
952 112 15 21 0.657
944 351 14 17 0.646
901 122 13 15 0.634
51 464 12 15 0.629
143 463 12 14 0.605
886 339 15 19 0.598
977 341 11 18 0.589
342 465 10 14 0.588
551 338 9 12 0.566
511 339 10 12 0.542
803 134 14 19 0.532
451 339 8 11 0.529
250 454 10 12 0.476
922 134 7 9 0.465
78 381 17 29 0.458
849 138 6 8 0.400
185 373 15 20 0.368
111 245 7 9 0.258
687 328 15 16 0.256
138 248 6 8 0.249
56 237 7 11 0.238
765 140 10 12 0.221
136 248 6 7 0.198
132 248 6 7 0.160
372 258 9 11 0.115
53 237 8 11 0.074
761 141 12 14 0.070
515 339 8 12 0.064
981 340 12 19 0.054
881 339 14 20 0.046
109 247 8 10 0.041
414 405 9 11 0.040
55 240 8 11 0.037
139 249 8 8 0.032
72 115 8 10 0.031
188 369 13 17 0.030
167 253 5 7 0.030
375 256 8 12 0.026
879 142 6 7 0.026
876 144 6 7 0.024
713 357 20 27 0.023
883 138 6 8 0.022
919 131 11 14 0.022
764 150 12 15 0.020
677 123 18 24 0.018
79 101 9 12 0.018
447 329 8 10 0.017
74 111 11 14 0.016
239 249 5 8 0.016
891 337 12 17 0.015
882 138 9 11 0.015
926 135 6 8 0.015
973 342 11 16 0.013
428 419 8 10 0.013
883 135 7 9 0.012
327 367 9 13 0.012
748 159 10 14 0.011
198 243 5 7 0.011
17 495 6 8 0.011
880 140 7 8 0.010
912 131 11 12 0.010
