35_Basketball_basketballgame_ball_35_82
425
287 252 47 60 0.849
439 189 48 65 0.833
772 408 21 26 0.724
801 408 21 28 0.712
650 407 19 23 0.690
11 287 13 18 0.675
112 371 15 18 0.662
604 412 17 21 0.644
142 229 13 15 0.641
648 320 14 18 0.641
172 270 12 14 0.634
33 373 15 19 0.631
49 175 11 16 0.629
209 293 13 16 0.622
241 240 12 15 0.621
30 207 12 15 0.612
89 316 13 16 0.609
107 296 13 17 0.607
514 188 12 14 0.605
131 71 12 15 0.603
114 211 13 16 0.602
654 251 12 15 0.602
207 262 11 13 0.601
78 206 12 15 0.600
705 311 20 27 0.600
45 93 11 15 0.598
193 119 13 16 0.596
706 256 12 14 0.596
756 275 12 16 0.595
440 155 11 13 0.595
155 203 12 15 0.595
156 305 11 15 0.595
41 159 11 14 0.593
261 141 12 15 0.589
343 222 12 14 0.589
741 327 14 16 0.588
185 249 12 14 0.586
211 402 14 18 0.582
101 31 12 15 0.577
163 41 11 15 0.577
49 222 12 15 0.577
633 377 14 17 0.577
996 -2 28 78 0.576
32 115 11 15 0.575
194 158 12 15 0.575
252 168 12 15 0.575
799 209 13 15 0.574
14 60 11 15 0.566
803 275 12 15 0.566
294 196 13 14 0.561
88 177 12 15 0.558
5 79 12 15 0.554
610 217 11 14 0.552
28 22 12 14 0.550
683 192 12 15 0.547
673 153 12 14 0.545
252 227 11 14 0.545
556 184 11 15 0.543
124 104 11 15 0.540
87 93 11 14 0.538
66 106 11 15 0.536
412 193 11 13 0.532
841 107 12 15 0.530
57 41 12 14 0.528
618 399 13 16 0.528
538 36 10 11 0.525
801 96 11 15 0.519
103 229 11 13 0.514
199 50 11 14 0.510
605 125 11 12 0.510
648 216 12 14 0.509
155 106 11 15 0.508
468 114 11 14 0.503
116 165 12 14 0.503
495 118 11 14 0.503
13 192 11 15 0.499
755 120 11 13 0.490
248 189 11 13 0.489
141 267 12 15 0.489
401 154 12 14 0.488
197 186 11 13 0.488
268 4 11 15 0.485
43 260 12 16 0.479
572 122 9 13 0.477
734 142 11 13 0.477
613 173 11 13 0.476
53 368 13 15 0.474
595 229 10 14 0.470
592 14 10 12 0.468
764 222 12 13 0.468
52 70 11 13 0.465
393 137 11 12 0.465
437 136 11 13 0.463
221 148 11 14 0.456
167 100 11 14 0.455
36 134 12 14 0.454
500 96 10 12 0.452
602 143 11 14 0.450
770 135 12 14 0.450
784 29 10 13 0.446
175 228 12 14 0.445
90 72 12 15 0.443
227 64 12 14 0.441
105 149 11 14 0.439
630 39 10 11 0.437
631 153 11 13 0.434
689 217 12 13 0.432
240 119 11 14 0.430
684 101 11 12 0.428
565 415 17 19 0.427
779 113 12 14 0.425
187 1 10 12 0.417
656 386 15 17 0.417
110 123 12 14 0.405
397 211 12 14 0.405
571 171 11 14 0.405
634 122 10 12 0.403
397 102 11 13 0.393
76 401 13 16 0.392
0 139 8 15 0.391
813 236 12 15 0.391
698 137 11 13 0.387
728 213 12 14 0.382
638 237 11 14 0.382
237 105 12 14 0.379
142 42 11 13 0.374
753 37 10 12 0.367
37 324 13 16 0.367
239 83 11 13 0.352
724 195 11 14 0.348
109 77 12 15 0.345
726 97 11 13 0.340
743 270 10 14 0.333
92 136 11 14 0.324
380 5 10 12 0.322
428 123 10 12 0.320
786 384 14 15 0.319
224 22 11 14 0.312
734 305 12 15 0.304
745 77 11 14 0.292
726 235 13 13 0.292
606 191 12 15 0.291
202 93 11 14 0.289
830 281 10 12 0.273
517 173 12 15 0.273
407 120 10 13 0.270
788 333 13 16 0.265
662 139 11 13 0.262
0 111 7 13 0.260
246 53 11 14 0.254
619 7 9 11 0.249
205 136 11 14 0.247
639 172 11 14 0.247
28 70 12 16 0.239
557 396 12 16 0.236
44 165 12 17 0.234
383 420 17 20 0.226
270 165 10 13 0.214
48 23 11 13 0.213
581 405 13 16 0.204
229 391 14 18 0.192
366 21 10 11 0.191
65 136 11 14 0.184
158 166 13 15 0.183
780 360 14 15 0.175
883 11 10 13 0.175
411 368 15 20 0.174
146 160 14 17 0.172
683 199 11 15 0.169
550 128 10 11 0.169
39 215 13 15 0.167
603 135 10 14 0.165
722 124 12 14 0.164
216 400 15 18 0.158
846 227 12 18 0.158
639 307 12 15 0.152
150 163 14 15 0.151
492 117 11 14 0.146
67 337 14 18 0.146
53 65 12 15 0.146
644 174 11 13 0.145
138 104 13 14 0.144
567 122 11 12 0.142
63 108 11 15 0.139
421 221 11 13 0.137
54 37 11 15 0.135
755 124 12 14 0.134
735 116 11 14 0.133
154 164 13 15 0.132
702 399 17 20 0.131
98 74 13 15 0.130
226 181 12 15 0.128
417 174 10 13 0.127
793 396 16 20 0.122
59 3 12 13 0.121
390 136 11 13 0.120
639 196 11 14 0.119
98 143 12 14 0.110
633 157 11 14 0.108
722 99 11 14 0.107
101 49 11 15 0.104
723 199 13 16 0.104
230 290 10 14 0.104
34 296 13 17 0.103
37 141 12 15 0.103
778 231 12 14 0.101
643 311 13 16 0.101
227 387 13 18 0.100
437 472 14 17 0.099
433 195 7 8 0.098
256 274 10 12 0.098
273 238 10 14 0.097
396 126 10 14 0.095
676 128 11 13 0.093
195 304 11 15 0.091
505 163 12 14 0.091
685 233 11 14 0.090
2 14 9 15 0.089
13 388 13 16 0.089
783 367 13 17 0.087
739 114 11 14 0.087
508 165 12 13 0.085
672 399 14 18 0.084
806 220 12 17 0.084
699 131 11 15 0.083
535 125 10 12 0.082
260 277 9 11 0.081
121 141 10 14 0.080
742 82 11 14 0.080
69 144 11 15 0.079
103 333 13 17 0.079
547 128 10 13 0.077
225 377 13 16 0.077
714 212 11 14 0.075
116 339 15 19 0.075
381 404 17 18 0.075
749 37 10 12 0.075
677 323 12 16 0.074
223 95 12 14 0.073
650 174 10 13 0.072
234 101 12 16 0.070
673 294 13 15 0.068
60 22 10 13 0.068
731 212 13 15 0.068
263 279 10 12 0.066
52 2 12 12 0.066
66 346 13 17 0.064
95 212 11 15 0.063
267 282 8 10 0.060
708 184 12 14 0.057
787 247 12 15 0.056
80 -3 9 10 0.055
33 185 11 15 0.055
673 408 14 19 0.055
187 22 11 13 0.055
112 338 15 17 0.052
592 187 10 13 0.051
724 302 13 16 0.050
92 178 13 15 0.050
46 1 11 12 0.050
0 224 8 15 0.049
630 215 11 13 0.049
783 114 11 14 0.048
752 150 10 14 0.047
686 117 12 12 0.046
219 292 12 14 0.046
378 4 9 12 0.046
714 190 12 14 0.045
159 40 12 15 0.045
254 61 11 14 0.045
236 120 12 15 0.045
444 155 10 13 0.044
210 86 11 13 0.043
636 301 12 15 0.043
843 221 12 17 0.042
235 147 11 13 0.042
62 7 11 14 0.040
72 158 12 15 0.040
196 235 12 14 0.039
838 237 12 16 0.039
7 132 10 13 0.037
532 126 10 12 0.036
746 149 11 14 0.036
400 98 10 13 0.036
693 218 11 13 0.036
46 262 13 16 0.035
615 6 9 11 0.035
658 160 11 12 0.034
275 242 10 14 0.034
560 414 14 19 0.034
732 233 13 14 0.031
237 32 11 13 0.031
146 5 10 13 0.030
272 162 10 14 0.030
198 69 10 15 0.030
53 174 13 16 0.030
232 394 14 18 0.029
530 152 10 13 0.029
636 365 14 16 0.029
90 290 11 14 0.029
844 217 10 14 0.029
605 244 11 13 0.029
150 332 12 17 0.029
532 130 10 13 0.028
514 111 10 13 0.028
397 377 16 18 0.028
784 249 11 13 0.028
384 412 17 20 0.028
69 153 12 16 0.028
560 391 12 17 0.027
209 36 11 14 0.026
159 -1 9 8 0.025
126 212 10 14 0.025
6 161 11 14 0.025
93 204 11 16 0.025
749 154 11 15 0.024
427 184 9 13 0.024
682 316 13 16 0.024
716 104 10 13 0.023
127 188 11 14 0.023
0 188 11 14 0.023
14 339 12 16 0.023
689 321 13 18 0.023
886 13 10 12 0.023
846 80 10 13 0.023
235 36 11 14 0.022
9 120 10 13 0.022
490 161 11 13 0.022
25 24 12 14 0.022
0 441 7 15 0.021
421 389 14 19 0.021
181 152 10 13 0.020
815 232 11 15 0.020
680 242 11 15 0.020
188 300 13 15 0.020
13 136 10 14 0.020
112 328 13 16 0.020
65 391 13 17 0.019
103 188 12 14 0.019
688 311 11 17 0.019
766 140 13 15 0.019
554 391 11 15 0.019
8 167 11 15 0.019
627 36 9 12 0.018
617 168 11 14 0.018
151 3 10 12 0.018
107 52 12 14 0.018
688 248 11 15 0.018
247 125 11 13 0.018
146 202 13 15 0.018
692 325 13 16 0.018
94 49 12 15 0.018
105 392 12 14 0.018
149 327 11 15 0.018
48 258 13 15 0.017
663 160 11 13 0.017
146 225 12 16 0.017
643 196 12 14 0.017
339 222 11 14 0.017
90 129 10 14 0.017
248 243 12 13 0.017
114 187 14 15 0.016
247 47 12 14 0.016
740 276 10 14 0.016
790 337 14 16 0.016
834 281 12 14 0.016
27 179 11 14 0.016
152 329 12 14 0.016
4 161 9 16 0.015
355 441 17 20 0.015
162 335 13 16 0.015
397 155 11 14 0.015
250 81 11 14 0.015
207 2 9 12 0.015
223 178 12 15 0.014
778 281 10 13 0.014
427 220 10 14 0.014
106 337 13 17 0.014
13 109 11 14 0.014
688 173 11 14 0.014
804 204 12 16 0.014
791 249 10 14 0.014
62 141 12 15 0.014
767 250 11 13 0.014
178 292 11 13 0.014
71 301 11 15 0.014
347 221 11 15 0.013
701 236 10 14 0.013
683 251 11 14 0.013
733 93 11 15 0.013
262 66 11 15 0.013
405 387 16 19 0.013
434 191 18 26 0.013
540 37 11 13 0.013
763 248 11 14 0.013
623 9 8 11 0.013
107 258 11 14 0.013
669 250 12 13 0.012
643 234 11 13 0.012
373 181 10 13 0.012
624 189 11 15 0.012
199 421 14 19 0.012
642 302 12 15 0.012
84 57 11 14 0.012
786 237 12 15 0.012
177 337 13 15 0.012
722 237 10 12 0.012
754 86 10 14 0.011
70 119 11 14 0.011
636 119 10 12 0.011
275 221 10 13 0.011
744 73 10 13 0.011
4 222 11 14 0.011
1 219 10 14 0.011
369 451 16 21 0.011
294 212 10 13 0.011
812 191 12 14 0.011
150 133 12 15 0.011
204 415 14 19 0.011
152 337 14 17 0.011
615 239 11 13 0.011
203 80 11 16 0.010
798 336 13 16 0.010
0 380 8 16 0.010
246 106 11 14 0.010
