35_Basketball_playingbasketball_35_876
208
461 99 83 121 0.882
63 102 79 110 0.763
656 503 23 30 0.709
957 505 20 25 0.708
857 485 20 26 0.706
709 502 24 28 0.703
930 519 19 24 0.703
263 528 24 32 0.702
953 398 17 22 0.701
866 448 19 23 0.700
801 505 24 29 0.693
929 449 19 24 0.692
207 527 23 28 0.690
1002 416 17 21 0.689
883 403 18 23 0.686
931 414 17 21 0.684
981 519 20 25 0.684
887 513 22 27 0.680
963 446 18 23 0.676
966 344 17 21 0.675
772 499 21 27 0.672
622 403 20 27 0.672
1010 503 14 23 0.669
955 314 16 20 0.666
996 378 15 21 0.666
897 460 19 24 0.664
850 422 18 24 0.663
923 489 18 22 0.659
136 463 18 23 0.658
191 156 11 16 0.653
825 476 19 24 0.651
816 256 15 19 0.645
890 320 17 21 0.644
842 312 17 20 0.642
679 181 13 16 0.638
820 449 17 20 0.636
731 317 15 20 0.632
792 490 17 22 0.629
233 179 12 16 0.629
209 240 15 19 0.629
947 220 15 20 0.626
865 264 13 18 0.621
284 176 13 16 0.621
908 266 14 17 0.621
257 202 13 17 0.619
725 181 13 16 0.616
245 80 11 14 0.616
151 155 12 15 0.613
732 524 22 28 0.613
585 177 15 17 0.613
236 226 13 17 0.612
992 432 17 21 0.612
299 231 13 16 0.612
330 150 12 18 0.609
954 149 14 16 0.605
716 252 13 18 0.591
726 229 12 17 0.589
627 246 15 18 0.588
983 219 12 17 0.588
813 288 14 18 0.586
281 143 11 15 0.586
999 177 13 17 0.586
103 474 19 25 0.581
665 257 13 17 0.580
269 474 17 22 0.579
209 486 21 27 0.571
157 479 20 28 0.559
780 207 13 16 0.557
780 319 14 18 0.554
90 465 17 24 0.531
945 342 16 21 0.523
915 429 17 21 0.523
702 280 14 18 0.521
193 71 13 15 0.512
789 160 13 16 0.508
984 459 17 23 0.506
433 153 14 17 0.496
1008 342 14 19 0.492
285 491 19 26 0.479
335 71 13 16 0.472
770 247 13 15 0.470
634 184 13 18 0.461
957 198 13 17 0.454
258 263 13 17 0.452
290 81 11 15 0.429
770 184 12 16 0.425
684 228 15 17 0.425
836 459 17 22 0.402
299 201 13 18 0.380
270 242 13 17 0.348
287 580 26 28 0.323
408 162 13 15 0.322
740 487 17 22 0.306
169 136 10 13 0.303
999 202 13 18 0.303
968 178 14 17 0.288
423 13 13 16 0.257
947 448 16 22 0.239
613 237 15 20 0.236
773 471 18 23 0.226
1012 481 11 22 0.221
795 454 17 22 0.218
936 178 12 17 0.206
595 73 14 17 0.201
381 159 13 16 0.195
774 277 14 19 0.166
620 230 14 18 0.165
796 495 20 25 0.152
396 162 13 15 0.144
378 162 14 17 0.142
645 285 15 20 0.133
768 310 13 17 0.120
1007 356 14 19 0.119
353 189 12 16 0.117
816 315 15 19 0.113
262 279 14 17 0.113
889 496 20 23 0.112
384 162 14 16 0.112
360 549 15 19 0.099
604 368 19 25 0.095
943 169 13 17 0.094
389 159 14 16 0.079
606 201 16 21 0.078
1003 551 16 23 0.076
226 134 11 15 0.075
615 280 16 20 0.070
742 304 14 17 0.070
301 206 13 18 0.068
257 227 13 16 0.068
287 250 14 18 0.066
562 361 20 26 0.065
234 496 17 25 0.062
789 453 17 23 0.056
644 223 15 18 0.054
682 278 14 18 0.054
788 288 14 17 0.054
356 186 14 17 0.053
805 452 16 21 0.052
647 219 13 18 0.052
87 229 13 13 0.052
414 176 14 16 0.050
250 526 15 19 0.050
628 267 15 19 0.046
988 462 17 24 0.045
751 269 13 16 0.044
784 181 11 16 0.042
340 497 20 28 0.042
955 429 16 21 0.041
895 375 19 22 0.039
980 257 14 16 0.039
618 242 16 21 0.039
142 469 19 26 0.039
378 172 15 18 0.038
228 301 14 17 0.037
298 575 23 29 0.035
203 449 20 24 0.034
149 181 11 14 0.034
762 290 15 20 0.031
721 282 14 18 0.030
298 167 13 15 0.029
975 490 16 20 0.029
201 457 20 25 0.027
115 509 20 27 0.027
870 293 15 19 0.027
322 95 14 17 0.026
980 472 16 21 0.026
659 282 16 18 0.025
168 159 11 15 0.024
605 138 15 18 0.023
631 222 15 18 0.023
982 224 14 17 0.021
246 287 12 19 0.021
800 517 23 28 0.021
834 284 14 19 0.021
187 611 17 22 0.020
751 305 14 17 0.019
147 141 8 12 0.019
754 330 16 18 0.019
609 278 17 20 0.017
205 466 19 23 0.017
959 173 13 18 0.017
329 0 14 5 0.017
622 270 16 20 0.017
178 180 12 16 0.016
621 280 16 21 0.016
664 294 14 19 0.016
252 283 13 19 0.016
611 230 15 20 0.016
834 445 16 21 0.016
350 185 12 17 0.015
283 578 21 26 0.015
989 428 14 20 0.015
845 340 17 21 0.014
307 548 21 25 0.014
289 619 15 20 0.013
767 251 13 18 0.013
342 166 13 15 0.012
295 163 12 15 0.012
174 583 17 21 0.012
190 66 13 17 0.012
649 213 13 17 0.012
912 438 17 21 0.011
4 50 17 22 0.011
279 260 14 19 0.011
215 461 18 23 0.011
606 244 14 20 0.011
298 464 18 23 0.011
669 291 15 18 0.010
