35_Basketball_basketballgame_ball_35_709
538
524 399 71 75 0.783
221 1007 35 42 0.741
882 1009 31 39 0.738
65 986 29 39 0.714
636 593 84 91 0.713
347 964 28 35 0.707
35 987 28 35 0.695
135 957 26 34 0.684
894 979 27 32 0.679
288 992 32 40 0.677
305 803 21 28 0.676
393 867 24 31 0.672
171 938 24 30 0.663
1000 998 24 35 0.663
246 928 24 30 0.661
18 856 22 27 0.654
767 997 31 42 0.654
2 966 24 30 0.654
904 925 22 27 0.651
496 992 28 38 0.648
939 980 23 29 0.647
930 903 21 27 0.644
26 773 20 26 0.641
868 860 19 25 0.640
155 709 20 25 0.639
853 892 21 25 0.639
908 833 19 24 0.634
414 754 21 25 0.634
353 751 21 25 0.633
322 776 22 28 0.632
913 865 19 25 0.632
96 929 24 27 0.631
993 928 22 29 0.629
54 958 23 28 0.628
241 733 18 25 0.624
827 718 20 26 0.622
972 831 20 26 0.622
924 805 21 27 0.621
984 778 20 24 0.617
948 683 20 23 0.615
52 805 22 26 0.614
780 712 19 24 0.612
276 753 19 23 0.610
105 826 22 29 0.610
218 756 19 24 0.609
438 702 18 25 0.605
804 778 19 25 0.598
505 936 23 30 0.598
182 982 33 41 0.598
229 684 18 23 0.596
859 808 20 25 0.595
849 918 23 29 0.593
268 704 18 22 0.593
136 823 25 32 0.593
833 772 17 22 0.590
786 974 24 35 0.590
30 827 21 27 0.588
372 816 20 23 0.588
998 810 20 25 0.586
264 985 28 35 0.586
973 863 20 25 0.584
147 671 17 21 0.583
865 975 22 29 0.581
302 553 18 22 0.577
925 732 18 24 0.575
409 548 18 22 0.575
295 684 20 24 0.575
322 702 20 25 0.572
261 775 21 26 0.572
3 1004 35 46 0.569
880 733 18 24 0.568
752 966 20 26 0.566
217 601 18 24 0.564
15 619 18 23 0.563
790 641 19 23 0.563
355 833 21 27 0.563
963 967 22 27 0.563
191 661 18 23 0.559
48 634 21 27 0.558
354 552 17 22 0.557
290 623 18 22 0.557
390 627 18 22 0.557
945 653 19 23 0.557
107 643 17 22 0.550
301 727 20 25 0.547
81 858 21 27 0.547
740 700 17 21 0.545
185 730 18 26 0.543
909 953 21 27 0.543
418 599 16 21 0.541
798 807 19 24 0.541
-2 810 14 24 0.540
792 834 18 23 0.536
993 975 25 34 0.531
263 660 17 21 0.527
362 720 19 23 0.525
759 739 17 21 0.525
422 641 18 23 0.521
261 579 17 22 0.520
971 906 19 27 0.518
973 606 16 20 0.517
80 566 17 22 0.515
0 886 20 26 0.515
897 672 17 22 0.510
391 580 17 22 0.505
242 548 18 23 0.505
386 784 21 26 0.499
329 645 18 22 0.497
975 757 19 23 0.496
676 568 16 21 0.496
983 717 18 22 0.492
9 554 17 21 0.490
59 594 16 21 0.485
372 665 18 23 0.485
888 702 17 21 0.485
244 624 18 24 0.477
360 600 17 22 0.476
806 667 16 22 0.475
180 561 18 22 0.465
925 783 18 22 0.465
306 597 18 22 0.459
369 644 18 23 0.457
100 587 16 20 0.454
162 588 17 21 0.446
850 617 18 22 0.439
767 921 21 26 0.437
354 689 19 22 0.432
181 614 17 21 0.426
994 746 18 22 0.421
186 706 18 23 0.409
927 582 18 23 0.407
723 570 15 19 0.402
265 955 27 30 0.400
202 790 19 25 0.398
130 623 17 21 0.398
771 690 17 20 0.386
751 490 15 19 0.386
838 648 15 20 0.374
895 635 17 22 0.370
79 662 18 23 0.358
185 687 18 22 0.355
398 685 18 22 0.352
107 958 25 33 0.352
840 673 17 21 0.348
2 931 20 25 0.347
255 609 17 21 0.345
1001 678 17 22 0.337
874 784 19 24 0.335
-2 752 14 25 0.321
777 668 16 21 0.300
409 406 14 17 0.300
974 580 14 18 0.298
17 460 16 19 0.297
880 580 15 18 0.286
421 475 16 18 0.283
22 581 16 21 0.283
144 607 16 20 0.279
794 617 16 20 0.276
355 415 14 16 0.271
867 768 17 22 0.265
980 697 16 21 0.264
64 461 15 19 0.259
164 988 26 37 0.258
224 823 16 20 0.258
212 972 22 29 0.251
783 664 17 21 0.248
192 532 16 19 0.243
896 641 18 23 0.242
990 734 17 23 0.238
38 468 15 19 0.238
697 452 14 18 0.236
806 603 17 20 0.231
737 447 14 17 0.230
74 520 15 19 0.214
868 776 19 25 0.213
579 906 21 31 0.209
860 844 19 25 0.207
394 370 12 15 0.207
275 480 15 17 0.201
293 430 14 16 0.194
433 579 13 17 0.193
379 709 19 23 0.193
103 519 15 19 0.192
226 482 18 21 0.186
126 420 14 17 0.185
107 462 15 18 0.175
888 465 13 18 0.173
23 430 14 17 0.171
141 646 18 21 0.170
63 431 14 17 0.168
230 412 14 18 0.167
369 381 13 15 0.166
312 384 13 15 0.166
369 773 21 27 0.165
884 950 20 26 0.162
800 865 19 24 0.162
401 448 14 17 0.162
792 515 13 16 0.162
801 548 16 21 0.159
303 458 16 19 0.157
138 498 17 20 0.154
537 374 12 15 0.153
109 406 14 17 0.147
42 391 15 17 0.146
264 426 14 18 0.144
348 489 16 20 0.139
973 597 15 21 0.139
362 356 15 16 0.138
231 614 20 24 0.136
74 411 14 17 0.132
3 598 16 21 0.131
765 468 15 18 0.129
799 659 18 23 0.129
270 481 16 19 0.128
197 553 17 22 0.128
793 482 14 18 0.127
827 491 14 16 0.126
764 414 15 20 0.125
138 539 17 21 0.125
842 631 19 24 0.124
52 351 13 16 0.124
788 483 15 18 0.123
400 479 15 19 0.121
81 488 15 19 0.121
873 499 14 17 0.120
390 398 13 15 0.118
682 432 12 16 0.117
317 666 18 22 0.117
42 422 15 17 0.116
821 694 16 22 0.115
809 535 16 19 0.114
67 366 15 19 0.112
755 605 15 18 0.111
924 761 18 22 0.111
166 372 14 17 0.110
825 710 19 26 0.109
184 473 14 19 0.109
288 376 13 16 0.108
91 574 17 23 0.106
76 615 17 21 0.106
109 440 14 19 0.105
260 464 14 17 0.105
250 400 14 17 0.104
790 432 15 18 0.104
508 361 13 16 0.103
89 393 14 17 0.103
429 585 15 20 0.101
93 425 13 16 0.101
250 623 18 24 0.100
41 810 22 29 0.100
411 383 13 15 0.098
383 465 14 17 0.098
789 630 17 22 0.094
107 359 14 16 0.094
831 514 15 20 0.093
315 417 13 16 0.091
75 334 13 15 0.091
855 466 13 17 0.090
316 478 17 20 0.089
314 530 17 20 0.088
696 402 15 18 0.088
301 596 18 21 0.087
187 383 14 16 0.083
149 354 13 16 0.083
733 450 13 17 0.083
2 446 13 17 0.081
827 435 14 17 0.081
207 374 13 15 0.073
99 976 24 32 0.072
810 600 17 21 0.071
143 548 17 23 0.069
769 695 17 22 0.069
258 492 15 20 0.068
314 864 19 25 0.067
590 461 14 22 0.066
952 481 14 16 0.066
878 794 18 25 0.065
216 476 16 20 0.065
942 866 19 25 0.065
294 402 14 16 0.064
852 729 17 23 0.063
7 523 16 19 0.063
880 810 18 22 0.063
231 478 17 20 0.063
166 424 14 16 0.062
99 560 17 22 0.062
1 414 13 16 0.061
929 591 17 22 0.061
139 616 17 23 0.061
279 479 16 19 0.060
924 473 14 17 0.060
1012 605 13 23 0.060
927 469 14 18 0.060
785 830 18 24 0.060
768 463 14 18 0.060
180 520 16 20 0.058
281 351 13 15 0.058
721 466 14 19 0.057
56 501 15 19 0.056
834 431 13 16 0.055
803 561 17 23 0.055
43 905 18 24 0.054
748 707 17 22 0.054
152 466 14 17 0.054
158 774 18 23 0.054
229 382 13 16 0.053
812 410 15 18 0.053
311 465 17 20 0.051
120 999 24 30 0.051
333 648 18 23 0.051
223 828 18 22 0.051
832 480 14 17 0.051
340 437 13 17 0.050
230 579 17 20 0.050
262 366 14 16 0.050
17 429 14 19 0.050
954 501 15 18 0.050
201 558 16 21 0.050
794 429 14 17 0.049
306 383 15 16 0.049
766 809 18 25 0.049
330 341 15 18 0.049
893 442 14 16 0.049
365 361 14 17 0.048
763 762 17 23 0.047
216 448 14 18 0.047
761 913 21 27 0.047
801 796 19 27 0.046
836 1064 25 32 0.046
850 457 13 17 0.046
172 508 15 19 0.046
567 946 22 29 0.045
626 362 12 16 0.045
657 435 14 18 0.045
46 619 17 22 0.045
414 325 12 14 0.045
171 499 14 18 0.044
678 435 15 18 0.044
531 371 16 15 0.043
647 571 13 17 0.042
863 439 13 16 0.042
132 398 14 17 0.042
351 583 16 20 0.042
370 506 15 19 0.042
632 391 13 17 0.041
333 366 14 17 0.041
348 410 14 17 0.040
350 555 17 24 0.040
140 504 15 20 0.040
330 439 14 17 0.040
356 359 14 16 0.039
661 432 14 20 0.039
667 431 14 17 0.038
224 451 16 18 0.038
111 329 14 17 0.038
337 398 13 16 0.037
0 474 11 19 0.037
722 426 14 17 0.036
148 461 15 19 0.036
994 716 17 22 0.036
654 369 13 15 0.036
384 715 18 22 0.035
333 638 18 22 0.035
136 396 13 16 0.035
824 1006 24 32 0.035
4 362 13 16 0.035
251 501 16 20 0.034
810 1067 21 25 0.034
954 490 14 18 0.033
787 494 15 18 0.033
291 321 14 16 0.033
367 297 13 16 0.033
427 1016 24 29 0.032
785 399 14 17 0.032
414 381 12 14 0.032
565 353 13 17 0.031
225 366 13 16 0.031
246 321 15 17 0.031
170 355 13 17 0.031
262 375 13 17 0.031
870 417 13 17 0.031
103 358 13 17 0.031
236 547 18 23 0.031
719 476 15 19 0.030
876 487 14 17 0.030
320 344 14 18 0.029
92 984 24 32 0.029
655 402 14 17 0.029
261 430 15 18 0.029
526 871 22 28 0.028
128 497 16 20 0.028
221 484 17 21 0.028
198 942 22 28 0.028
85 305 13 15 0.028
760 611 15 19 0.028
982 866 18 24 0.028
891 452 14 18 0.028
109 349 14 18 0.028
907 499 13 17 0.027
150 391 14 16 0.027
951 652 19 23 0.027
495 432 18 21 0.026
959 501 14 17 0.026
835 973 18 24 0.026
652 436 15 19 0.026
374 470 16 19 0.026
5 324 13 16 0.026
798 970 23 29 0.026
39 532 14 17 0.026
850 398 15 18 0.025
0 919 20 28 0.025
343 389 13 17 0.025
172 371 15 18 0.024
757 417 15 18 0.024
343 464 14 18 0.024
949 864 19 24 0.024
501 430 20 23 0.024
307 736 21 24 0.024
699 395 14 19 0.024
103 590 17 21 0.023
428 289 12 13 0.023
434 634 15 23 0.022
727 375 13 16 0.022
383 344 13 14 0.022
14 363 14 16 0.022
756 755 20 26 0.022
935 861 20 26 0.022
324 339 16 19 0.022
583 376 11 15 0.021
789 517 13 18 0.021
948 499 15 18 0.021
802 468 14 19 0.021
987 490 14 17 0.021
244 353 13 16 0.021
378 539 17 20 0.020
49 903 18 24 0.020
188 495 16 19 0.020
223 442 15 18 0.020
747 598 16 19 0.020
764 896 20 27 0.020
246 783 18 22 0.020
0 595 13 19 0.020
48 311 14 16 0.020
793 852 20 26 0.019
89 663 17 22 0.019
330 314 14 16 0.019
502 361 14 16 0.019
164 398 14 17 0.019
383 466 18 23 0.019
935 584 15 20 0.019
715 425 15 18 0.019
817 914 21 27 0.019
38 829 20 26 0.019
204 400 14 17 0.018
562 347 14 17 0.018
312 520 16 20 0.018
130 785 17 22 0.018
114 1002 22 30 0.018
188 431 14 18 0.017
947 426 14 16 0.017
159 940 25 28 0.017
28 361 13 16 0.017
212 790 19 24 0.017
0 603 14 23 0.017
398 213 14 16 0.017
90 1042 23 33 0.017
248 392 15 17 0.017
680 505 14 19 0.017
664 395 13 17 0.017
73 660 19 25 0.017
635 365 14 16 0.017
412 402 16 22 0.016
158 437 14 18 0.016
225 893 20 25 0.016
814 773 18 23 0.016
17 390 13 17 0.016
688 378 13 16 0.016
373 440 14 18 0.015
831 388 13 17 0.015
22 356 14 17 0.015
632 384 15 18 0.015
176 470 16 19 0.015
114 382 13 17 0.015
386 919 22 27 0.015
144 474 16 20 0.015
785 581 15 18 0.015
190 377 13 17 0.014
229 821 18 22 0.014
204 328 14 16 0.014
571 919 22 34 0.014
375 431 14 18 0.014
809 908 23 31 0.014
513 933 22 32 0.014
88 283 12 15 0.014
258 503 16 21 0.014
725 405 15 18 0.014
746 526 16 19 0.014
311 481 16 20 0.013
1000 705 17 23 0.013
963 502 14 16 0.013
112 592 15 21 0.013
786 805 19 25 0.013
875 860 20 25 0.013
190 970 30 37 0.013
409 725 17 22 0.012
510 418 50 50 0.012
754 530 15 19 0.012
493 434 13 18 0.012
967 578 15 19 0.012
969 484 15 17 0.012
526 367 13 15 0.012
1 362 11 15 0.012
577 455 31 23 0.012
890 400 14 18 0.012
251 772 18 24 0.012
146 319 13 16 0.011
761 381 14 17 0.011
975 456 13 16 0.011
800 364 14 17 0.011
193 306 13 15 0.011
1004 476 12 14 0.011
242 508 17 22 0.011
4 392 13 17 0.011
196 599 15 21 0.011
171 910 19 25 0.011
44 310 14 16 0.011
811 448 14 19 0.011
781 921 24 29 0.011
172 319 14 18 0.011
869 436 15 18 0.011
730 406 15 18 0.011
859 614 17 23 0.011
895 701 16 22 0.011
332 273 13 18 0.010
826 494 18 23 0.010
197 336 13 16 0.010
859 919 19 28 0.010
182 869 17 23 0.010
