35_Basketball_basketballgame_ball_35_287
501
686 442 9 13 0.630
649 449 11 13 0.629
971 451 11 13 0.627
803 453 10 12 0.617
258 436 11 14 0.612
950 423 10 14 0.607
60 385 10 13 0.605
310 438 10 13 0.601
798 426 9 11 0.598
304 412 9 12 0.593
200 398 9 12 0.591
769 387 12 14 0.580
611 409 9 12 0.579
239 429 11 14 0.572
275 425 11 13 0.570
246 402 9 11 0.566
931 401 9 12 0.566
297 429 11 14 0.565
891 447 11 13 0.550
793 361 8 10 0.545
871 364 8 10 0.536
186 440 10 13 0.533
702 402 8 10 0.527
696 415 9 11 0.523
1007 380 9 11 0.517
74 391 9 12 0.514
663 413 8 11 0.510
813 420 10 12 0.501
673 401 9 11 0.494
662 376 8 10 0.489
949 356 8 9 0.480
1002 366 7 10 0.479
635 409 9 11 0.479
21 352 8 11 0.474
716 357 7 9 0.467
995 405 8 11 0.461
923 351 8 9 0.450
216 446 12 14 0.448
686 339 7 9 0.445
823 367 7 9 0.443
373 393 8 10 0.443
261 321 6 7 0.441
930 378 8 10 0.441
894 391 9 11 0.439
55 366 9 11 0.439
726 401 8 10 0.439
1000 426 8 10 0.436
686 386 9 10 0.432
729 342 7 8 0.423
424 358 10 17 0.421
785 394 9 10 0.420
766 373 8 10 0.416
898 379 8 10 0.416
397 360 8 11 0.412
363 357 7 8 0.402
953 398 8 9 0.402
986 348 7 8 0.400
983 401 8 11 0.400
432 395 9 11 0.396
965 333 7 9 0.393
231 323 5 8 0.393
873 294 6 8 0.389
749 347 7 8 0.388
623 329 7 8 0.384
0 323 7 10 0.383
708 385 8 10 0.375
651 403 8 10 0.374
821 406 8 10 0.370
724 417 8 10 0.368
775 291 6 7 0.365
445 362 7 10 0.365
648 293 6 7 0.363
804 336 7 9 0.360
939 313 7 9 0.360
312 302 5 7 0.357
895 340 7 9 0.355
748 308 6 7 0.354
954 381 7 9 0.343
415 449 10 13 0.343
659 433 9 11 0.340
788 295 6 7 0.338
720 323 6 9 0.338
986 327 8 9 0.328
698 324 6 7 0.324
979 384 7 9 0.317
282 302 6 7 0.316
831 303 7 9 0.311
777 356 7 8 0.304
839 362 9 15 0.303
891 356 7 8 0.303
29 331 8 10 0.298
424 379 8 12 0.294
806 317 5 8 0.291
893 304 6 7 0.289
854 301 6 7 0.289
310 272 6 7 0.288
813 297 6 7 0.286
799 348 7 9 0.286
443 296 5 7 0.285
715 290 5 7 0.283
85 307 6 7 0.277
68 304 6 8 0.274
591 292 5 7 0.274
5 298 7 8 0.274
942 293 6 7 0.273
844 343 8 9 0.270
621 329 7 8 0.270
366 343 7 8 0.268
920 315 7 8 0.265
158 413 7 11 0.264
588 319 6 8 0.261
69 369 9 11 0.261
320 358 7 8 0.260
737 386 8 10 0.260
650 311 6 7 0.253
972 294 5 7 0.250
917 304 6 7 0.250
822 333 6 8 0.249
761 364 7 9 0.244
481 292 6 7 0.242
626 330 6 7 0.240
462 299 5 6 0.239
870 347 7 8 0.235
830 290 6 7 0.234
957 293 6 6 0.232
20 418 12 15 0.230
385 350 6 8 0.230
612 295 5 6 0.230
338 375 7 9 0.223
968 357 7 9 0.217
378 383 8 9 0.214
314 339 6 7 0.212
900 438 8 11 0.210
58 315 7 8 0.208
751 330 6 8 0.208
687 251 5 7 0.207
276 277 5 7 0.206
564 300 6 8 0.202
588 374 9 14 0.201
356 383 7 9 0.201
971 358 6 8 0.199
725 410 8 11 0.197
88 315 6 8 0.196
416 304 6 6 0.195
684 340 7 9 0.195
63 358 8 9 0.193
2 242 6 8 0.189
343 367 6 8 0.189
353 330 6 7 0.189
573 313 7 8 0.187
781 390 10 13 0.187
27 331 7 9 0.183
435 305 5 6 0.179
67 323 6 9 0.179
451 330 6 8 0.176
386 372 7 9 0.176
818 408 9 11 0.174
929 366 8 9 0.173
402 315 6 7 0.169
259 275 5 7 0.167
412 342 6 8 0.167
376 391 8 11 0.167
801 424 10 12 0.165
897 324 7 8 0.163
355 386 6 9 0.162
326 312 5 7 0.160
632 301 6 7 0.159
717 291 5 7 0.156
573 292 6 7 0.156
353 296 5 7 0.152
614 295 5 7 0.152
930 369 8 10 0.152
707 344 6 8 0.149
428 329 6 7 0.148
610 295 5 6 0.145
991 405 9 12 0.144
853 331 6 8 0.143
895 387 8 11 0.142
310 302 6 8 0.141
430 329 6 7 0.139
297 323 5 7 0.138
577 250 5 7 0.137
478 256 4 6 0.135
571 293 6 7 0.134
806 335 6 9 0.131
66 369 9 11 0.127
990 328 6 10 0.127
979 310 6 7 0.126
385 368 6 8 0.125
1014 431 8 11 0.125
206 460 10 12 0.124
453 256 5 5 0.124
61 320 7 9 0.124
381 318 5 6 0.123
702 354 7 8 0.121
846 341 8 9 0.120
635 294 5 7 0.117
697 411 9 12 0.117
986 324 7 9 0.113
713 290 6 7 0.113
595 346 7 9 0.111
293 338 6 8 0.111
891 304 6 8 0.111
722 324 6 8 0.111
761 250 5 6 0.111
986 377 7 9 0.111
259 321 5 7 0.109
609 432 10 12 0.109
921 328 7 8 0.109
337 349 6 7 0.109
992 374 7 9 0.107
261 298 5 6 0.107
955 294 5 6 0.107
339 372 7 9 0.106
616 317 6 7 0.106
781 341 7 9 0.106
613 317 6 7 0.105
58 303 6 8 0.104
281 324 6 7 0.102
980 429 8 10 0.102
920 323 7 8 0.101
441 298 6 7 0.101
433 306 5 6 0.100
905 406 8 10 0.098
934 399 10 11 0.097
938 335 7 9 0.096
421 255 6 6 0.095
831 364 8 11 0.094
875 295 6 7 0.093
388 324 5 6 0.093
631 303 6 7 0.092
30 334 8 10 0.091
931 443 10 12 0.090
345 348 6 8 0.088
429 429 9 12 0.088
430 307 5 6 0.088
598 345 7 10 0.087
456 287 5 5 0.087
453 330 5 7 0.086
700 251 5 6 0.085
383 319 6 6 0.083
923 247 5 6 0.083
953 394 8 10 0.082
712 289 5 6 0.082
57 301 5 7 0.081
689 439 9 13 0.080
984 396 8 10 0.080
966 373 7 10 0.079
716 289 5 6 0.079
477 308 5 7 0.079
884 254 6 7 0.076
403 321 5 7 0.076
678 372 9 10 0.075
314 324 6 7 0.075
833 322 6 8 0.073
576 313 6 7 0.072
433 341 6 7 0.072
611 249 6 6 0.071
623 238 5 6 0.070
463 306 5 7 0.069
469 251 5 6 0.069
942 345 7 8 0.069
313 326 6 7 0.068
30 412 10 13 0.068
699 253 4 6 0.067
965 325 6 8 0.066
807 315 7 10 0.066
84 311 7 8 0.065
317 358 7 9 0.065
155 413 8 12 0.064
341 301 5 6 0.064
917 302 5 6 0.063
853 303 6 8 0.063
519 299 6 8 0.062
276 323 7 8 0.062
29 315 7 8 0.062
0 405 7 12 0.062
80 325 7 9 0.061
720 350 8 10 0.060
69 322 8 10 0.060
899 319 6 9 0.060
983 310 6 7 0.060
698 250 5 6 0.059
914 422 9 11 0.059
921 337 7 9 0.058
80 331 7 10 0.057
894 358 7 10 0.057
939 302 6 9 0.057
428 434 9 12 0.054
617 328 9 9 0.054
727 417 9 12 0.053
753 308 6 7 0.053
5 242 6 8 0.053
831 288 6 7 0.053
855 337 7 8 0.053
585 318 6 8 0.052
877 308 6 7 0.051
214 464 10 11 0.051
228 323 6 7 0.051
742 240 5 6 0.050
774 334 7 8 0.049
955 260 5 6 0.048
87 337 7 10 0.048
780 249 5 5 0.048
340 298 5 7 0.047
0 353 6 11 0.047
70 371 9 11 0.046
362 411 7 9 0.045
858 311 6 8 0.045
642 264 5 7 0.044
707 249 5 7 0.044
678 274 6 7 0.043
609 324 6 8 0.042
368 265 6 6 0.042
475 255 5 6 0.042
752 347 7 9 0.042
772 290 7 9 0.041
351 383 8 10 0.041
716 318 6 7 0.041
751 332 7 9 0.040
450 308 5 7 0.040
706 355 7 8 0.040
768 308 6 7 0.038
202 462 12 12 0.037
695 324 7 9 0.037
590 237 5 6 0.037
863 222 5 6 0.036
486 334 25 29 0.036
17 422 13 16 0.036
621 236 5 7 0.036
699 354 6 9 0.036
417 302 5 6 0.035
449 255 5 6 0.035
81 342 7 10 0.035
86 309 8 10 0.035
903 407 8 11 0.034
52 302 6 8 0.034
576 332 6 8 0.034
482 295 5 7 0.034
420 447 10 13 0.033
725 246 5 6 0.033
311 340 8 9 0.033
892 215 6 7 0.033
658 322 6 9 0.032
928 444 10 12 0.032
480 255 5 6 0.032
373 327 6 7 0.031
30 313 8 9 0.031
618 229 5 6 0.031
422 438 9 14 0.030
67 307 7 9 0.030
784 234 5 6 0.029
354 264 5 6 0.029
32 307 6 9 0.029
744 306 6 7 0.029
776 289 5 6 0.029
629 275 5 6 0.029
386 393 7 11 0.029
743 243 5 6 0.028
891 443 9 12 0.028
831 232 5 6 0.028
995 263 5 6 0.028
445 372 7 11 0.028
337 270 5 6 0.027
616 228 5 6 0.027
779 336 7 8 0.027
592 373 8 13 0.027
82 332 8 10 0.027
558 235 5 6 0.026
348 315 5 7 0.026
69 337 7 9 0.026
1014 404 8 9 0.026
985 413 8 12 0.025
985 231 6 8 0.025
895 323 7 10 0.025
647 402 8 9 0.025
761 254 4 5 0.024
300 342 6 7 0.024
418 325 5 7 0.024
782 237 5 6 0.024
17 385 9 10 0.023
718 380 8 10 0.023
727 248 5 6 0.023
24 424 12 16 0.022
366 267 5 6 0.022
65 338 7 9 0.022
387 313 5 6 0.022
955 329 7 8 0.022
961 411 8 9 0.021
970 252 6 7 0.021
317 274 5 7 0.021
322 282 5 7 0.021
28 378 8 10 0.021
383 266 5 6 0.021
800 449 10 13 0.021
0 284 6 7 0.020
438 302 8 9 0.020
571 318 6 9 0.020
884 422 8 11 0.020
216 465 11 12 0.020
778 242 5 6 0.019
634 245 4 6 0.019
992 260 5 6 0.019
335 375 6 8 0.018
372 260 5 6 0.018
704 253 4 6 0.018
334 271 6 6 0.018
414 392 8 12 0.018
263 340 6 8 0.018
572 288 4 6 0.018
502 306 6 6 0.017
762 230 4 5 0.017
705 288 6 7 0.017
34 408 8 12 0.017
462 222 5 6 0.017
781 273 4 6 0.017
975 451 10 12 0.017
371 266 6 6 0.017
840 363 11 16 0.017
86 344 7 10 0.017
917 419 8 11 0.017
804 372 7 9 0.017
640 266 5 6 0.016
649 312 8 10 0.016
476 240 5 6 0.016
776 265 5 6 0.016
678 414 9 11 0.016
460 286 4 6 0.016
971 238 5 6 0.016
935 230 6 8 0.016
88 340 8 9 0.016
589 349 8 11 0.016
891 216 5 7 0.016
406 261 5 6 0.015
19 270 5 8 0.015
406 257 5 6 0.015
309 270 6 7 0.015
689 312 5 7 0.015
258 298 6 7 0.015
736 435 9 11 0.015
990 339 6 8 0.015
818 390 7 10 0.015
687 311 5 7 0.014
520 298 9 11 0.014
960 294 8 9 0.014
535 214 5 6 0.014
482 289 5 6 0.014
518 303 6 7 0.014
461 223 5 5 0.014
170 354 6 7 0.014
767 421 10 13 0.014
603 303 8 10 0.013
573 339 6 10 0.013
712 229 5 5 0.013
20 383 8 11 0.013
989 274 5 7 0.013
635 243 5 6 0.013
994 274 5 7 0.013
487 321 6 8 0.013
33 430 10 14 0.013
570 447 9 12 0.013
0 331 6 12 0.013
972 239 6 7 0.013
676 271 5 6 0.012
981 213 6 6 0.012
561 312 6 8 0.012
446 387 7 9 0.012
658 315 6 8 0.012
613 299 8 9 0.012
829 233 5 5 0.012
419 256 5 6 0.012
1 269 6 7 0.012
36 432 9 13 0.012
339 384 7 9 0.012
720 254 5 6 0.012
679 279 5 7 0.012
825 288 5 6 0.011
803 375 8 10 0.011
815 450 7 11 0.011
917 225 5 6 0.011
389 371 8 10 0.011
285 346 6 7 0.011
434 423 9 12 0.011
1 289 8 11 0.011
540 230 5 5 0.011
774 260 4 5 0.011
827 312 6 9 0.011
438 258 4 5 0.011
452 241 5 5 0.011
168 354 6 8 0.011
713 228 5 5 0.011
32 377 7 11 0.011
69 302 6 7 0.011
884 241 5 6 0.011
570 344 7 10 0.011
658 287 5 6 0.010
823 365 11 13 0.010
29 431 11 14 0.010
651 293 8 10 0.010
634 433 8 11 0.010
641 217 5 6 0.010
