35_Basketball_basketballgame_ball_35_290
474
908 134 32 41 0.807
640 115 34 48 0.790
473 178 34 46 0.774
412 254 40 48 0.773
58 202 20 25 0.715
5 316 14 15 0.636
144 326 11 15 0.621
152 308 9 12 0.578
10 268 9 12 0.577
137 301 10 12 0.572
7 241 8 10 0.530
34 265 9 12 0.517
463 321 8 11 0.489
53 284 8 10 0.472
260 261 7 9 0.454
36 234 7 10 0.406
6 224 7 9 0.400
767 229 15 18 0.392
887 333 6 8 0.372
161 296 9 10 0.365
125 285 8 11 0.350
173 265 7 9 0.330
89 199 6 8 0.324
126 251 7 9 0.324
110 225 7 8 0.317
149 242 7 8 0.311
131 189 7 7 0.309
145 266 7 8 0.308
15 210 7 9 0.303
41 224 6 9 0.298
868 336 6 8 0.291
275 251 7 8 0.286
119 134 5 7 0.282
579 330 7 10 0.277
848 335 7 8 0.274
623 330 7 9 0.274
821 330 6 8 0.271
1015 333 7 9 0.258
103 212 6 7 0.254
220 290 8 9 0.251
242 258 6 8 0.246
165 251 7 9 0.244
44 131 5 6 0.243
61 234 8 11 0.243
154 180 5 7 0.242
181 237 7 8 0.242
620 349 8 11 0.238
29 177 6 7 0.234
183 254 7 8 0.230
805 335 7 8 0.214
208 232 6 7 0.213
109 172 5 7 0.211
622 346 8 11 0.210
295 239 6 8 0.210
40 194 6 8 0.202
89 137 6 7 0.200
286 238 6 8 0.200
40 155 6 7 0.199
55 155 6 7 0.198
185 222 6 7 0.198
353 236 5 8 0.195
68 169 6 7 0.193
197 221 6 7 0.193
76 129 5 7 0.187
127 214 6 8 0.187
608 336 7 10 0.181
166 118 5 6 0.181
16 83 5 6 0.181
365 238 6 7 0.179
597 328 7 9 0.179
132 232 7 9 0.177
3 192 6 8 0.175
200 248 6 8 0.174
465 320 9 11 0.173
113 156 6 6 0.171
835 330 6 7 0.167
4 149 5 7 0.166
255 208 6 7 0.163
123 274 6 8 0.162
393 239 6 7 0.159
444 326 8 10 0.159
183 162 6 7 0.158
642 311 7 9 0.154
832 334 6 7 0.154
158 277 8 9 0.152
216 238 6 8 0.150
146 142 5 7 0.146
65 101 5 6 0.144
129 210 7 8 0.144
599 297 6 8 0.142
271 291 9 12 0.141
608 234 6 7 0.140
222 288 7 9 0.140
222 258 6 8 0.139
165 294 8 10 0.138
60 135 6 7 0.136
164 242 6 9 0.135
82 189 5 7 0.133
23 152 6 7 0.133
160 226 6 7 0.130
47 326 12 15 0.130
182 120 4 6 0.130
129 168 6 7 0.130
109 186 6 7 0.130
164 144 5 7 0.129
390 255 6 8 0.129
198 163 5 6 0.126
15 84 5 6 0.121
20 194 6 7 0.121
345 210 5 6 0.121
6 238 8 11 0.118
167 145 5 7 0.117
28 175 5 7 0.114
885 208 6 7 0.113
1013 334 7 9 0.108
81 104 5 6 0.107
299 239 6 7 0.106
387 238 6 8 0.103
202 249 6 8 0.101
636 291 6 7 0.101
171 287 8 9 0.100
230 281 7 8 0.097
413 348 14 14 0.096
167 175 6 7 0.096
319 213 6 7 0.095
817 329 8 10 0.094
160 145 5 6 0.094
146 240 8 10 0.093
32 176 5 7 0.093
209 196 6 7 0.092
225 211 6 7 0.091
253 186 5 7 0.091
226 181 6 6 0.091
134 234 7 8 0.089
597 300 6 7 0.086
610 234 5 7 0.086
203 260 8 9 0.085
25 150 5 8 0.085
20 83 5 7 0.085
175 264 8 10 0.083
398 190 5 7 0.083
26 162 5 6 0.082
297 216 6 6 0.081
238 159 6 7 0.079
128 212 7 10 0.079
103 142 5 7 0.078
435 365 8 9 0.078
116 232 6 8 0.078
413 201 6 7 0.077
787 329 8 10 0.077
344 211 5 7 0.076
621 318 7 8 0.075
19 209 7 9 0.075
417 345 13 13 0.074
629 306 7 8 0.073
134 206 6 8 0.073
624 317 7 9 0.072
24 123 5 6 0.071
438 185 5 7 0.070
143 170 6 7 0.070
812 197 6 7 0.069
270 168 6 7 0.069
159 62 5 6 0.068
230 239 6 8 0.067
605 313 6 8 0.067
23 119 5 6 0.066
235 259 7 8 0.066
316 175 5 6 0.066
186 266 8 10 0.066
621 315 7 8 0.066
49 116 5 7 0.066
383 192 6 7 0.066
74 169 5 7 0.065
611 218 6 7 0.065
824 332 6 8 0.065
94 156 6 7 0.064
624 345 9 11 0.064
205 180 5 7 0.064
229 241 7 8 0.064
228 210 6 7 0.063
202 180 6 7 0.062
362 244 6 8 0.062
259 171 5 7 0.060
423 210 5 7 0.060
209 233 8 10 0.060
298 189 5 6 0.060
612 235 6 6 0.060
832 332 6 7 0.059
452 195 5 7 0.059
257 134 5 6 0.057
82 105 5 7 0.057
224 182 6 7 0.057
273 137 5 6 0.056
568 240 6 8 0.056
130 147 5 7 0.056
224 158 5 7 0.056
90 199 10 11 0.056
599 329 8 11 0.056
592 343 7 8 0.055
34 153 6 7 0.054
312 197 6 7 0.054
582 298 6 8 0.054
466 223 5 7 0.054
130 272 7 8 0.054
362 221 6 7 0.053
373 214 5 7 0.053
295 215 6 7 0.053
437 216 6 7 0.053
427 342 10 12 0.053
184 119 5 6 0.052
123 345 10 12 0.051
833 200 5 7 0.051
84 53 4 5 0.051
175 190 6 7 0.050
586 242 6 8 0.050
802 335 7 10 0.050
240 158 5 6 0.050
289 238 8 9 0.049
163 287 8 11 0.049
66 104 5 6 0.049
132 143 5 7 0.049
644 265 5 7 0.049
202 278 8 11 0.049
366 233 6 8 0.048
291 239 8 9 0.047
605 310 6 8 0.047
437 218 6 7 0.047
584 300 6 8 0.047
15 82 4 6 0.046
209 163 6 6 0.046
877 237 6 7 0.046
568 322 6 9 0.046
181 221 6 7 0.046
251 244 6 8 0.046
299 142 5 6 0.045
469 225 6 7 0.045
225 209 5 7 0.044
380 216 6 8 0.044
424 348 12 12 0.043
44 327 11 14 0.042
238 161 5 6 0.042
575 274 6 7 0.042
645 313 6 9 0.042
17 204 8 10 0.041
564 283 6 8 0.041
646 265 5 7 0.041
853 216 6 7 0.041
252 214 6 8 0.040
122 248 8 10 0.040
451 226 6 7 0.040
21 82 5 6 0.040
52 286 8 11 0.040
616 288 6 7 0.039
180 195 6 8 0.039
345 245 6 8 0.039
837 220 6 7 0.039
598 206 6 7 0.039
167 254 8 10 0.039
480 340 7 9 0.038
651 293 6 8 0.038
570 391 7 7 0.038
208 166 5 6 0.038
55 286 8 10 0.038
439 211 6 7 0.038
451 209 5 8 0.038
177 190 6 8 0.037
195 185 6 7 0.037
159 349 12 14 0.037
408 229 6 8 0.037
850 219 6 7 0.037
588 246 6 7 0.037
185 269 8 10 0.037
809 310 6 8 0.036
256 207 7 10 0.036
641 267 6 7 0.035
905 347 6 9 0.035
62 234 11 14 0.035
21 150 6 7 0.035
843 204 6 6 0.035
768 194 5 6 0.034
293 288 17 21 0.034
398 230 6 8 0.034
601 356 7 10 0.034
574 214 5 7 0.034
857 347 6 8 0.034
784 197 6 7 0.034
591 298 8 11 0.033
857 197 6 7 0.033
322 232 6 7 0.033
181 67 4 6 0.033
390 237 8 10 0.033
87 167 5 7 0.033
615 196 5 6 0.033
769 193 6 6 0.032
318 175 5 6 0.031
350 182 5 6 0.031
280 231 6 7 0.031
863 230 6 7 0.031
152 239 8 10 0.031
12 163 5 7 0.031
879 239 6 7 0.030
296 243 7 7 0.030
578 216 5 7 0.030
599 353 8 9 0.030
322 199 5 6 0.030
836 218 5 7 0.030
252 184 5 7 0.029
453 198 5 7 0.029
420 212 6 7 0.029
565 241 6 7 0.029
782 200 6 7 0.029
12 260 9 10 0.029
385 194 5 7 0.029
332 180 6 7 0.028
149 268 6 9 0.028
571 241 6 7 0.028
114 203 6 8 0.028
151 164 6 7 0.027
186 126 5 6 0.027
829 203 6 6 0.027
93 113 5 7 0.027
597 216 5 7 0.027
802 171 5 7 0.027
78 152 5 7 0.027
857 199 6 7 0.027
482 339 7 9 0.027
603 359 8 10 0.027
568 243 7 8 0.026
278 202 6 7 0.026
457 196 4 6 0.026
274 168 5 7 0.026
269 290 13 16 0.026
231 240 7 10 0.026
784 334 8 11 0.025
249 224 6 8 0.025
906 351 6 8 0.025
49 173 6 7 0.025
87 175 6 7 0.025
23 202 6 9 0.025
4 192 8 10 0.025
347 241 6 8 0.025
351 182 6 7 0.025
775 157 5 7 0.025
312 199 5 7 0.025
780 201 6 7 0.024
590 183 5 6 0.024
904 350 6 8 0.024
205 239 8 11 0.024
640 289 6 7 0.024
59 48 5 6 0.024
909 332 6 9 0.024
410 232 6 5 0.024
569 212 5 7 0.024
806 220 5 7 0.023
97 114 5 6 0.023
793 196 5 6 0.023
81 101 5 6 0.023
808 220 6 7 0.023
889 209 5 6 0.023
206 332 10 12 0.023
303 230 6 7 0.022
372 215 8 9 0.022
58 47 4 6 0.022
146 138 6 6 0.022
400 225 5 8 0.021
468 252 6 8 0.021
291 193 6 7 0.021
175 196 6 7 0.021
807 308 6 8 0.021
840 204 6 7 0.021
223 166 5 7 0.021
437 183 5 7 0.021
195 80 5 6 0.021
228 137 5 7 0.021
390 250 8 9 0.021
870 196 5 6 0.021
650 298 6 8 0.020
156 63 5 6 0.020
604 387 7 9 0.020
826 170 6 8 0.020
334 226 5 7 0.020
583 246 6 7 0.020
438 215 8 10 0.020
1016 199 6 7 0.020
69 170 8 10 0.020
194 195 6 8 0.020
278 180 5 6 0.020
995 201 5 6 0.020
275 214 6 7 0.020
615 200 5 6 0.019
271 191 5 7 0.019
804 170 5 7 0.019
564 319 7 9 0.019
407 205 6 7 0.019
882 239 5 7 0.019
402 259 6 8 0.019
460 364 7 9 0.018
800 130 5 6 0.018
635 327 7 9 0.018
163 117 5 6 0.018
13 112 5 7 0.017
9 184 5 7 0.017
566 186 5 6 0.017
805 171 6 7 0.017
900 217 5 7 0.017
994 201 4 6 0.017
226 190 6 7 0.017
735 354 7 8 0.017
1012 142 7 9 0.017
185 175 6 7 0.017
782 328 7 11 0.017
72 188 6 6 0.017
793 199 5 7 0.016
793 327 7 10 0.016
588 201 5 7 0.016
422 210 8 10 0.016
831 215 6 8 0.016
55 156 7 9 0.016
473 283 7 8 0.015
732 353 7 8 0.015
687 326 11 13 0.015
230 122 5 6 0.015
356 191 6 6 0.015
334 183 5 7 0.015
565 216 4 6 0.015
591 225 6 7 0.015
584 235 6 7 0.014
476 284 6 8 0.014
115 236 6 8 0.014
161 141 8 9 0.014
130 163 8 10 0.014
163 349 12 13 0.014
566 239 7 11 0.014
473 315 7 9 0.013
560 191 5 6 0.013
265 227 6 8 0.013
243 165 5 7 0.013
650 288 6 8 0.013
163 204 5 7 0.013
566 190 6 6 0.013
301 141 6 7 0.013
781 342 7 10 0.013
386 190 5 7 0.013
106 133 6 6 0.013
237 278 6 8 0.013
480 281 6 7 0.012
469 217 7 12 0.012
998 201 5 6 0.012
225 178 8 10 0.012
812 232 6 8 0.012
463 241 7 8 0.012
574 191 5 7 0.012
621 204 5 7 0.011
296 142 5 7 0.011
611 287 6 8 0.011
339 146 6 6 0.011
227 121 5 6 0.011
44 300 9 11 0.011
910 326 6 10 0.011
33 232 11 14 0.011
1004 215 5 7 0.011
587 389 7 8 0.011
493 191 21 28 0.011
551 191 5 6 0.011
342 247 6 8 0.011
474 192 21 30 0.010
452 285 8 9 0.010
588 287 7 8 0.010
108 177 8 10 0.010
128 137 5 6 0.010
828 166 6 7 0.010
869 217 6 6 0.010
198 280 8 10 0.010
998 203 5 7 0.010
