35_Basketball_Basketball_35_449
228
491 244 24 27 0.728
856 396 12 13 0.621
79 410 13 15 0.600
905 416 9 11 0.578
982 409 10 12 0.574
289 389 11 15 0.574
563 425 10 11 0.555
957 456 7 9 0.479
784 449 7 9 0.403
985 453 7 9 0.357
839 448 7 8 0.295
766 458 6 8 0.292
144 456 7 8 0.286
334 475 7 9 0.279
857 462 6 8 0.276
645 455 6 8 0.273
763 476 6 7 0.267
807 470 6 7 0.266
410 473 6 8 0.247
968 439 7 9 0.240
628 457 5 7 0.235
611 435 5 7 0.235
907 461 7 8 0.223
422 409 5 7 0.222
1018 459 6 9 0.192
230 461 6 7 0.191
980 408 9 12 0.183
301 406 9 14 0.181
109 456 6 8 0.178
262 456 6 8 0.166
825 472 6 7 0.162
318 389 8 10 0.145
117 467 7 8 0.143
591 462 5 6 0.143
112 441 6 7 0.143
973 427 7 11 0.133
52 451 6 7 0.130
19 402 5 7 0.126
36 456 7 8 0.125
417 459 7 8 0.116
955 456 7 9 0.107
854 462 6 7 0.107
377 431 6 7 0.101
896 454 7 9 0.098
904 460 7 8 0.098
167 471 7 8 0.098
390 408 5 6 0.097
685 360 10 15 0.097
375 431 6 7 0.096
110 457 7 9 0.096
245 449 7 7 0.095
186 452 5 8 0.094
672 376 12 18 0.092
120 468 6 8 0.090
172 458 6 8 0.088
171 455 6 8 0.087
30 400 6 7 0.086
756 462 5 7 0.085
190 455 6 7 0.083
608 453 6 7 0.082
224 460 6 7 0.080
629 452 6 7 0.080
854 436 6 8 0.079
590 431 6 7 0.075
305 406 9 12 0.070
372 429 6 8 0.068
631 444 6 6 0.068
548 478 6 8 0.068
616 465 5 7 0.067
513 462 6 8 0.067
28 400 6 7 0.066
25 458 7 7 0.066
609 448 5 8 0.066
855 438 6 8 0.064
415 429 6 8 0.062
219 455 5 7 0.062
841 451 8 10 0.061
642 476 6 7 0.060
178 461 6 8 0.060
243 448 6 7 0.058
931 439 8 9 0.057
277 456 6 8 0.057
378 98 21 26 0.056
272 428 6 8 0.056
678 370 11 19 0.054
549 474 6 8 0.054
980 454 8 9 0.053
6 429 7 8 0.053
337 474 7 9 0.052
193 455 6 7 0.051
272 396 6 7 0.049
416 432 6 7 0.049
227 460 8 9 0.049
548 470 5 8 0.048
124 414 6 7 0.047
741 474 7 8 0.047
478 480 5 6 0.047
476 478 6 7 0.046
683 490 6 8 0.046
116 463 7 10 0.045
188 454 6 8 0.045
373 404 5 7 0.045
218 457 5 7 0.045
175 437 6 7 0.044
462 476 6 7 0.043
54 399 6 7 0.043
114 440 6 8 0.042
274 455 6 8 0.040
614 466 5 6 0.040
29 458 7 7 0.039
57 402 6 8 0.037
281 437 6 8 0.036
780 470 5 7 0.036
50 451 8 10 0.036
418 440 7 8 0.035
563 422 8 10 0.034
110 385 5 7 0.034
626 484 5 6 0.034
0 445 5 9 0.033
206 450 5 7 0.033
888 458 9 10 0.033
486 472 5 7 0.033
33 433 6 8 0.033
126 414 6 6 0.031
513 482 6 7 0.031
289 421 6 9 0.030
336 478 8 9 0.030
46 402 5 6 0.030
764 456 6 8 0.030
586 430 7 9 0.030
174 456 8 9 0.029
192 428 6 8 0.029
38 458 6 8 0.028
429 396 6 6 0.028
375 405 5 7 0.027
481 479 6 7 0.027
436 410 6 7 0.027
462 475 5 6 0.026
131 451 7 8 0.026
882 466 6 8 0.026
259 434 6 7 0.025
624 483 5 6 0.025
270 395 6 7 0.025
990 456 7 8 0.025
169 462 7 9 0.025
462 479 5 6 0.024
143 388 6 6 0.024
518 483 6 7 0.024
366 426 6 7 0.024
340 497 6 7 0.023
546 466 6 8 0.023
431 395 6 7 0.023
795 454 6 8 0.023
24 418 6 7 0.022
85 411 10 12 0.021
834 448 7 8 0.021
433 452 6 9 0.021
105 456 6 8 0.021
189 429 6 8 0.020
224 418 6 7 0.020
249 421 5 7 0.020
929 438 8 10 0.019
145 430 6 7 0.019
547 475 8 10 0.018
388 405 6 7 0.018
179 475 6 7 0.018
122 387 6 6 0.018
487 446 6 7 0.018
412 430 5 7 0.018
112 384 5 6 0.018
593 435 5 8 0.018
21 401 8 9 0.018
172 409 6 7 0.018
9 411 6 8 0.017
1018 453 6 11 0.017
628 485 4 5 0.017
512 465 7 8 0.017
738 476 7 7 0.017
550 464 6 8 0.017
103 407 6 6 0.016
245 420 6 7 0.016
374 463 6 8 0.016
502 491 5 6 0.016
585 464 6 6 0.016
223 417 6 6 0.016
617 439 6 8 0.016
335 458 6 8 0.016
314 389 8 10 0.015
780 473 5 7 0.015
646 479 5 7 0.015
433 448 6 9 0.015
131 431 6 8 0.015
371 456 6 8 0.014
556 416 6 7 0.014
61 394 5 7 0.014
413 462 9 10 0.014
377 428 9 9 0.014
386 486 5 7 0.014
272 459 6 6 0.014
20 386 5 7 0.014
547 494 6 7 0.014
515 485 5 7 0.013
430 430 5 7 0.013
408 475 6 8 0.013
609 491 4 6 0.013
125 385 5 6 0.013
214 428 6 7 0.013
373 95 21 25 0.013
387 461 6 8 0.013
59 447 6 9 0.012
682 478 7 9 0.012
145 411 5 7 0.012
550 472 8 10 0.012
417 486 5 7 0.012
194 460 6 7 0.011
372 458 6 9 0.011
860 398 10 13 0.011
833 456 6 8 0.011
314 404 7 10 0.011
443 395 6 8 0.011
24 384 5 7 0.011
272 394 8 11 0.011
387 406 8 10 0.011
339 460 6 8 0.011
420 466 6 9 0.010
379 109 17 18 0.010
39 382 5 6 0.010
246 445 8 10 0.010
