35_Basketball_playingbasketball_35_794
26
751 87 44 59 0.863
512 134 30 39 0.819
284 173 29 38 0.809
555 122 33 39 0.796
0 167 25 45 0.772
834 140 32 39 0.767
100 157 27 36 0.759
322 160 23 29 0.682
425 173 22 29 0.650
186 162 17 27 0.650
441 198 22 30 0.645
244 178 18 33 0.633
266 145 17 29 0.624
390 144 21 28 0.597
378 170 21 26 0.505
379 190 22 33 0.355
600 172 25 29 0.354
147 26 18 23 0.131
70 197 13 21 0.071
154 180 22 29 0.057
165 174 21 31 0.045
71 200 18 24 0.033
880 108 21 30 0.020
376 180 22 28 0.017
26 190 14 23 0.015
369 189 22 32 0.013
