35_Basketball_basketballgame_ball_35_446
27
470 315 111 168 0.816
762 826 18 23 0.202
718 774 17 22 0.163
721 819 17 22 0.157
634 811 20 24 0.142
762 739 19 24 0.109
688 863 20 24 0.108
664 843 21 25 0.085
693 898 23 26 0.082
791 936 23 27 0.081
644 909 20 24 0.078
729 869 21 25 0.075
696 725 19 22 0.072
712 847 19 23 0.067
810 810 21 26 0.059
822 994 23 28 0.040
830 740 20 25 0.039
714 952 23 29 0.038
728 990 22 28 0.026
814 779 22 26 0.023
806 864 19 22 0.023
717 837 18 24 0.021
780 779 16 20 0.019
868 848 24 31 0.017
584 952 20 25 0.017
756 895 21 26 0.013
255 802 20 26 0.011
