35_Basketball_basketballgame_ball_35_858
27
569 231 68 89 0.797
779 500 76 70 0.790
122 633 15 20 0.176
8 642 18 24 0.159
179 632 18 22 0.085
39 633 20 21 0.070
165 446 12 13 0.066
489 497 14 17 0.066
404 469 14 17 0.061
433 477 12 15 0.060
60 654 17 22 0.058
41 598 16 20 0.058
343 512 17 19 0.055
35 440 12 14 0.052
466 484 11 14 0.043
20 428 11 13 0.042
902 646 11 14 0.030
20 465 12 14 0.019
937 640 12 16 0.017
114 554 13 16 0.017
257 445 13 16 0.016
147 592 19 21 0.015
305 600 17 20 0.014
979 641 13 17 0.013
96 582 19 26 0.012
255 422 12 13 0.011
177 512 15 18 0.010
