35_Basketball_playingbasketball_35_362
192
622 372 18 23 0.723
539 404 22 27 0.716
888 426 16 20 0.704
493 230 25 27 0.660
707 465 11 14 0.581
47 522 10 12 0.528
18 523 11 14 0.490
244 526 8 10 0.476
207 487 11 14 0.468
169 520 9 11 0.384
792 497 6 7 0.379
116 526 9 12 0.376
98 528 9 11 0.364
74 527 9 12 0.324
374 529 7 8 0.266
432 527 7 9 0.257
149 506 9 11 0.254
294 527 7 10 0.246
265 524 8 8 0.232
317 521 7 9 0.217
27 496 8 9 0.207
397 531 6 8 0.185
182 495 7 9 0.167
141 525 9 11 0.160
184 498 8 10 0.150
51 466 6 8 0.143
26 451 7 8 0.142
93 475 6 8 0.139
635 468 12 13 0.138
154 493 9 10 0.138
0 489 8 10 0.137
71 471 7 9 0.125
187 522 9 11 0.124
263 525 7 9 0.120
297 523 8 10 0.119
167 519 9 11 0.111
299 519 7 9 0.104
1 474 7 9 0.099
405 528 6 7 0.099
114 474 7 8 0.095
321 538 7 8 0.089
926 442 11 14 0.089
323 540 6 7 0.086
430 527 7 9 0.083
851 486 5 6 0.081
104 493 7 9 0.079
120 488 7 8 0.078
45 497 7 9 0.078
538 483 14 17 0.077
315 520 6 8 0.077
790 497 5 8 0.074
185 501 7 10 0.074
390 177 29 32 0.073
11 510 8 9 0.070
409 528 6 7 0.069
282 518 6 8 0.069
665 481 6 7 0.068
101 531 9 10 0.067
839 507 6 7 0.063
98 486 7 9 0.063
268 522 7 9 0.063
342 522 7 8 0.062
319 525 7 9 0.058
126 473 7 8 0.057
482 527 6 8 0.054
491 541 7 8 0.052
840 509 6 7 0.050
44 499 7 10 0.050
499 523 6 8 0.048
46 516 9 12 0.046
0 470 7 9 0.045
961 499 6 8 0.045
961 488 5 7 0.045
362 532 7 9 0.044
115 472 9 10 0.043
401 527 7 9 0.043
350 522 7 8 0.042
190 525 8 10 0.042
1015 534 6 7 0.040
70 532 9 12 0.039
770 499 5 6 0.038
999 480 6 8 0.037
99 489 7 9 0.036
493 539 7 8 0.036
139 486 7 9 0.035
43 494 7 9 0.035
769 496 5 7 0.035
449 544 6 7 0.034
932 445 9 13 0.034
961 502 6 8 0.034
79 481 7 8 0.033
135 488 7 9 0.033
159 476 6 8 0.033
920 442 11 13 0.032
118 483 7 9 0.032
772 502 5 6 0.030
24 452 8 10 0.030
1013 467 6 8 0.030
738 500 5 7 0.029
977 524 6 6 0.029
962 490 6 7 0.029
162 475 6 8 0.028
266 525 8 10 0.028
748 495 4 6 0.028
461 518 7 8 0.028
26 482 6 8 0.028
185 525 8 10 0.026
30 452 6 8 0.026
357 520 7 8 0.025
188 515 8 11 0.025
761 504 5 6 0.025
467 536 7 9 0.025
116 519 8 11 0.024
662 480 7 8 0.023
141 479 7 7 0.023
930 442 9 12 0.022
482 529 8 10 0.022
737 503 5 8 0.022
4 474 7 9 0.021
996 478 7 7 0.020
989 509 6 7 0.020
340 520 6 9 0.020
1012 534 6 7 0.020
366 532 8 9 0.020
326 538 6 8 0.020
13 523 10 13 0.019
744 497 5 6 0.019
637 472 10 13 0.019
962 480 5 6 0.019
961 475 5 7 0.019
758 494 4 6 0.019
477 512 6 7 0.019
98 481 9 10 0.018
229 525 7 9 0.018
238 491 6 8 0.018
841 504 6 8 0.018
346 520 8 10 0.018
859 515 5 6 0.017
23 524 10 13 0.017
195 477 7 9 0.017
92 472 7 8 0.016
75 471 7 8 0.016
759 497 5 7 0.016
25 501 8 10 0.016
20 456 7 9 0.016
157 529 9 10 0.016
991 509 6 7 0.016
289 532 9 10 0.015
665 484 8 10 0.015
680 481 5 7 0.014
973 493 6 6 0.014
930 502 8 9 0.014
24 485 8 9 0.014
793 500 5 6 0.014
1016 491 6 9 0.014
977 503 6 7 0.014
477 510 6 7 0.014
174 476 6 7 0.014
930 505 7 10 0.014
347 506 6 7 0.013
231 527 7 9 0.013
448 546 6 7 0.013
133 530 8 11 0.013
0 545 6 14 0.013
851 486 7 10 0.013
833 488 5 7 0.013
1012 465 6 8 0.013
839 514 6 6 0.013
283 506 7 9 0.012
51 488 7 9 0.012
280 539 7 9 0.012
66 504 7 9 0.012
940 483 6 7 0.012
126 476 9 11 0.012
860 475 5 7 0.011
458 521 7 8 0.011
441 518 7 7 0.011
739 495 5 7 0.011
275 539 8 9 0.011
499 525 8 10 0.011
157 533 9 11 0.011
67 541 8 10 0.011
136 532 9 11 0.011
850 514 5 6 0.011
457 518 6 7 0.011
295 508 7 7 0.010
504 523 7 7 0.010
478 525 8 10 0.010
669 493 6 8 0.010
1012 468 8 11 0.010
162 486 7 8 0.010
633 473 10 12 0.010
