35_Basketball_basketballgame_ball_35_216
140
371 169 20 23 0.732
293 392 12 14 0.649
481 204 19 22 0.602
640 418 10 13 0.548
707 405 11 12 0.545
48 449 9 10 0.459
67 419 8 10 0.437
196 427 8 11 0.421
158 431 7 9 0.330
118 435 7 11 0.317
25 396 8 9 0.309
104 420 7 9 0.294
88 434 7 9 0.292
1012 434 8 11 0.291
96 409 7 9 0.289
140 403 6 8 0.255
26 427 7 10 0.253
123 459 7 9 0.248
118 432 7 10 0.246
132 435 7 9 0.244
103 393 7 9 0.242
123 390 6 7 0.240
46 407 7 9 0.237
98 466 8 10 0.235
44 409 7 9 0.233
12 390 6 8 0.201
42 392 7 8 0.196
241 441 7 8 0.194
2 371 7 8 0.189
93 375 7 9 0.189
221 445 7 8 0.176
176 420 7 8 0.174
137 421 7 9 0.169
230 418 7 9 0.142
24 416 7 8 0.138
170 443 7 9 0.121
78 385 6 7 0.119
45 360 6 7 0.103
111 408 7 8 0.101
218 445 7 8 0.094
85 434 7 9 0.092
172 444 7 10 0.085
243 442 8 9 0.084
116 429 8 9 0.080
178 419 8 10 0.080
178 423 7 9 0.080
22 371 6 7 0.075
46 450 8 11 0.071
72 464 7 9 0.063
320 456 7 8 0.061
268 421 7 10 0.060
96 380 7 10 0.058
158 428 7 9 0.056
160 388 6 8 0.056
267 419 6 9 0.056
126 450 8 11 0.055
116 439 8 10 0.054
76 383 7 9 0.053
249 445 7 8 0.050
933 465 7 7 0.049
195 415 6 8 0.047
68 353 7 8 0.045
863 483 6 8 0.042
168 377 6 8 0.042
29 354 6 8 0.041
67 373 7 8 0.040
218 393 7 7 0.040
7 359 6 8 0.037
245 418 6 8 0.035
475 375 14 17 0.034
47 381 7 9 0.033
75 409 7 8 0.032
141 424 7 9 0.032
159 414 6 8 0.031
366 463 6 7 0.031
179 417 7 8 0.030
502 381 15 19 0.030
125 457 8 10 0.029
963 466 6 6 0.027
205 392 6 8 0.026
352 457 7 7 0.025
4 407 6 9 0.025
30 381 6 8 0.025
413 468 6 7 0.024
267 414 7 10 0.023
150 381 6 9 0.023
443 464 5 6 0.023
63 370 6 8 0.023
3 367 8 10 0.022
255 404 7 9 0.022
84 354 7 7 0.021
345 394 7 10 0.021
65 403 6 8 0.021
126 390 6 9 0.021
269 446 6 8 0.021
206 391 7 7 0.021
423 456 6 8 0.020
415 466 6 8 0.018
174 447 8 9 0.018
237 392 7 8 0.018
322 458 6 8 0.018
451 471 5 8 0.017
411 468 6 8 0.017
178 381 7 7 0.017
353 405 8 9 0.017
6 406 7 9 0.016
199 414 7 10 0.016
142 358 6 8 0.016
364 462 6 7 0.016
978 470 6 6 0.016
257 402 6 8 0.016
452 473 6 8 0.016
173 417 6 8 0.015
73 461 7 10 0.015
29 351 7 8 0.015
224 413 7 9 0.015
368 464 6 7 0.015
220 391 6 8 0.014
433 467 6 7 0.014
443 466 6 7 0.014
181 382 6 8 0.014
444 462 6 7 0.014
126 366 6 7 0.013
130 365 6 7 0.013
350 403 9 10 0.013
410 451 6 7 0.013
30 428 7 9 0.013
168 364 6 8 0.012
75 341 6 7 0.012
106 353 7 8 0.012
348 400 9 10 0.012
134 363 7 8 0.011
265 421 7 9 0.011
342 472 6 8 0.011
894 468 7 8 0.011
629 413 8 11 0.011
719 485 8 9 0.011
414 463 8 10 0.010
76 371 7 9 0.010
232 376 6 8 0.010
