35_Basketball_basketballgame_ball_35_565
428
881 353 22 29 0.743
787 471 24 33 0.738
878 460 19 26 0.731
701 386 23 29 0.730
800 427 22 29 0.726
533 448 16 22 0.723
867 430 23 32 0.708
579 424 17 23 0.704
591 473 19 26 0.701
898 290 18 23 0.693
783 383 19 25 0.692
914 251 14 18 0.670
552 434 14 20 0.661
613 343 14 18 0.660
950 353 19 27 0.655
816 276 15 19 0.652
317 423 11 14 0.649
869 218 13 16 0.647
707 312 14 17 0.646
256 456 18 23 0.639
443 414 13 16 0.631
649 348 12 15 0.631
403 415 12 15 0.629
802 257 13 17 0.629
841 276 13 16 0.628
541 325 11 15 0.625
928 390 18 26 0.625
799 333 16 20 0.624
516 433 16 22 0.624
688 308 11 15 0.622
490 398 11 17 0.617
731 308 15 19 0.617
777 263 13 16 0.610
786 231 11 15 0.600
938 234 13 17 0.598
605 429 16 21 0.596
964 283 17 21 0.596
793 315 14 19 0.593
847 178 10 12 0.591
136 451 13 18 0.590
827 226 12 15 0.586
762 250 11 15 0.582
660 307 12 15 0.579
784 185 10 13 0.574
278 458 14 23 0.572
638 224 9 11 0.565
857 251 12 16 0.565
99 446 15 19 0.565
194 456 12 17 0.565
829 381 18 25 0.563
384 410 10 15 0.562
978 144 11 14 0.559
568 310 10 14 0.559
195 429 10 13 0.559
443 370 10 14 0.554
1007 194 12 16 0.552
223 448 14 21 0.552
646 325 11 15 0.538
976 194 14 16 0.538
954 244 14 18 0.536
722 290 12 16 0.536
673 262 11 14 0.529
205 413 9 12 0.527
914 161 12 16 0.523
910 233 12 15 0.517
631 268 10 13 0.516
472 381 10 12 0.516
661 257 10 13 0.514
240 397 9 11 0.506
716 248 10 14 0.505
976 265 15 17 0.503
172 456 14 16 0.492
660 290 11 15 0.485
377 346 8 11 0.483
128 429 10 12 0.472
501 368 10 15 0.468
333 375 8 11 0.450
877 171 11 14 0.448
702 212 9 11 0.447
616 298 10 13 0.438
15 390 7 9 0.434
521 337 10 13 0.432
338 359 9 12 0.432
947 328 16 24 0.430
435 303 7 9 0.429
750 188 10 13 0.428
514 354 10 14 0.421
75 402 11 13 0.421
705 248 10 14 0.420
858 270 12 15 0.418
453 391 10 13 0.407
116 425 9 11 0.407
419 338 9 12 0.394
664 218 8 11 0.393
493 354 9 12 0.389
890 249 12 15 0.384
507 285 8 10 0.368
449 323 7 9 0.360
435 342 8 10 0.358
880 237 11 15 0.355
615 281 9 11 0.355
161 393 8 9 0.352
231 376 7 9 0.335
470 358 8 12 0.332
347 331 7 8 0.322
1005 143 12 14 0.316
364 331 8 10 0.314
1 420 7 9 0.312
350 350 8 10 0.311
553 241 7 8 0.311
385 392 10 12 0.309
314 351 7 9 0.300
452 290 7 8 0.298
469 316 8 10 0.285
578 243 8 10 0.282
15 421 8 10 0.280
616 228 8 11 0.276
741 212 10 12 0.271
529 292 7 9 0.271
245 383 8 10 0.270
484 296 7 9 0.270
49 405 7 8 0.267
391 310 7 8 0.267
493 261 6 8 0.260
1012 282 12 22 0.258
684 449 19 24 0.256
868 483 16 22 0.251
463 345 9 12 0.250
191 413 8 10 0.247
682 252 9 12 0.244
547 282 8 10 0.240
324 333 6 8 0.226
319 365 7 9 0.226
616 293 10 14 0.222
389 393 9 12 0.219
500 422 14 18 0.217
407 386 9 13 0.216
662 286 11 15 0.213
200 388 7 8 0.207
130 430 12 13 0.207
563 350 12 16 0.205
287 342 6 7 0.200
131 388 6 7 0.188
661 279 11 14 0.186
459 311 7 9 0.181
334 308 6 7 0.176
425 452 12 15 0.174
531 291 8 10 0.172
266 338 6 7 0.171
413 316 6 8 0.170
817 213 10 15 0.169
854 196 12 15 0.166
592 234 7 10 0.166
147 395 7 8 0.164
217 343 5 6 0.161
724 279 11 15 0.159
699 348 14 18 0.158
167 370 6 7 0.158
455 271 6 7 0.156
947 154 11 15 0.150
154 368 5 6 0.149
500 310 7 10 0.147
255 370 7 8 0.143
250 332 6 7 0.142
37 435 8 11 0.136
108 389 6 7 0.133
200 362 6 7 0.131
400 343 7 9 0.130
318 367 7 10 0.129
248 382 7 10 0.129
411 317 6 8 0.128
275 368 7 8 0.127
378 324 7 9 0.126
561 353 12 16 0.126
1018 337 6 24 0.123
115 378 5 6 0.121
181 375 7 9 0.121
671 329 11 14 0.120
245 340 6 8 0.119
295 399 9 12 0.118
157 393 8 9 0.118
315 380 8 10 0.117
356 407 9 15 0.116
70 434 12 14 0.116
411 272 6 7 0.115
391 278 6 6 0.114
239 364 6 8 0.114
299 336 6 7 0.114
359 375 9 12 0.113
694 484 18 24 0.113
338 367 9 12 0.113
532 250 8 10 0.111
303 337 6 8 0.111
400 339 7 10 0.110
268 338 6 8 0.110
406 292 6 7 0.110
313 313 6 7 0.110
391 312 7 9 0.109
423 338 10 12 0.108
719 248 10 15 0.105
141 475 12 18 0.102
514 256 7 8 0.102
976 330 16 22 0.102
591 220 8 10 0.102
549 279 8 11 0.100
500 303 8 10 0.099
13 392 6 8 0.099
185 366 5 7 0.099
466 349 9 13 0.098
535 251 8 9 0.098
363 369 9 11 0.094
418 331 9 12 0.094
460 345 9 11 0.091
572 330 11 15 0.089
567 345 11 16 0.089
254 372 7 9 0.089
332 325 6 7 0.088
635 302 10 13 0.087
100 443 12 17 0.087
163 392 7 9 0.087
374 308 5 7 0.087
293 367 7 9 0.083
518 335 10 13 0.081
1018 219 6 19 0.081
244 338 6 7 0.080
970 312 15 19 0.080
940 110 10 13 0.079
215 344 6 7 0.078
144 394 6 8 0.078
264 339 6 7 0.077
675 256 10 13 0.077
453 269 6 7 0.076
73 401 10 11 0.076
361 366 8 12 0.076
51 436 9 12 0.075
183 389 7 9 0.075
602 237 8 10 0.074
203 387 6 8 0.074
473 382 12 15 0.070
498 285 7 8 0.070
930 288 14 18 0.069
404 291 6 7 0.068
243 343 6 7 0.068
702 485 19 24 0.065
70 440 11 13 0.064
771 439 19 22 0.063
337 347 7 9 0.063
372 307 6 7 0.063
494 329 8 12 0.063
96 395 6 7 0.061
115 397 7 8 0.061
923 279 13 18 0.059
214 343 5 6 0.058
1018 309 6 22 0.058
237 455 13 20 0.054
354 372 9 12 0.054
219 356 6 7 0.051
139 373 5 6 0.051
604 235 9 11 0.050
504 308 8 11 0.050
94 405 8 9 0.050
409 292 6 7 0.050
95 398 6 9 0.049
594 219 8 10 0.049
614 231 9 11 0.049
487 227 6 8 0.049
97 407 7 10 0.049
450 320 8 11 0.048
926 281 15 19 0.047
317 375 9 11 0.046
275 322 6 7 0.046
419 316 8 10 0.046
294 319 6 7 0.045
452 429 11 16 0.045
430 271 6 7 0.045
575 219 7 10 0.044
274 400 9 12 0.044
516 256 9 9 0.044
684 349 12 14 0.044
971 264 14 18 0.043
351 309 5 6 0.043
480 288 6 9 0.042
133 402 7 8 0.042
29 401 7 9 0.041
298 343 8 10 0.041
477 379 9 14 0.041
690 235 8 11 0.041
352 374 9 12 0.041
399 346 8 11 0.040
548 370 11 14 0.040
383 388 9 11 0.040
725 227 10 12 0.040
350 307 5 6 0.039
545 279 8 10 0.039
349 442 12 17 0.039
711 485 17 23 0.037
801 292 13 15 0.037
981 262 15 18 0.037
299 399 8 12 0.036
151 369 5 6 0.036
273 381 8 9 0.035
276 382 7 10 0.035
676 227 8 11 0.035
704 290 10 14 0.035
666 452 17 25 0.035
285 356 6 8 0.035
174 422 8 11 0.034
191 366 6 7 0.034
684 214 8 10 0.034
752 192 10 13 0.034
454 288 6 8 0.033
559 344 12 15 0.033
751 291 10 13 0.032
788 214 11 14 0.032
577 219 8 9 0.031
433 285 6 8 0.031
286 302 5 5 0.031
254 330 6 7 0.031
545 252 7 9 0.030
250 411 9 11 0.029
298 301 5 6 0.029
726 286 13 16 0.028
389 307 6 8 0.028
275 320 5 7 0.028
675 459 17 24 0.028
683 218 8 11 0.028
453 269 8 10 0.027
327 294 4 5 0.027
905 214 11 13 0.027
778 446 22 31 0.026
109 386 8 9 0.026
663 449 16 22 0.026
206 374 6 7 0.025
951 155 10 13 0.025
972 193 13 16 0.024
420 339 11 15 0.024
173 427 8 11 0.024
662 239 9 11 0.024
477 278 6 9 0.024
388 456 11 14 0.023
746 213 10 14 0.023
114 384 6 8 0.023
178 373 8 10 0.023
326 295 5 6 0.023
426 405 8 12 0.022
284 301 4 6 0.022
482 251 6 7 0.022
917 278 14 20 0.022
753 288 10 13 0.021
58 397 6 7 0.021
116 393 9 9 0.021
578 241 11 14 0.021
199 357 5 7 0.021
467 359 8 13 0.020
435 286 6 8 0.020
296 302 5 6 0.020
433 271 6 7 0.020
307 301 5 5 0.020
456 408 10 13 0.020
280 322 6 6 0.020
499 263 6 9 0.020
116 399 7 8 0.019
747 286 10 12 0.019
68 432 10 13 0.019
668 460 17 24 0.019
367 302 5 6 0.019
748 183 10 13 0.019
468 263 6 7 0.019
246 426 11 13 0.018
277 404 10 13 0.018
564 295 8 11 0.018
942 108 11 13 0.018
573 315 10 17 0.017
442 354 10 12 0.017
269 398 8 11 0.017
197 362 8 9 0.017
942 356 17 24 0.017
39 433 8 10 0.016
247 421 9 14 0.016
499 235 6 8 0.016
955 343 18 25 0.016
722 278 9 12 0.016
216 429 8 12 0.016
429 268 6 7 0.016
281 361 8 11 0.016
580 328 10 13 0.016
682 578 23 31 0.015
92 447 13 17 0.015
697 327 11 15 0.014
1014 340 10 25 0.014
975 316 15 20 0.014
51 417 8 11 0.014
592 215 7 9 0.014
754 298 10 14 0.014
606 335 9 13 0.014
444 247 5 7 0.014
685 482 18 23 0.014
299 377 7 10 0.014
510 260 6 9 0.014
987 328 15 20 0.014
173 419 7 9 0.013
249 418 10 13 0.013
352 404 10 14 0.013
386 331 6 8 0.013
137 403 8 9 0.013
497 390 12 16 0.013
918 165 11 16 0.013
73 431 11 14 0.012
381 347 8 11 0.012
474 337 7 10 0.012
70 395 6 7 0.012
544 349 11 15 0.012
484 249 6 8 0.012
216 344 7 9 0.012
422 453 11 15 0.012
321 457 14 19 0.011
1016 269 8 18 0.011
422 295 6 8 0.011
825 230 10 13 0.011
592 299 7 9 0.011
785 214 9 12 0.011
224 381 7 8 0.010
67 444 11 13 0.010
476 261 6 7 0.010
5 426 7 10 0.010
404 218 7 8 0.010
689 452 19 23 0.010
412 269 6 7 0.010
