35_Basketball_playingbasketball_35_495
267
822 819 67 75 0.827
547 402 87 76 0.820
343 756 61 72 0.817
4 771 88 85 0.773
738 1058 24 31 0.746
234 1155 25 33 0.728
205 965 25 30 0.720
253 1105 24 28 0.704
742 989 24 31 0.700
173 1116 25 34 0.697
1002 1094 22 29 0.691
972 895 21 25 0.684
670 984 21 28 0.683
685 960 22 27 0.680
723 849 18 23 0.678
263 772 20 24 0.675
906 814 20 25 0.673
772 856 18 23 0.673
182 923 23 29 0.672
835 793 18 22 0.670
170 631 17 24 0.667
784 817 18 23 0.659
728 812 20 25 0.657
988 693 17 22 0.654
207 608 17 21 0.654
793 755 17 21 0.642
225 741 21 27 0.641
739 750 17 23 0.641
287 579 16 20 0.639
951 829 16 21 0.638
232 638 18 22 0.636
831 630 16 20 0.636
284 670 18 23 0.634
943 791 18 23 0.631
1009 899 16 22 0.631
676 821 19 24 0.629
844 604 16 20 0.627
947 863 17 22 0.627
168 567 17 22 0.625
221 586 15 19 0.622
109 627 18 22 0.622
244 704 19 23 0.622
710 620 16 21 0.621
590 684 17 23 0.621
289 703 18 23 0.621
175 704 20 25 0.617
661 857 20 22 0.616
819 656 16 20 0.615
804 726 16 20 0.615
963 737 16 21 0.615
741 598 16 21 0.613
862 763 16 21 0.607
694 751 17 23 0.607
261 604 17 22 0.603
338 735 20 25 0.601
936 694 15 21 0.598
594 710 17 23 0.595
871 659 16 21 0.595
690 691 15 22 0.593
202 433 15 20 0.588
106 572 17 22 0.588
766 895 20 24 0.588
348 473 16 20 0.580
304 633 17 21 0.580
46 567 16 21 0.576
722 900 18 22 0.574
920 670 16 21 0.572
679 438 16 19 0.559
790 645 15 19 0.559
348 716 17 22 0.558
1006 1197 19 28 0.555
994 606 15 20 0.555
287 743 19 21 0.555
945 629 16 21 0.554
975 841 16 19 0.552
136 675 17 19 0.537
867 729 18 22 0.531
936 604 15 19 0.527
735 790 17 22 0.525
143 435 15 20 0.523
1013 833 13 19 0.510
289 449 16 22 0.505
319 612 17 20 0.501
351 578 15 19 0.499
766 452 16 19 0.482
999 760 16 20 0.481
984 637 16 19 0.481
359 423 16 20 0.479
864 703 15 19 0.476
219 458 14 20 0.455
993 658 16 21 0.452
124 444 15 19 0.448
700 721 16 20 0.448
857 483 13 16 0.439
1007 444 14 19 0.439
704 471 17 23 0.426
697 791 18 22 0.414
729 659 16 19 0.412
521 152 16 19 0.393
934 731 17 20 0.368
165 1214 23 17 0.362
601 646 18 22 0.328
3 444 13 21 0.322
658 801 19 24 0.320
53 446 15 18 0.312
779 490 15 16 0.311
875 629 15 19 0.307
239 481 15 19 0.303
679 171 16 22 0.289
191 480 14 18 0.289
796 78 17 21 0.285
606 62 17 22 0.283
883 690 14 18 0.254
795 705 14 18 0.243
720 1087 22 28 0.237
628 160 17 20 0.223
898 512 15 17 0.223
893 678 14 17 0.217
86 472 16 20 0.187
912 1007 17 21 0.176
579 173 15 18 0.165
844 766 15 17 0.162
1009 991 16 25 0.151
445 478 16 22 0.151
375 457 16 20 0.150
767 971 21 25 0.147
48 626 19 22 0.143
1 418 10 19 0.140
597 794 19 24 0.137
866 88 17 21 0.136
698 182 16 21 0.134
746 659 15 19 0.133
887 684 15 19 0.131
1017 959 13 24 0.128
367 640 17 23 0.126
833 73 16 20 0.110
55 627 17 21 0.108
85 844 24 31 0.101
929 1190 28 36 0.096
323 674 17 21 0.096
808 819 12 18 0.096
910 676 17 20 0.091
55 441 15 18 0.087
200 1068 24 29 0.085
985 876 16 20 0.084
701 654 17 20 0.083
837 195 17 21 0.083
752 8 16 20 0.083
165 611 16 19 0.075
589 790 21 26 0.070
161 492 14 17 0.068
127 617 16 22 0.065
160 607 18 21 0.063
876 700 15 20 0.063
807 76 18 20 0.061
738 786 18 21 0.060
563 1032 17 20 0.060
43 461 16 20 0.058
265 693 17 21 0.058
825 773 14 17 0.055
886 708 16 20 0.055
62 411 14 19 0.055
655 481 13 16 0.055
664 141 16 20 0.054
999 656 14 20 0.053
799 749 17 20 0.050
609 129 16 22 0.048
6 443 14 21 0.046
607 794 16 22 0.045
677 81 20 24 0.042
902 816 17 21 0.042
669 1 19 22 0.041
61 436 15 18 0.039
753 827 17 21 0.039
566 1005 20 25 0.037
183 1089 21 25 0.036
761 974 18 23 0.035
359 453 16 20 0.035
735 991 19 26 0.032
62 417 14 19 0.032
290 821 20 25 0.031
562 754 20 23 0.031
899 771 17 20 0.030
522 179 16 18 0.030
969 734 16 21 0.030
171 608 16 20 0.029
525 477 20 24 0.029
248 1029 25 32 0.029
39 622 18 21 0.028
185 463 14 18 0.028
263 836 20 25 0.028
841 659 15 20 0.027
361 646 19 26 0.027
600 800 18 24 0.027
683 436 15 19 0.025
730 899 18 20 0.025
60 632 16 19 0.024
611 817 16 23 0.024
253 1022 28 33 0.024
707 721 16 20 0.023
145 591 16 21 0.022
591 798 20 25 0.021
1004 891 15 23 0.021
894 860 21 23 0.021
910 1015 21 24 0.020
898 517 15 18 0.019
877 763 16 20 0.019
258 1081 22 28 0.019
603 633 17 25 0.019
354 970 45 58 0.018
781 183 16 19 0.018
722 996 17 20 0.018
855 506 14 16 0.018
884 861 22 27 0.017
976 935 16 22 0.017
14 978 20 21 0.017
742 1167 21 28 0.017
608 619 15 20 0.017
789 898 17 20 0.017
883 760 15 21 0.016
761 704 17 19 0.016
903 858 20 25 0.016
663 843 19 24 0.016
811 824 12 17 0.016
1018 1027 13 26 0.016
589 717 19 24 0.016
773 968 22 26 0.016
784 494 14 16 0.015
131 1219 22 13 0.015
170 752 16 21 0.015
988 867 16 21 0.015
360 603 15 20 0.015
656 484 14 18 0.015
987 738 16 18 0.014
1013 1026 14 23 0.014
228 633 17 22 0.014
996 737 14 17 0.014
1008 958 16 23 0.013
1002 858 15 20 0.013
799 703 13 18 0.013
786 207 15 18 0.013
1012 878 12 19 0.013
929 783 18 21 0.013
255 1035 23 30 0.013
60 968 20 21 0.013
1003 880 15 19 0.013
329 794 17 26 0.012
593 639 19 27 0.012
329 787 27 35 0.012
700 31 19 21 0.012
714 1085 21 26 0.012
182 701 18 25 0.012
584 792 20 28 0.012
231 1127 21 24 0.012
975 847 17 21 0.012
904 774 15 19 0.012
738 896 17 21 0.011
909 863 17 22 0.011
77 847 30 39 0.011
127 610 16 21 0.011
216 697 15 20 0.011
1013 935 13 20 0.011
99 628 16 21 0.010
656 475 12 15 0.010
998 990 18 25 0.010
750 821 16 21 0.010
747 11 17 23 0.010
