35_Basketball_basketballgame_ball_35_998
72
679 59 55 79 0.807
353 314 40 59 0.804
339 91 54 83 0.803
43 390 41 50 0.795
911 278 48 67 0.784
0 310 25 42 0.767
64 279 34 41 0.763
124 285 34 49 0.726
458 68 54 70 0.598
38 205 31 42 0.571
815 309 39 62 0.516
387 180 39 52 0.386
108 108 32 42 0.359
389 83 45 57 0.219
157 -1 36 36 0.179
910 196 41 51 0.173
500 338 40 41 0.167
321 407 30 39 0.156
72 0 45 49 0.149
0 249 13 36 0.142
182 129 37 48 0.129
439 137 38 48 0.086
23 158 29 37 0.083
501 -1 40 46 0.077
280 -1 33 38 0.067
1 402 25 38 0.066
196 77 35 42 0.057
523 350 42 36 0.053
119 -2 28 28 0.050
252 48 33 45 0.045
871 299 35 52 0.044
501 31 38 48 0.043
402 1 33 42 0.040
321 -1 32 34 0.037
714 424 40 43 0.036
298 -1 36 34 0.035
818 46 30 41 0.029
271 77 42 52 0.028
172 120 31 42 0.027
247 -3 31 31 0.024
116 367 32 40 0.024
567 -3 37 31 0.022
7 213 22 38 0.021
147 231 31 42 0.021
584 53 31 42 0.020
315 43 34 41 0.019
453 -3 35 32 0.019
264 62 43 54 0.019
587 0 34 38 0.018
205 -2 29 28 0.017
29 144 31 38 0.017
232 -3 32 34 0.017
511 -3 36 35 0.016
682 -2 35 36 0.016
560 137 42 55 0.016
567 125 32 44 0.015
964 145 34 44 0.014
458 95 44 52 0.014
964 159 37 47 0.013
258 42 36 43 0.013
496 17 40 46 0.013
502 349 48 39 0.013
920 0 39 42 0.012
166 15 41 48 0.012
976 279 30 50 0.011
772 51 43 54 0.011
102 89 38 53 0.011
22 120 31 37 0.010
467 428 33 39 0.010
72 15 40 47 0.010
475 221 34 44 0.010
643 28 32 45 0.010
