36_Football_americanfootball_ball_36_257
29
69 226 75 91 0.872
428 193 65 73 0.864
629 135 55 66 0.856
863 157 84 111 0.822
102 171 54 65 0.805
502 212 36 47 0.793
291 176 51 62 0.787
386 193 32 48 0.735
779 202 59 69 0.730
60 182 26 34 0.633
1006 156 18 65 0.462
196 182 31 40 0.444
950 189 43 61 0.274
756 229 31 42 0.247
427 184 50 61 0.145
24 176 26 35 0.065
428 178 33 46 0.063
0 188 20 68 0.047
988 160 35 64 0.045
226 195 39 50 0.031
210 186 40 47 0.031
17 174 23 47 0.030
762 223 38 45 0.030
69 181 24 32 0.026
64 184 34 39 0.023
34 176 20 27 0.022
25 174 37 56 0.021
1010 144 15 58 0.012
1007 221 17 63 0.010
