36_Football_Football_36_138
60
747 129 24 32 0.775
132 54 26 37 0.767
644 217 23 27 0.752
879 83 29 39 0.742
407 215 22 30 0.712
292 82 21 37 0.648
540 229 17 29 0.598
523 203 10 15 0.509
556 199 14 18 0.494
862 76 12 15 0.432
386 189 8 10 0.420
325 199 9 21 0.397
452 189 13 16 0.363
683 198 11 14 0.254
594 209 9 15 0.244
837 262 21 19 0.240
980 72 15 18 0.223
667 115 18 22 0.211
468 210 14 17 0.196
90 24 8 10 0.194
378 173 6 8 0.186
42 26 11 13 0.104
426 210 12 17 0.094
924 88 13 17 0.090
719 185 10 17 0.089
851 260 17 20 0.087
491 188 7 9 0.085
446 206 10 15 0.083
544 202 8 9 0.075
842 127 11 13 0.064
450 198 11 16 0.063
669 111 24 26 0.062
443 180 7 10 0.060
926 81 14 16 0.053
863 147 7 10 0.053
764 251 15 14 0.035
444 185 10 12 0.033
678 199 11 14 0.027
866 81 18 25 0.026
978 76 12 16 0.025
138 26 6 8 0.024
493 186 7 10 0.022
391 186 6 9 0.020
844 130 10 13 0.020
911 147 22 36 0.019
571 195 9 13 0.019
842 257 23 21 0.018
573 197 10 15 0.017
414 184 7 8 0.017
328 199 8 15 0.017
486 190 8 11 0.016
922 91 10 14 0.016
39 26 10 12 0.014
321 199 10 24 0.013
984 63 16 24 0.013
643 219 17 20 0.013
438 195 9 14 0.012
497 310 21 23 0.012
518 200 9 15 0.012
928 91 14 18 0.010
