36_Football_Football_36_157
286
609 240 26 31 0.769
412 138 18 24 0.749
163 201 22 26 0.748
856 0 18 20 0.745
661 252 21 24 0.744
616 72 20 25 0.742
75 195 20 24 0.739
906 217 24 29 0.735
0 182 17 23 0.732
186 183 21 25 0.730
610 141 20 27 0.723
157 175 20 25 0.723
303 157 21 25 0.720
755 116 19 24 0.720
426 262 20 24 0.720
97 238 20 25 0.718
393 79 20 24 0.717
229 172 20 23 0.712
906 166 21 24 0.708
432 217 19 25 0.708
509 174 19 24 0.707
535 74 21 27 0.706
740 217 28 31 0.703
42 254 22 27 0.702
970 23 18 23 0.700
51 128 19 24 0.699
669 32 20 24 0.698
144 95 19 24 0.698
90 105 16 20 0.696
584 187 20 23 0.696
877 170 21 27 0.695
846 48 19 23 0.695
543 27 19 24 0.694
479 119 20 26 0.694
340 101 18 23 0.693
271 163 18 19 0.693
545 107 18 24 0.692
460 30 21 28 0.692
199 0 18 20 0.692
579 83 19 23 0.691
44 186 19 21 0.691
963 136 19 23 0.689
642 0 17 16 0.687
524 111 18 22 0.687
151 149 20 24 0.687
788 173 20 25 0.687
344 132 20 25 0.686
787 55 18 23 0.684
112 135 18 22 0.684
501 246 22 29 0.684
300 212 21 24 0.679
120 110 18 22 0.678
335 176 20 25 0.676
891 125 18 22 0.675
494 6 16 22 0.670
899 23 19 25 0.670
545 192 18 22 0.665
580 3 20 26 0.664
904 103 17 22 0.662
436 347 22 30 0.658
144 268 18 23 0.658
392 194 35 39 0.657
869 84 22 28 0.657
419 0 19 18 0.654
179 94 18 23 0.652
285 133 18 24 0.650
615 39 21 23 0.650
425 97 19 22 0.649
566 103 19 25 0.648
831 106 18 22 0.645
566 131 17 22 0.644
80 147 18 22 0.644
515 52 18 24 0.643
295 91 17 21 0.642
383 127 17 21 0.639
455 102 15 19 0.638
248 115 18 23 0.634
412 53 19 21 0.633
233 76 21 26 0.633
984 244 22 26 0.633
783 110 19 22 0.613
978 196 17 23 0.612
247 190 20 22 0.609
633 192 21 24 0.604
115 199 18 22 0.595
104 169 18 21 0.591
240 253 24 28 0.591
218 158 17 21 0.584
336 39 21 24 0.584
356 173 20 23 0.579
488 83 19 22 0.579
361 115 18 21 0.575
408 117 19 21 0.574
901 84 19 21 0.572
515 145 18 20 0.570
349 3 18 20 0.569
980 158 14 22 0.563
819 16 15 20 0.550
321 79 20 23 0.550
839 187 18 22 0.545
309 254 23 26 0.541
733 47 19 22 0.533
272 42 19 22 0.531
667 169 17 22 0.529
944 94 17 22 0.517
331 149 16 19 0.514
231 125 16 20 0.509
91 133 17 22 0.497
265 25 18 20 0.496
31 153 18 20 0.494
440 162 19 23 0.490
585 156 19 22 0.485
16 117 17 22 0.483
898 192 17 20 0.483
753 186 21 25 0.477
239 149 18 20 0.476
815 104 16 20 0.472
0 143 13 19 0.461
14 102 16 20 0.447
98 7 16 18 0.443
187 145 18 20 0.410
1009 88 15 21 0.407
991 0 19 9 0.390
1 128 13 19 0.370
561 0 17 7 0.369
303 114 19 22 0.362
32 123 14 19 0.340
732 119 18 23 0.333
12 166 17 22 0.322
936 165 17 20 0.321
385 110 17 20 0.312
698 16 17 20 0.309
851 163 18 23 0.309
485 353 24 30 0.307
495 352 28 32 0.304
215 265 19 23 0.290
480 89 19 22 0.247
328 0 16 7 0.239
590 138 19 22 0.223
23 217 18 22 0.223
637 172 19 22 0.220
152 18 16 16 0.207
704 142 18 22 0.206
0 58 6 23 0.206
278 182 17 21 0.206
754 0 17 13 0.184
189 163 17 19 0.175
203 92 14 18 0.171
854 186 15 20 0.158
484 204 17 21 0.156
40 18 17 19 0.152
333 152 17 21 0.151
414 111 19 24 0.146
299 103 20 24 0.141
0 105 8 18 0.137
145 0 18 5 0.129
770 210 19 24 0.126
251 172 16 19 0.124
502 127 16 20 0.122
794 0 14 10 0.121
937 172 18 22 0.115
275 174 17 21 0.113
482 356 17 23 0.113
56 115 14 17 0.110
790 236 30 33 0.104
1002 196 16 22 0.102
583 136 19 23 0.101
303 129 16 22 0.099
166 62 17 19 0.099
234 233 19 25 0.095
673 13 17 21 0.094
693 29 17 24 0.094
151 29 18 21 0.094
713 164 18 24 0.090
581 152 19 23 0.088
765 147 18 22 0.084
272 355 36 37 0.082
948 0 16 12 0.081
2 208 16 22 0.080
521 0 17 6 0.078
338 164 17 20 0.078
637 154 16 18 0.076
968 97 13 18 0.075
331 123 14 18 0.074
931 5 17 20 0.072
477 98 18 21 0.068
625 323 35 38 0.065
363 96 17 20 0.064
772 204 16 20 0.063
390 370 32 35 0.055
450 167 17 20 0.054
789 0 16 14 0.053
133 240 19 22 0.053
0 236 13 23 0.051
731 17 18 20 0.049
11 211 18 24 0.049
963 172 18 23 0.048
925 6 16 20 0.048
972 235 18 24 0.048
725 119 19 23 0.048
320 67 18 22 0.046
198 162 16 19 0.045
98 0 16 13 0.045
999 0 16 8 0.044
485 196 16 19 0.043
950 188 18 22 0.043
418 6 18 19 0.043
941 3 17 17 0.043
440 156 16 21 0.042
712 0 16 8 0.042
148 4 18 12 0.041
224 165 18 23 0.041
787 239 21 24 0.041
950 17 14 20 0.038
958 95 17 20 0.038
149 43 17 21 0.036
18 168 17 22 0.035
103 0 16 11 0.034
679 3 17 17 0.033
1010 77 13 24 0.032
217 275 18 22 0.031
777 10 17 21 0.030
552 175 16 20 0.030
389 134 19 22 0.029
69 254 16 23 0.028
482 209 16 21 0.025
798 241 32 40 0.025
682 125 19 23 0.025
452 0 15 6 0.025
1015 104 9 22 0.024
198 89 16 20 0.024
955 100 19 23 0.023
930 11 18 22 0.023
276 154 17 22 0.022
418 13 17 20 0.022
1011 69 11 24 0.022
473 453 23 15 0.021
821 189 18 20 0.021
150 20 20 24 0.021
517 0 15 7 0.020
490 1 15 18 0.020
617 339 31 30 0.020
768 5 17 21 0.019
783 244 19 22 0.019
273 201 17 22 0.019
164 126 18 21 0.018
739 10 17 21 0.018
152 52 16 19 0.018
864 135 17 20 0.018
955 192 17 22 0.018
325 -1 19 13 0.018
0 47 9 23 0.017
640 165 18 21 0.016
628 339 33 32 0.015
427 347 24 29 0.015
614 80 20 25 0.015
817 112 16 20 0.015
162 91 15 20 0.014
187 239 18 23 0.014
637 162 16 20 0.014
981 0 14 8 0.013
252 148 16 19 0.013
23 128 17 21 0.013
0 31 6 18 0.013
316 73 19 23 0.013
569 148 18 22 0.013
38 0 16 13 0.013
1018 43 6 21 0.013
286 0 17 7 0.012
692 135 18 22 0.012
526 0 17 7 0.012
751 103 16 20 0.012
825 1 16 13 0.012
498 344 35 44 0.012
983 234 20 24 0.012
59 111 14 15 0.012
399 364 29 34 0.012
704 11 16 19 0.011
321 87 18 22 0.011
637 -1 16 14 0.011
154 80 16 19 0.011
382 155 14 17 0.011
42 129 17 22 0.011
631 140 17 22 0.010
1013 206 11 21 0.010
594 132 17 22 0.010
