36_Football_americanfootball_ball_36_6
60
476 241 40 47 0.742
611 252 16 19 0.740
597 214 14 17 0.695
613 164 13 16 0.694
354 269 15 17 0.692
408 156 14 18 0.684
26 152 14 18 0.683
807 123 38 43 0.677
301 171 13 18 0.675
357 169 13 15 0.667
567 123 13 16 0.662
400 194 13 17 0.661
127 103 33 43 0.659
995 148 14 16 0.659
653 160 13 17 0.648
252 167 14 15 0.647
251 271 16 18 0.643
444 198 19 20 0.641
376 217 14 16 0.634
939 152 14 18 0.625
647 230 14 15 0.607
493 195 14 16 0.591
574 270 14 16 0.579
449 177 14 14 0.547
970 256 14 18 0.545
495 171 13 15 0.543
1017 208 7 19 0.534
541 211 24 29 0.489
165 160 33 36 0.363
772 135 32 38 0.336
862 153 32 33 0.298
959 216 14 15 0.113
28 319 10 11 0.084
894 153 13 17 0.076
0 238 7 14 0.067
508 203 12 15 0.063
971 221 13 12 0.061
641 328 15 20 0.058
0 206 6 16 0.057
990 222 10 13 0.055
558 298 14 16 0.046
880 153 18 20 0.039
501 171 13 15 0.033
268 233 10 11 0.031
714 156 13 15 0.024
548 213 20 21 0.022
537 205 34 43 0.022
379 220 13 15 0.021
899 152 11 15 0.021
576 197 11 14 0.019
949 245 12 16 0.019
992 150 12 13 0.016
711 160 15 16 0.016
975 255 13 16 0.015
993 266 11 13 0.014
852 154 36 41 0.014
452 180 13 16 0.014
466 256 42 48 0.013
160 151 33 37 0.011
51 207 9 11 0.011
