37_Soccer_Soccer_37_651
67
496 306 29 40 0.794
905 294 28 39 0.792
103 222 37 44 0.761
304 216 28 41 0.711
5 214 25 39 0.696
738 22 15 16 0.390
1013 328 11 34 0.252
732 173 17 18 0.218
584 177 18 22 0.211
1008 3 14 15 0.198
674 127 16 17 0.191
567 122 16 17 0.096
1012 134 12 21 0.092
828 173 17 20 0.079
807 117 17 19 0.077
126 2 19 23 0.068
599 4 15 17 0.068
547 9 14 15 0.061
254 219 23 31 0.058
809 87 15 17 0.056
648 93 18 20 0.055
734 123 16 18 0.051
604 87 15 19 0.050
699 0 14 6 0.046
662 158 17 21 0.046
653 11 15 19 0.044
656 8 15 18 0.041
980 42 16 18 0.041
560 337 17 22 0.039
533 196 15 19 0.032
659 1 15 15 0.031
942 0 17 5 0.031
1013 144 11 21 0.031
935 0 17 7 0.030
595 6 16 17 0.028
807 109 16 18 0.027
703 91 17 19 0.027
645 89 17 19 0.025
1012 122 11 20 0.024
493 0 12 10 0.023
644 0 14 7 0.022
253 1 15 14 0.022
32 20 16 19 0.021
846 130 14 17 0.021
1014 118 9 17 0.021
398 251 23 31 0.019
190 224 21 25 0.019
974 90 15 18 0.018
668 126 17 19 0.017
743 21 14 16 0.016
566 84 14 17 0.015
602 9 16 17 0.014
1015 323 9 27 0.014
749 71 14 18 0.013
627 0 14 6 0.013
80 230 26 30 0.013
950 0 15 6 0.012
602 1 16 14 0.012
467 490 30 32 0.012
516 39 15 17 0.012
158 234 24 29 0.012
805 87 13 16 0.012
364 3 16 15 0.012
815 86 13 15 0.011
927 0 14 10 0.011
585 2 13 12 0.011
565 115 16 19 0.010
