37_Soccer_soccer_ball_37_692
37
658 261 10 13 0.609
620 260 10 13 0.584
578 262 10 13 0.527
461 265 9 11 0.518
79 271 11 13 0.479
459 208 7 8 0.405
573 256 9 12 0.402
75 255 9 11 0.397
296 210 6 8 0.386
323 211 5 7 0.167
456 208 7 9 0.134
571 255 8 11 0.131
234 183 5 7 0.130
236 183 5 7 0.092
857 640 27 29 0.083
325 211 5 7 0.070
124 153 7 8 0.045
462 262 9 11 0.045
532 185 6 8 0.034
110 143 5 6 0.029
987 94 7 9 0.027
0 69 6 8 0.023
56 102 6 8 0.023
72 254 9 11 0.018
224 90 5 6 0.018
188 109 6 7 0.017
320 237 5 7 0.017
0 84 6 9 0.016
58 101 5 7 0.015
232 183 8 9 0.014
95 149 6 6 0.014
998 117 8 10 0.013
885 187 7 8 0.013
53 102 6 8 0.012
31 60 6 7 0.012
191 110 5 7 0.012
739 730 26 38 0.011
