37_Soccer_soccer_ball_37_114
26
644 353 33 42 0.829
758 363 34 42 0.829
264 360 33 43 0.825
136 366 35 43 0.819
506 344 31 43 0.818
385 348 33 42 0.817
774 253 29 35 0.815
366 159 28 37 0.812
412 242 30 35 0.811
833 161 29 34 0.809
501 232 29 36 0.807
684 256 28 37 0.805
241 258 28 36 0.804
443 152 27 33 0.802
126 148 28 34 0.800
892 250 31 41 0.798
326 244 31 36 0.797
604 274 28 35 0.793
161 259 29 34 0.792
740 155 29 37 0.790
219 176 29 32 0.790
610 154 29 36 0.789
675 155 28 32 0.787
293 164 26 33 0.786
521 152 28 30 0.784
73 254 29 32 0.778
