37_Soccer_soccer_ball_37_720
55
451 29 43 60 0.821
859 185 28 34 0.797
123 103 40 57 0.796
712 258 21 30 0.768
581 347 15 20 0.720
516 337 16 20 0.704
303 482 7 8 0.345
825 429 7 9 0.297
147 511 6 8 0.247
392 491 6 7 0.217
154 529 7 9 0.185
202 550 6 8 0.111
27 519 6 7 0.085
9 500 6 7 0.063
6 524 6 8 0.050
32 518 6 8 0.046
24 502 7 8 0.042
306 483 6 8 0.041
8 426 7 9 0.038
14 550 6 9 0.037
39 500 6 9 0.036
151 525 8 10 0.029
13 549 6 8 0.028
165 545 6 7 0.028
88 500 6 8 0.028
11 424 7 9 0.027
77 520 7 8 0.026
170 524 6 8 0.026
199 548 8 10 0.026
20 504 7 8 0.023
93 540 6 8 0.022
90 522 6 7 0.021
375 493 6 7 0.021
835 439 7 9 0.020
373 495 6 7 0.019
77 512 7 8 0.019
133 530 6 8 0.019
143 511 6 8 0.018
220 541 6 7 0.018
1 553 7 8 0.017
372 496 5 7 0.015
78 508 5 8 0.015
93 542 6 8 0.015
197 534 6 8 0.015
168 509 6 7 0.015
174 524 6 8 0.014
236 543 6 7 0.012
85 544 7 7 0.012
95 543 7 9 0.012
79 519 8 11 0.012
367 508 5 7 0.011
150 546 6 7 0.011
196 531 6 7 0.011
390 488 7 8 0.010
11 539 7 9 0.010
