37_Soccer_soccer_ball_37_113
25
519 148 130 174 0.830
710 79 74 95 0.757
429 97 39 50 0.703
220 234 48 53 0.602
429 162 41 45 0.582
274 162 41 54 0.539
136 173 49 58 0.510
76 112 43 51 0.508
858 45 38 47 0.461
201 25 55 68 0.460
976 128 43 60 0.247
934 253 65 75 0.211
592 37 52 60 0.195
140 253 48 59 0.193
53 176 46 51 0.037
668 93 65 84 0.034
306 143 35 46 0.020
146 240 44 54 0.020
877 114 47 64 0.018
829 113 38 57 0.017
600 41 35 40 0.016
422 130 48 66 0.015
979 142 39 74 0.014
954 270 54 75 0.013
317 145 29 35 0.012
