39_Ice_Skating_iceskiing_39_901
33
663 415 28 33 0.733
297 142 38 55 0.692
570 249 16 26 0.567
802 266 13 18 0.427
663 329 10 16 0.257
457 339 14 22 0.200
963 310 12 18 0.177
916 289 13 15 0.141
884 313 13 16 0.079
913 284 13 17 0.056
777 333 9 10 0.053
872 326 11 15 0.051
659 330 11 16 0.043
871 308 11 15 0.042
694 322 8 10 0.040
820 269 15 20 0.039
880 319 14 17 0.031
832 275 15 19 0.025
825 271 16 20 0.024
451 196 16 22 0.024
565 255 17 25 0.022
692 322 7 9 0.020
663 326 10 13 0.020
869 312 11 15 0.017
774 331 9 12 0.016
836 278 14 18 0.015
920 302 15 18 0.015
509 369 14 17 0.015
886 324 13 17 0.013
967 311 12 17 0.012
825 266 15 18 0.012
472 294 14 17 0.012
868 302 14 17 0.011
