39_Ice_Skating_Ice_Skating_39_389
59
51 365 12 15 0.555
672 363 9 11 0.530
235 379 9 10 0.470
772 366 8 8 0.454
609 360 7 9 0.452
275 384 8 10 0.442
741 365 8 9 0.441
545 361 8 10 0.421
463 368 9 11 0.419
512 359 7 11 0.405
638 362 8 9 0.388
325 379 8 10 0.348
409 375 8 9 0.337
369 381 7 9 0.319
573 359 7 9 0.304
799 368 7 7 0.264
770 365 7 8 0.148
635 363 8 8 0.121
571 359 6 9 0.118
825 376 6 8 0.112
824 368 7 8 0.107
832 378 6 8 0.102
367 381 7 8 0.097
570 362 7 8 0.091
728 377 6 7 0.072
822 373 6 7 0.070
675 363 8 10 0.067
744 380 7 7 0.063
829 377 6 8 0.060
413 374 8 10 0.050
838 374 5 7 0.042
278 384 8 10 0.038
739 367 8 9 0.036
611 359 7 9 0.036
826 366 6 7 0.034
505 360 8 11 0.032
504 363 7 10 0.027
406 375 7 9 0.026
271 385 7 9 0.026
970 351 6 8 0.025
377 384 7 9 0.023
368 378 9 9 0.022
241 393 7 8 0.022
547 359 8 9 0.021
968 352 6 7 0.021
726 377 6 7 0.020
232 378 8 10 0.018
769 369 6 7 0.017
478 366 6 9 0.016
793 336 5 6 0.016
412 390 6 7 0.015
322 380 7 10 0.015
409 372 9 9 0.015
645 363 7 8 0.015
504 358 7 9 0.014
516 360 7 9 0.014
461 365 8 10 0.012
48 365 10 14 0.011
639 360 8 8 0.010
