39_Ice_Skating_Ice_Skating_39_463
87
900 736 11 13 0.550
911 759 11 14 0.541
836 739 11 14 0.540
964 772 12 14 0.536
956 726 11 14 0.529
651 743 9 11 0.485
802 750 10 13 0.472
700 708 8 9 0.359
819 768 14 15 0.357
422 703 7 9 0.305
476 705 7 8 0.188
404 703 6 8 0.155
918 688 7 8 0.133
639 692 7 8 0.118
891 672 6 7 0.116
475 703 6 9 0.090
541 710 7 10 0.087
921 689 6 8 0.087
334 709 7 7 0.085
515 704 7 8 0.084
855 728 10 13 0.081
857 677 6 7 0.076
613 704 7 8 0.065
586 711 8 9 0.063
473 708 6 7 0.059
554 703 7 8 0.058
337 687 7 8 0.053
823 765 13 16 0.052
760 664 5 6 0.051
777 660 5 6 0.050
793 658 5 5 0.048
853 665 6 6 0.048
550 705 7 9 0.047
557 703 7 8 0.044
757 666 6 6 0.041
835 680 5 6 0.040
714 670 6 8 0.040
496 698 6 8 0.037
537 710 7 8 0.036
517 702 7 9 0.035
419 703 6 8 0.034
636 694 7 8 0.033
752 672 5 7 0.033
851 678 7 7 0.032
794 661 5 6 0.030
583 710 8 9 0.029
917 686 6 8 0.028
729 676 6 7 0.028
921 686 6 8 0.027
587 713 7 9 0.026
840 736 11 13 0.025
477 694 6 8 0.025
542 737 7 8 0.025
334 685 7 9 0.024
498 698 6 7 0.024
894 672 5 7 0.023
783 660 5 5 0.022
713 670 5 7 0.021
541 714 7 10 0.020
335 693 8 9 0.020
722 673 6 8 0.020
611 706 6 8 0.020
756 667 5 6 0.019
584 713 7 9 0.018
799 668 5 6 0.018
570 706 8 9 0.017
647 746 8 10 0.017
722 712 7 9 0.016
493 698 6 7 0.016
719 711 7 9 0.016
801 748 9 12 0.016
533 667 5 6 0.015
947 734 9 12 0.015
858 677 8 10 0.015
1005 696 7 8 0.015
561 704 7 8 0.014
856 721 8 10 0.014
666 677 5 7 0.014
800 670 5 6 0.013
471 686 6 8 0.013
800 667 5 6 0.013
649 673 7 7 0.012
746 660 5 6 0.012
647 741 8 11 0.012
515 698 6 7 0.012
744 661 5 6 0.012
959 771 13 15 0.011
