39_Ice_Skating_Ice_Skating_39_794
36
50 1038 29 42 0.677
933 982 41 48 0.631
342 1013 27 28 0.609
202 1154 36 43 0.578
366 941 18 24 0.571
54 1170 41 50 0.559
566 937 16 20 0.550
331 955 15 20 0.476
701 950 18 20 0.393
627 970 17 21 0.361
993 930 17 21 0.226
61 1158 36 45 0.152
45 919 18 19 0.149
52 917 18 21 0.079
58 917 18 19 0.054
742 1013 17 19 0.054
78 991 23 26 0.048
57 983 22 26 0.047
142 807 12 14 0.028
707 946 17 20 0.026
41 921 18 20 0.025
11 809 11 13 0.025
559 938 16 19 0.023
619 551 17 21 0.022
48 975 25 28 0.020
13 918 15 18 0.020
329 959 14 19 0.019
64 915 17 19 0.016
139 805 11 14 0.015
9 920 15 19 0.013
573 937 15 20 0.013
49 1186 41 47 0.013
632 966 14 20 0.012
39 968 24 29 0.012
73 808 12 14 0.011
679 511 16 21 0.010
