3_Riot_Riot_3_415
41
841 416 29 37 0.689
137 208 22 27 0.676
518 266 21 28 0.654
799 238 15 24 0.633
391 266 23 29 0.625
713 233 17 29 0.602
977 361 18 25 0.593
655 242 15 25 0.591
657 300 20 30 0.582
288 236 19 30 0.559
441 223 18 30 0.541
749 259 19 25 0.430
553 257 15 24 0.424
212 264 21 29 0.420
312 279 23 29 0.416
144 275 16 22 0.400
907 215 17 27 0.377
511 245 20 29 0.291
893 235 17 27 0.253
510 256 20 27 0.172
217 271 20 27 0.133
1001 276 15 21 0.118
507 250 18 26 0.084
904 221 17 27 0.069
356 290 24 27 0.038
895 243 17 28 0.029
206 262 20 26 0.028
223 277 19 24 0.026
873 392 22 25 0.026
546 258 18 25 0.024
446 223 19 27 0.019
276 186 19 23 0.017
1007 280 15 21 0.017
513 264 18 28 0.015
668 344 18 25 0.015
557 253 16 24 0.015
700 304 20 27 0.014
284 245 16 30 0.012
617 310 16 28 0.011
893 359 19 25 0.011
663 301 20 27 0.010
