3_Riot_Riot_3_123
39
593 472 65 75 0.824
999 301 18 23 0.591
482 474 59 73 0.548
896 348 22 33 0.544
913 244 7 9 0.167
989 274 9 12 0.145
828 604 55 119 0.144
317 395 19 22 0.124
946 271 7 10 0.114
973 258 7 9 0.105
966 273 8 10 0.075
518 366 18 25 0.060
130 424 16 19 0.056
910 244 8 9 0.045
929 260 7 9 0.044
887 370 15 24 0.039
537 474 45 63 0.037
989 281 11 15 0.030
907 282 9 11 0.025
942 271 8 10 0.024
988 259 7 8 0.022
925 263 8 9 0.020
381 425 36 28 0.019
1018 274 6 14 0.019
950 239 6 7 0.019
954 287 9 13 0.019
910 280 9 12 0.018
917 267 8 10 0.017
361 433 32 26 0.016
919 295 10 14 0.016
892 349 19 28 0.016
915 276 9 11 0.014
956 284 9 12 0.014
946 257 7 8 0.014
235 399 23 22 0.013
912 242 7 8 0.012
912 286 10 13 0.011
932 329 18 27 0.010
886 363 22 34 0.010
