40_Gymnastics_Gymnastics_40_171
36
488 325 94 131 0.855
894 1306 35 45 0.435
907 1109 25 33 0.124
977 1059 26 33 0.123
2 1305 28 35 0.116
931 1255 27 33 0.081
785 1336 28 33 0.075
886 1053 25 30 0.071
942 1168 27 35 0.062
699 1301 29 38 0.060
613 1207 33 43 0.060
239 915 25 32 0.057
819 1220 32 41 0.047
169 937 22 29 0.045
33 859 25 32 0.045
134 897 24 32 0.042
179 877 23 31 0.039
119 967 25 29 0.038
95 1320 27 34 0.038
844 1098 23 32 0.034
938 1099 24 31 0.031
1006 1022 18 30 0.027
198 993 22 28 0.023
98 879 23 31 0.022
261 880 21 28 0.018
312 967 27 33 0.015
77 912 20 24 0.014
116 793 24 30 0.014
674 1274 26 33 0.014
0 1168 24 43 0.013
693 1180 27 34 0.013
63 764 23 31 0.013
132 849 23 26 0.013
27 1032 27 32 0.011
763 1101 28 34 0.011
326 858 20 26 0.011
