40_Gymnastics_Gymnastics_40_593
96
302 183 44 60 0.839
842 251 40 54 0.828
629 201 40 57 0.826
544 181 40 54 0.813
939 297 40 52 0.806
173 262 41 53 0.803
752 195 39 51 0.796
420 208 37 50 0.791
71 287 39 50 0.785
37 243 44 57 0.780
15 107 23 29 0.647
112 116 18 24 0.617
558 131 22 29 0.600
99 39 19 25 0.598
167 138 20 25 0.586
24 48 20 28 0.571
16 217 20 24 0.537
93 163 23 29 0.359
86 185 25 32 0.342
70 234 22 27 0.321
411 66 19 23 0.316
478 95 28 36 0.270
143 234 20 26 0.259
866 191 19 25 0.250
910 27 17 22 0.246
0 267 16 24 0.235
153 60 20 23 0.211
840 35 19 22 0.194
558 97 24 28 0.188
231 253 21 27 0.184
772 1 18 21 0.160
160 27 20 24 0.159
1013 29 11 23 0.156
231 32 18 22 0.150
710 97 23 30 0.137
792 104 19 25 0.137
624 156 21 31 0.119
708 34 21 27 0.112
930 175 18 25 0.109
415 115 22 26 0.103
549 69 22 27 0.101
947 118 18 22 0.095
944 255 22 25 0.092
0 64 7 21 0.085
76 60 16 20 0.083
236 188 17 22 0.076
639 29 20 26 0.070
697 3 18 20 0.069
362 17 18 23 0.065
506 77 17 24 0.065
155 24 19 23 0.065
300 0 23 16 0.064
379 223 24 36 0.061
971 71 18 24 0.059
650 136 20 28 0.059
243 88 21 29 0.051
281 17 18 23 0.049
572 14 23 24 0.048
627 64 23 27 0.039
15 51 18 23 0.039
642 19 16 21 0.037
437 10 18 24 0.035
39 118 15 20 0.034
644 16 13 17 0.033
834 0 22 16 0.032
354 73 23 29 0.027
635 111 23 28 0.027
749 56 20 24 0.026
108 221 18 23 0.026
601 16 14 17 0.025
108 139 17 21 0.025
659 64 18 22 0.024
865 52 20 26 0.023
664 33 15 19 0.022
633 33 20 24 0.022
331 34 19 25 0.020
554 82 27 33 0.020
83 169 34 45 0.019
458 57 19 23 0.019
621 2 18 17 0.019
32 44 20 26 0.018
330 84 22 29 0.018
696 30 15 19 0.017
699 262 25 32 0.017
776 175 25 32 0.017
437 18 19 29 0.017
983 213 24 28 0.016
74 190 35 50 0.015
385 534 18 22 0.014
162 34 19 23 0.013
629 164 20 27 0.012
978 220 23 27 0.012
364 3 20 20 0.012
500 12 19 22 0.011
566 7 27 27 0.011
28 27 16 19 0.011
