40_Gymnastics_Gymnastics_40_273
24
375 230 36 48 0.832
181 226 37 47 0.831
487 259 36 47 0.829
299 125 35 46 0.828
582 75 28 35 0.827
793 122 34 42 0.827
390 120 33 41 0.824
823 56 30 40 0.823
147 66 30 38 0.820
550 274 35 43 0.819
755 65 30 38 0.819
693 124 35 42 0.818
827 230 37 48 0.817
318 69 29 36 0.815
99 110 36 44 0.815
201 124 32 41 0.814
491 123 33 41 0.814
670 248 38 46 0.811
592 125 32 40 0.810
895 126 33 41 0.807
487 60 29 38 0.804
672 72 31 37 0.799
407 77 30 36 0.799
232 64 28 37 0.789
