40_Gymnastics_Gymnastics_40_891
29
678 488 32 39 0.824
477 386 30 34 0.814
697 336 28 35 0.811
69 306 32 38 0.809
923 359 31 39 0.808
260 281 30 35 0.807
606 389 30 41 0.805
607 485 31 37 0.804
737 498 33 40 0.801
451 305 28 33 0.800
760 332 30 35 0.800
581 320 27 34 0.799
521 480 29 38 0.797
547 379 30 37 0.796
458 477 29 35 0.796
670 281 29 36 0.795
122 298 31 38 0.795
677 392 30 40 0.794
323 295 28 35 0.791
381 287 28 36 0.791
185 311 29 35 0.790
762 413 31 34 0.785
524 304 27 34 0.785
388 483 29 33 0.784
875 350 32 40 0.728
824 334 25 34 0.716
843 346 28 33 0.705
680 301 32 43 0.013
762 362 31 45 0.011
