42_Car_Racing_Nascar_42_823
58
990 220 18 23 0.746
895 235 17 20 0.708
411 229 17 32 0.650
0 276 11 15 0.639
192 281 10 13 0.628
340 252 12 15 0.477
254 255 10 12 0.458
148 260 8 10 0.421
127 260 7 10 0.390
374 257 10 12 0.342
850 241 10 13 0.331
636 242 6 8 0.274
181 338 15 15 0.251
664 234 8 10 0.216
663 240 7 10 0.177
715 297 12 16 0.151
659 244 6 8 0.118
553 299 10 11 0.084
116 263 7 9 0.082
664 242 8 9 0.078
622 250 6 8 0.077
638 243 6 7 0.067
665 296 9 10 0.057
463 243 11 14 0.054
906 414 37 17 0.050
668 294 8 10 0.046
251 255 9 12 0.042
781 421 40 28 0.042
186 336 14 16 0.041
127 277 9 10 0.040
690 223 6 9 0.039
356 269 10 14 0.039
670 293 8 9 0.032
223 284 7 10 0.030
301 260 9 13 0.030
337 251 11 14 0.030
449 243 12 14 0.024
688 222 7 8 0.023
959 246 9 11 0.023
220 257 7 8 0.022
853 242 10 12 0.021
552 295 10 13 0.021
550 299 10 13 0.020
663 300 8 10 0.018
846 243 9 11 0.018
305 261 7 9 0.018
557 298 9 11 0.017
297 258 11 15 0.016
223 256 7 10 0.016
44 182 9 12 0.015
497 152 9 13 0.014
719 299 11 14 0.014
152 276 8 10 0.012
115 259 6 10 0.011
408 232 14 25 0.011
609 253 6 7 0.011
463 247 11 15 0.010
716 227 7 9 0.010
