43_Row_Boat_Canoe_43_942
29
370 452 23 27 0.764
179 476 25 29 0.759
467 435 20 26 0.746
910 459 27 30 0.741
265 382 13 16 0.659
366 514 20 32 0.620
1000 394 12 14 0.619
838 386 10 12 0.454
758 362 6 8 0.223
401 253 4 5 0.115
760 363 6 7 0.073
554 383 11 11 0.056
261 453 18 19 0.054
402 252 5 5 0.054
798 364 6 7 0.043
635 145 5 6 0.039
603 146 5 6 0.035
399 254 4 5 0.027
276 258 4 5 0.022
342 395 9 11 0.020
341 379 6 8 0.017
549 384 9 11 0.016
251 258 4 5 0.014
551 386 11 12 0.012
559 381 8 10 0.012
635 143 5 6 0.011
841 384 9 11 0.011
785 368 6 7 0.011
361 515 18 30 0.010
