44_Aerobics_Aerobics_44_852
45
700 259 41 47 0.806
388 274 37 42 0.796
120 289 29 39 0.788
439 252 27 33 0.781
237 256 26 32 0.777
946 200 20 24 0.768
328 222 19 24 0.751
92 256 22 25 0.743
486 228 23 29 0.729
909 189 16 20 0.723
350 212 15 19 0.722
0 241 13 18 0.715
169 241 17 20 0.697
223 223 15 19 0.695
265 239 21 28 0.692
190 236 16 19 0.657
674 224 18 22 0.600
846 196 15 18 0.593
684 237 24 32 0.546
493 201 16 18 0.533
287 231 15 21 0.327
712 228 20 22 0.217
635 237 17 23 0.165
613 204 13 19 0.067
1019 217 5 23 0.065
0 281 7 27 0.061
719 227 17 19 0.060
0 277 5 26 0.059
625 220 16 19 0.050
616 210 14 18 0.049
622 215 15 18 0.041
475 223 15 20 0.034
120 262 14 16 0.033
619 220 15 19 0.031
630 239 17 22 0.025
727 226 14 17 0.024
492 207 19 24 0.021
631 222 15 20 0.016
568 232 14 18 0.015
564 236 17 23 0.013
618 202 13 18 0.011
630 215 16 18 0.011
834 185 10 13 0.011
618 231 16 20 0.010
571 231 11 13 0.010
