45_Balloonist_Balloonist_45_531
43
339 136 68 64 0.483
630 403 6 7 0.364
817 450 7 8 0.343
911 484 7 8 0.306
657 391 7 8 0.297
760 416 6 8 0.273
871 439 7 9 0.246
703 430 6 7 0.150
623 300 7 8 0.114
815 449 7 8 0.107
692 430 6 7 0.105
732 414 7 8 0.104
655 391 7 8 0.099
584 366 6 8 0.080
757 417 7 8 0.066
875 439 6 8 0.062
331 106 65 87 0.058
657 289 6 8 0.054
806 471 8 10 0.052
910 486 7 8 0.047
616 364 5 7 0.046
940 494 7 9 0.034
657 406 7 8 0.033
943 494 7 8 0.030
655 290 6 8 0.029
761 414 6 8 0.027
625 301 7 8 0.026
659 402 6 9 0.020
810 463 8 10 0.020
760 564 7 8 0.019
625 298 7 8 0.019
577 339 6 7 0.019
704 428 8 9 0.017
946 496 6 8 0.016
586 366 6 8 0.014
681 290 6 7 0.013
658 336 6 8 0.013
926 508 8 11 0.011
961 486 7 8 0.011
913 486 9 10 0.011
705 455 6 8 0.010
850 593 9 11 0.010
577 341 6 8 0.010
