45_Balloonist_Balloonist_45_1028
55
323 636 15 24 0.572
97 661 10 12 0.377
475 167 68 91 0.278
994 541 11 16 0.211
165 660 15 17 0.190
832 519 18 28 0.177
9 632 10 13 0.154
656 605 8 11 0.135
158 603 8 10 0.125
343 660 9 13 0.117
392 624 16 19 0.110
193 553 16 21 0.097
126 664 8 10 0.095
593 610 9 12 0.087
1 566 15 19 0.073
795 534 21 27 0.061
65 643 10 12 0.061
6 632 10 14 0.051
677 537 14 14 0.039
421 594 10 13 0.036
995 536 14 18 0.035
6 606 9 12 0.033
281 669 12 14 0.028
264 678 8 11 0.027
586 608 10 13 0.027
683 675 10 17 0.022
164 637 12 16 0.021
387 627 15 19 0.021
373 543 14 20 0.020
129 286 187 247 0.019
13 624 10 15 0.019
582 610 10 12 0.019
685 612 12 14 0.018
991 538 11 16 0.018
636 561 10 13 0.017
768 531 15 18 0.017
318 637 14 23 0.016
163 633 11 14 0.015
1002 542 12 16 0.015
101 665 11 11 0.015
408 610 10 12 0.015
20 618 11 14 0.015
285 667 11 14 0.015
66 645 10 13 0.014
595 617 9 14 0.014
232 672 14 16 0.013
559 627 11 12 0.013
398 625 14 19 0.013
872 514 18 22 0.013
682 534 14 17 0.012
94 664 12 13 0.011
601 635 9 12 0.010
595 612 8 13 0.010
374 549 15 19 0.010
1008 546 11 14 0.010
