47_Matador_Bullfighter_matadorbullfighting_47_300
30
225 543 34 32 0.766
817 338 34 34 0.757
926 358 32 40 0.697
12 157 23 30 0.670
842 97 25 30 0.664
95 476 30 35 0.441
0 95 10 29 0.425
134 557 30 25 0.405
49 307 15 26 0.386
11 0 20 24 0.379
304 184 28 39 0.288
249 1 25 32 0.175
47 266 19 25 0.131
47 395 23 24 0.092
158 125 19 27 0.061
376 336 33 37 0.060
19 0 16 21 0.053
161 133 20 27 0.044
158 119 17 22 0.043
80 487 35 30 0.029
50 387 23 27 0.025
40 269 18 26 0.023
137 563 23 29 0.023
430 295 42 48 0.021
896 16 27 21 0.018
0 88 8 25 0.016
499 162 51 56 0.014
0 104 8 25 0.013
161 115 16 20 0.012
423 279 43 53 0.011
