49_Greeting_peoplegreeting_49_894
32
483 243 50 64 0.827
713 250 48 65 0.802
930 253 45 57 0.799
781 260 51 63 0.794
90 256 45 62 0.793
772 386 56 61 0.786
901 267 37 52 0.759
412 296 52 72 0.750
52 282 49 75 0.736
556 285 46 78 0.734
1006 272 18 47 0.710
271 236 35 72 0.450
655 281 46 57 0.415
672 283 37 49 0.293
830 253 32 52 0.063
563 308 46 66 0.051
973 208 9 11 0.035
867 190 9 10 0.033
747 197 10 12 0.029
372 516 21 55 0.028
837 197 9 12 0.028
646 279 37 53 0.025
985 181 10 11 0.021
940 187 8 10 0.020
923 187 9 10 0.018
69 292 35 55 0.016
922 220 9 11 0.016
791 215 8 9 0.015
3 249 11 21 0.014
646 268 26 47 0.013
678 211 12 13 0.012
557 281 32 61 0.010
