4_Dancing_Dancing_4_319
44
594 0 35 39 0.826
553 34 33 41 0.815
732 50 34 46 0.801
617 142 53 52 0.801
486 61 33 38 0.799
688 59 28 38 0.794
86 71 48 53 0.794
344 44 31 39 0.789
964 79 39 46 0.789
443 142 29 33 0.780
148 61 31 41 0.777
214 157 37 43 0.769
410 74 29 37 0.768
2 16 25 34 0.751
656 49 27 38 0.735
956 26 29 39 0.732
320 8 26 30 0.723
448 53 30 34 0.720
211 24 24 29 0.718
198 89 27 32 0.705
192 53 30 33 0.695
329 243 33 39 0.676
306 44 29 33 0.597
427 49 25 34 0.576
274 41 23 31 0.555
709 33 31 41 0.546
744 502 80 65 0.504
471 93 25 29 0.494
25 71 31 33 0.487
815 0 40 10 0.333
1001 26 23 34 0.314
252 82 29 32 0.308
666 50 35 43 0.066
235 85 25 28 0.061
236 55 22 24 0.045
760 39 23 34 0.038
998 35 25 36 0.036
192 64 33 43 0.030
434 47 25 33 0.029
39 2 22 22 0.025
48 2 22 29 0.014
317 47 22 27 0.012
258 90 27 33 0.010
943 81 24 31 0.010
