50_Celebration_Or_Party_birthdayparty_50_75
44
408 200 86 103 0.829
56 455 31 34 0.796
180 600 29 32 0.794
239 384 30 37 0.782
114 381 32 36 0.773
237 454 31 37 0.767
117 605 30 30 0.765
181 385 31 35 0.748
52 599 34 40 0.739
57 527 29 32 0.674
158 472 16 19 0.670
663 124 32 37 0.633
185 471 16 23 0.580
58 386 19 21 0.524
280 517 33 34 0.416
484 609 33 34 0.370
44 694 29 30 0.294
301 601 32 33 0.119
431 743 38 25 0.066
161 455 12 13 0.055
422 649 39 39 0.055
175 384 26 32 0.037
0 147 21 77 0.035
464 493 30 29 0.034
431 514 28 30 0.032
464 743 31 25 0.028
496 606 31 35 0.026
168 495 14 15 0.025
68 742 34 24 0.021
0 752 18 16 0.020
885 555 39 32 0.019
312 592 29 31 0.018
402 449 30 31 0.017
468 563 27 28 0.015
48 529 26 30 0.015
173 387 18 26 0.014
745 609 17 19 0.012
150 543 26 28 0.011
451 741 36 27 0.011
281 504 31 34 0.011
50 459 26 28 0.011
4 612 32 32 0.011
126 466 15 17 0.010
507 442 22 26 0.010
