51_Dresses_wearingdress_51_727
32
607 42 61 80 0.856
278 72 104 181 0.844
793 27 63 93 0.843
498 52 19 24 0.397
542 68 18 25 0.291
961 0 16 14 0.114
892 5 13 17 0.111
691 0 15 15 0.097
921 16 15 19 0.089
642 5 22 24 0.082
661 4 14 20 0.079
652 4 20 23 0.064
500 19 13 18 0.050
688 59 16 20 0.035
954 0 18 14 0.032
702 12 15 18 0.028
909 69 15 20 0.027
919 12 14 19 0.027
978 13 18 21 0.024
586 65 15 20 0.023
584 18 14 18 0.022
553 60 16 22 0.018
465 250 24 67 0.017
939 76 17 23 0.015
759 26 18 20 0.014
833 0 27 15 0.014
839 1 19 10 0.013
699 70 20 27 0.012
581 63 16 21 0.012
656 1 23 25 0.012
920 8 15 17 0.012
928 74 17 20 0.011
