52_Photographers_taketouristphotos_52_97
35
237 245 188 205 0.819
821 611 50 60 0.782
634 602 9 12 0.177
740 633 7 8 0.153
607 652 8 10 0.144
940 605 10 11 0.082
716 640 7 8 0.066
938 603 10 11 0.044
790 628 6 7 0.040
770 631 7 7 0.040
864 592 8 10 0.036
942 607 9 11 0.035
769 630 6 8 0.031
876 632 10 12 0.031
784 630 6 8 0.029
787 627 6 8 0.028
857 591 16 21 0.028
741 634 8 9 0.024
717 637 7 8 0.023
955 625 10 14 0.022
958 592 9 11 0.019
588 652 8 9 0.019
785 625 7 8 0.017
736 630 8 10 0.016
674 635 6 7 0.016
701 631 7 7 0.016
934 599 8 11 0.015
699 632 6 8 0.015
866 591 9 12 0.015
613 628 7 9 0.014
792 629 6 8 0.013
880 631 10 11 0.013
695 643 7 8 0.012
919 627 9 12 0.011
724 653 7 9 0.010
