53_Raid_policeraid_53_736
27
492 182 37 51 0.662
283 201 35 40 0.631
380 176 34 45 0.585
619 315 41 45 0.563
188 224 32 37 0.536
117 220 30 39 0.510
828 326 52 64 0.295
442 243 34 41 0.243
252 240 27 33 0.157
330 236 29 35 0.140
850 327 50 61 0.079
154 351 25 28 0.042
195 215 29 34 0.039
109 215 31 36 0.035
339 262 30 40 0.034
554 239 31 36 0.030
390 189 28 40 0.026
430 232 39 48 0.026
329 245 37 47 0.023
111 227 30 37 0.022
192 234 33 35 0.022
369 187 38 42 0.020
449 251 36 45 0.019
275 208 22 28 0.019
642 295 27 38 0.016
332 383 38 49 0.014
80 323 25 30 0.013
