53_Raid_policeraid_53_445
30
531 277 110 143 0.870
117 164 47 58 0.780
211 195 46 58 0.772
977 153 39 53 0.760
613 144 44 60 0.758
764 158 44 53 0.752
366 132 52 62 0.750
64 181 44 53 0.745
819 131 51 62 0.709
508 188 45 51 0.705
303 199 40 54 0.584
423 158 41 52 0.563
329 249 44 52 0.412
5 407 84 115 0.392
0 114 38 71 0.197
714 176 33 44 0.138
202 27 15 17 0.129
438 158 41 50 0.113
726 169 43 48 0.107
946 159 30 43 0.076
218 288 31 37 0.061
374 155 52 67 0.058
0 237 23 38 0.043
0 125 21 57 0.022
12 302 30 40 0.021
25 70 20 27 0.014
1 105 33 53 0.013
258 193 36 48 0.012
1009 459 15 94 0.011
104 624 33 28 0.010
