54_Rescue_rescuepeople_54_159
76
636 114 19 25 0.691
886 28 30 37 0.654
714 86 21 25 0.624
300 206 19 25 0.617
350 117 22 27 0.593
420 229 20 22 0.579
691 112 25 29 0.563
809 37 18 22 0.550
793 78 20 24 0.538
777 102 19 23 0.522
800 101 23 29 0.508
811 60 20 26 0.492
551 172 19 25 0.471
592 96 19 23 0.461
633 177 27 35 0.448
803 12 18 22 0.393
754 133 28 34 0.379
522 181 18 24 0.377
780 31 19 24 0.312
570 82 17 20 0.248
659 118 19 24 0.245
743 95 20 26 0.198
710 12 20 26 0.181
847 11 18 23 0.180
751 54 18 22 0.125
677 112 23 27 0.119
864 32 15 20 0.093
386 243 18 23 0.078
399 318 19 22 0.061
532 92 16 18 0.057
902 7 19 20 0.055
865 35 18 25 0.045
468 517 57 43 0.039
450 55 18 22 0.038
659 127 19 24 0.038
912 72 22 26 0.034
642 179 26 33 0.029
777 24 16 21 0.029
759 54 18 22 0.029
573 88 16 20 0.026
192 231 21 26 0.025
731 19 14 18 0.025
509 281 17 22 0.024
857 55 15 21 0.024
859 38 17 25 0.024
1010 1 15 23 0.022
1008 37 16 34 0.022
397 69 19 21 0.022
777 4 15 18 0.020
828 75 19 24 0.020
705 111 19 24 0.019
484 424 28 35 0.018
582 9 15 18 0.016
627 182 25 34 0.016
652 95 17 22 0.016
839 152 24 30 0.016
448 48 17 20 0.015
604 4 16 17 0.015
212 292 19 22 0.014
627 173 23 30 0.014
825 84 19 24 0.013
942 0 15 10 0.012
661 51 17 20 0.012
680 7 15 17 0.012
455 58 17 23 0.012
531 59 17 21 0.012
396 418 29 21 0.011
766 131 26 33 0.011
535 190 18 23 0.011
508 260 20 24 0.011
835 69 20 24 0.011
659 135 20 25 0.011
834 85 18 23 0.011
830 89 18 23 0.011
910 8 18 22 0.010
596 90 18 21 0.010
