56_Voter_peoplevoting_56_558
319
645 276 59 82 0.851
400 254 42 81 0.725
893 425 11 14 0.633
835 276 20 27 0.609
596 421 10 12 0.537
626 412 9 11 0.515
490 421 7 10 0.455
148 407 8 11 0.412
16 410 8 9 0.398
662 415 8 11 0.379
927 385 8 11 0.369
163 396 8 9 0.360
543 387 7 9 0.357
475 410 8 10 0.355
956 398 8 11 0.355
108 407 7 9 0.353
212 396 8 9 0.353
648 428 9 11 0.352
616 410 8 11 0.345
45 410 8 10 0.345
620 370 7 8 0.338
602 385 7 9 0.338
650 405 9 11 0.333
936 418 9 11 0.332
572 385 7 9 0.332
80 408 8 9 0.327
521 412 7 10 0.317
517 385 7 8 0.309
670 426 8 11 0.303
656 382 7 9 0.288
586 412 9 11 0.287
916 370 7 10 0.286
634 387 7 8 0.280
505 409 7 9 0.273
886 412 10 11 0.261
5 386 7 9 0.250
950 428 10 12 0.249
134 394 7 8 0.246
888 387 8 10 0.235
577 400 8 9 0.235
570 386 7 9 0.225
594 375 7 8 0.217
190 401 7 9 0.212
645 393 7 10 0.211
925 410 9 12 0.211
652 407 9 12 0.208
10 370 6 7 0.207
921 403 8 11 0.207
663 417 9 11 0.199
928 413 9 12 0.197
605 401 8 10 0.195
646 370 7 8 0.195
945 370 7 9 0.193
663 366 6 8 0.190
895 394 7 10 0.186
599 381 7 9 0.183
670 403 7 10 0.181
963 382 8 10 0.174
49 397 7 8 0.174
188 401 7 10 0.174
91 397 7 9 0.173
591 416 9 12 0.167
873 407 8 11 0.167
954 396 9 11 0.165
648 370 7 9 0.162
210 422 9 10 0.162
118 398 7 10 0.159
191 377 7 8 0.159
540 375 5 7 0.153
227 364 7 8 0.148
888 409 9 12 0.148
564 371 6 8 0.138
557 421 7 10 0.136
73 396 7 9 0.136
49 410 7 9 0.135
579 346 6 7 0.132
146 371 7 7 0.132
159 395 7 9 0.128
228 363 7 8 0.123
466 384 7 8 0.119
554 347 6 6 0.117
933 415 10 12 0.117
891 362 6 8 0.114
158 384 7 8 0.112
951 385 8 10 0.112
215 396 7 9 0.112
32 385 6 8 0.111
583 362 6 8 0.110
518 367 6 7 0.108
23 359 6 7 0.107
559 360 6 8 0.106
884 334 6 8 0.104
105 390 7 9 0.104
23 379 7 8 0.103
939 421 11 12 0.102
87 384 7 8 0.102
504 375 6 7 0.100
183 365 6 7 0.099
94 371 6 8 0.099
160 381 7 8 0.097
486 393 7 9 0.097
483 403 8 9 0.096
608 398 7 10 0.096
530 424 8 10 0.094
635 362 6 8 0.092
58 383 7 8 0.091
487 360 5 7 0.089
600 346 5 6 0.088
204 375 7 8 0.086
472 370 6 7 0.085
610 327 5 6 0.084
527 460 11 13 0.083
585 358 5 7 0.082
891 365 7 8 0.081
613 327 5 7 0.080
655 413 9 12 0.079
556 331 6 6 0.078
577 346 6 7 0.076
570 326 5 6 0.073
36 370 6 8 0.072
151 408 7 10 0.072
633 327 5 6 0.071
627 350 6 7 0.069
76 393 7 9 0.069
192 416 8 9 0.068
642 351 5 7 0.068
99 360 6 7 0.067
575 403 7 9 0.067
158 361 6 7 0.066
115 395 8 10 0.064
236 373 7 9 0.064
26 381 7 8 0.063
538 355 5 6 0.063
161 361 6 7 0.062
118 370 7 8 0.061
910 334 7 8 0.061
558 358 5 7 0.061
144 375 6 8 0.060
490 339 6 7 0.059
538 352 6 7 0.059
487 391 6 8 0.059
519 353 6 7 0.058
131 376 6 7 0.058
1001 341 8 9 0.058
602 348 6 7 0.057
38 369 6 8 0.056
964 410 9 11 0.056
97 371 6 8 0.055
517 365 6 7 0.054
520 366 6 7 0.054
529 327 5 6 0.053
789 330 6 8 0.053
112 388 7 8 0.053
786 329 6 8 0.052
190 416 7 9 0.051
582 350 5 7 0.051
474 350 6 7 0.051
965 407 8 11 0.051
625 347 5 6 0.050
87 342 5 7 0.050
642 389 7 9 0.049
977 375 8 9 0.049
890 405 10 11 0.048
884 354 7 9 0.047
499 393 6 9 0.047
961 335 7 8 0.046
110 344 6 7 0.044
212 339 6 7 0.044
520 397 6 9 0.044
940 370 8 10 0.044
196 360 7 8 0.043
172 374 6 8 0.043
88 341 6 7 0.043
941 357 7 9 0.042
43 361 5 6 0.042
463 383 6 8 0.041
597 336 6 6 0.041
884 372 7 9 0.040
893 362 7 9 0.040
149 354 6 7 0.040
203 364 7 8 0.039
116 365 6 8 0.039
462 333 5 7 0.038
509 356 5 7 0.038
539 337 6 7 0.038
191 339 6 7 0.038
55 370 6 7 0.038
191 334 6 7 0.037
659 363 6 7 0.036
508 345 5 6 0.036
126 344 6 7 0.036
903 315 6 7 0.035
885 385 7 10 0.035
475 328 5 6 0.035
214 341 6 7 0.035
809 370 6 8 0.035
4 363 6 8 0.034
494 304 6 7 0.034
151 341 6 7 0.034
88 383 7 8 0.033
577 424 9 10 0.033
515 339 5 7 0.033
251 325 5 7 0.033
147 348 6 6 0.033
640 365 6 8 0.033
228 365 8 9 0.032
852 374 6 8 0.032
532 360 6 7 0.032
116 412 7 9 0.032
19 396 7 8 0.032
881 307 6 7 0.031
968 345 6 8 0.031
232 334 6 7 0.030
475 330 5 7 0.030
574 331 6 6 0.030
637 335 4 6 0.029
270 325 5 7 0.028
53 394 8 10 0.028
264 302 5 7 0.027
747 317 5 7 0.027
234 306 6 7 0.027
57 348 5 6 0.027
907 356 7 10 0.027
175 333 6 7 0.027
171 343 6 7 0.027
67 363 6 7 0.027
497 437 8 9 0.026
884 310 6 9 0.026
664 436 8 12 0.026
890 426 10 13 0.026
995 361 7 8 0.026
465 333 6 7 0.026
882 308 6 8 0.025
158 329 6 7 0.024
883 314 6 9 0.024
91 370 6 8 0.024
238 379 6 8 0.024
980 380 8 10 0.024
25 356 6 7 0.024
904 350 7 9 0.023
128 341 5 7 0.023
508 330 5 6 0.023
248 299 5 6 0.023
50 367 6 7 0.023
568 328 6 6 0.023
470 356 6 7 0.022
217 422 9 10 0.022
150 337 6 7 0.022
464 338 5 7 0.022
497 305 6 7 0.022
533 323 5 6 0.021
516 423 8 10 0.021
113 343 6 7 0.021
213 309 6 7 0.021
884 340 6 9 0.021
933 337 7 8 0.021
782 330 6 8 0.021
551 302 6 7 0.020
250 327 6 8 0.020
489 315 5 7 0.020
154 335 5 7 0.020
980 373 8 9 0.020
504 465 12 15 0.020
65 364 7 8 0.019
580 397 8 9 0.019
811 370 6 8 0.019
84 362 6 7 0.018
254 338 6 8 0.018
661 437 8 12 0.018
532 426 8 11 0.018
197 304 6 7 0.017
812 263 6 7 0.017
217 325 6 7 0.017
564 369 8 9 0.017
745 317 5 7 0.017
143 328 5 6 0.016
223 336 6 7 0.016
217 373 6 9 0.016
177 327 5 7 0.016
191 342 6 7 0.016
672 400 6 9 0.016
513 328 5 6 0.016
878 303 6 8 0.015
464 330 5 7 0.015
235 323 6 7 0.015
965 415 8 11 0.015
593 370 7 9 0.015
533 344 5 6 0.015
230 387 7 9 0.015
251 339 6 9 0.015
298 300 6 7 0.015
495 306 5 6 0.015
808 369 6 7 0.014
280 289 6 7 0.014
516 300 5 6 0.014
226 420 7 10 0.014
766 314 6 7 0.014
21 356 6 7 0.014
253 330 6 8 0.014
971 348 6 8 0.014
556 415 8 12 0.014
959 340 7 9 0.013
596 330 5 6 0.013
851 377 7 9 0.013
119 341 5 7 0.013
243 356 6 9 0.013
247 300 5 7 0.012
502 314 5 7 0.012
784 333 6 8 0.012
174 325 5 6 0.011
810 263 6 8 0.011
577 283 5 7 0.011
549 306 6 6 0.011
131 360 6 7 0.011
519 411 11 14 0.011
463 343 5 7 0.011
808 264 6 7 0.010
921 319 7 8 0.010
253 325 6 7 0.010
