56_Voter_peoplevoting_56_350
246
1 322 42 55 0.726
40 363 32 47 0.714
747 235 11 13 0.580
437 149 9 12 0.538
285 114 9 11 0.536
829 264 13 15 0.531
258 106 9 11 0.518
206 92 9 11 0.510
526 182 10 12 0.505
13 37 8 11 0.497
502 352 19 26 0.489
307 104 8 12 0.483
467 149 9 12 0.470
565 167 9 12 0.470
733 218 10 13 0.465
113 58 8 10 0.465
54 43 8 10 0.459
564 189 9 11 0.457
183 71 8 10 0.454
334 116 8 11 0.432
519 316 16 23 0.418
395 140 9 11 0.412
200 74 9 12 0.412
229 102 8 10 0.409
344 396 20 38 0.403
698 224 12 13 0.402
608 191 11 14 0.400
925 243 10 11 0.383
744 207 9 12 0.382
796 233 11 13 0.377
514 159 9 11 0.367
386 117 7 9 0.354
860 259 11 14 0.352
766 288 15 16 0.352
633 191 8 12 0.343
540 189 9 12 0.335
580 167 9 12 0.332
526 159 8 10 0.319
435 127 8 10 0.311
905 246 13 14 0.306
725 199 10 12 0.306
140 67 8 10 0.289
405 123 7 9 0.283
675 208 8 13 0.273
498 156 8 10 0.273
765 203 9 11 0.258
648 200 9 13 0.257
901 245 12 14 0.239
356 104 7 8 0.238
84 47 7 10 0.231
34 41 8 9 0.227
372 106 7 10 0.224
545 168 8 10 0.221
670 181 8 10 0.215
672 179 8 11 0.201
794 359 16 24 0.200
607 165 9 11 0.199
651 343 17 25 0.191
464 134 7 9 0.187
141 64 8 10 0.181
854 288 12 16 0.178
105 41 7 8 0.177
284 80 7 8 0.175
81 45 7 10 0.167
323 90 7 8 0.166
566 187 10 12 0.165
370 133 8 10 0.158
799 231 10 14 0.157
747 351 17 24 0.157
198 77 9 12 0.155
825 306 17 20 0.152
722 201 11 12 0.146
349 127 8 10 0.145
72 41 7 9 0.144
780 208 8 10 0.139
597 178 8 11 0.137
726 190 10 12 0.129
646 203 9 11 0.129
728 195 9 12 0.128
337 116 7 10 0.127
824 241 11 12 0.124
887 245 10 11 0.123
593 178 9 12 0.119
573 320 17 29 0.117
873 250 11 12 0.115
547 167 9 11 0.112
156 26 6 7 0.112
849 238 10 11 0.109
226 101 8 10 0.108
408 145 7 8 0.106
793 215 9 11 0.104
727 169 7 9 0.096
768 203 10 12 0.095
600 174 9 11 0.094
821 311 19 22 0.089
462 135 7 10 0.086
135 17 5 7 0.086
640 195 9 13 0.083
993 314 20 25 0.083
340 99 7 7 0.082
320 90 7 8 0.081
895 245 12 13 0.075
61 42 8 10 0.075
143 54 7 10 0.074
864 304 14 17 0.071
327 91 6 8 0.070
282 79 7 8 0.069
518 144 7 8 0.068
525 145 7 8 0.066
9 26 7 8 0.063
1 27 7 8 0.062
721 203 9 13 0.061
135 46 7 9 0.060
329 66 5 6 0.059
578 199 11 13 0.058
496 156 7 10 0.057
660 191 8 11 0.056
729 185 8 11 0.054
710 164 8 8 0.053
552 158 8 9 0.053
288 80 7 8 0.052
682 200 9 12 0.051
524 557 20 26 0.050
914 302 12 16 0.049
403 83 6 7 0.049
526 314 14 22 0.048
824 317 19 23 0.047
265 66 6 8 0.046
227 47 5 7 0.045
491 127 7 9 0.038
506 126 8 9 0.038
821 303 17 19 0.037
225 46 6 7 0.037
847 292 14 16 0.037
342 71 5 7 0.035
721 350 14 21 0.035
184 28 4 5 0.034
911 321 19 20 0.034
223 46 5 6 0.034
605 179 10 13 0.034
833 234 9 11 0.033
77 40 8 10 0.033
661 164 7 9 0.033
145 61 8 10 0.032
909 315 19 20 0.031
490 129 6 9 0.030
709 166 7 9 0.030
606 162 8 9 0.029
822 238 10 12 0.029
844 241 10 13 0.029
528 107 5 8 0.028
429 128 7 8 0.028
776 229 10 13 0.028
597 157 7 7 0.028
774 234 9 12 0.027
479 116 6 7 0.026
307 78 6 7 0.026
389 78 5 6 0.026
713 164 9 11 0.026
730 352 16 20 0.026
359 70 5 6 0.026
481 116 6 8 0.025
229 48 5 6 0.025
832 298 15 17 0.025
174 39 6 6 0.025
304 89 6 9 0.025
36 44 8 10 0.024
647 341 16 24 0.024
797 217 9 10 0.024
506 123 7 8 0.024
187 30 5 5 0.024
164 50 6 8 0.023
213 45 5 6 0.023
761 207 10 12 0.023
470 148 8 11 0.023
136 42 7 9 0.023
391 80 5 6 0.022
282 107 9 10 0.022
344 70 5 6 0.021
803 247 9 12 0.021
212 44 5 6 0.020
759 290 15 16 0.020
101 27 6 8 0.020
577 203 12 13 0.020
849 286 14 17 0.020
506 129 6 10 0.019
150 74 8 9 0.019
473 151 8 11 0.019
857 235 9 10 0.019
530 156 8 9 0.019
630 174 6 8 0.019
404 82 5 6 0.019
26 33 8 9 0.018
503 126 9 10 0.018
614 156 6 7 0.018
659 162 7 8 0.017
345 97 6 7 0.017
875 238 9 10 0.017
607 618 22 34 0.016
607 195 10 14 0.016
202 73 8 10 0.016
714 201 9 12 0.016
786 227 9 13 0.016
756 292 15 18 0.016
475 116 6 7 0.016
152 77 7 8 0.015
154 74 8 10 0.015
439 126 7 9 0.015
644 157 7 8 0.015
824 264 12 14 0.015
692 162 7 8 0.015
701 164 7 9 0.015
507 578 23 21 0.015
879 266 13 17 0.014
705 193 9 12 0.014
265 86 7 8 0.014
163 26 5 6 0.014
799 359 18 24 0.014
815 315 17 20 0.014
184 31 5 6 0.013
376 146 7 10 0.013
144 48 8 11 0.013
987 319 17 22 0.013
193 36 5 6 0.013
915 306 16 19 0.013
660 167 8 10 0.013
611 161 9 10 0.012
751 346 16 24 0.012
874 268 12 17 0.012
761 200 9 11 0.012
375 76 5 6 0.012
530 143 6 9 0.012
506 347 17 24 0.012
378 105 6 9 0.012
509 130 9 11 0.012
715 162 7 9 0.011
696 227 12 12 0.011
241 60 6 8 0.011
227 98 9 10 0.011
633 178 7 9 0.011
914 330 20 19 0.011
662 359 23 23 0.011
929 243 10 12 0.011
824 299 14 17 0.011
243 62 6 8 0.011
88 51 7 9 0.010
