56_Voter_peoplevoting_56_528
39
905 239 57 60 0.779
457 183 39 43 0.745
623 129 30 42 0.741
319 58 21 27 0.733
519 148 34 39 0.700
178 62 19 26 0.684
485 25 16 25 0.664
528 243 51 35 0.652
260 63 18 26 0.647
420 47 16 24 0.646
916 72 16 22 0.532
894 62 15 20 0.489
788 124 20 23 0.485
783 40 12 19 0.423
937 90 13 21 0.421
696 90 17 22 0.418
612 59 15 22 0.403
551 49 13 20 0.199
85 69 14 25 0.098
769 110 17 22 0.098
843 110 15 19 0.068
844 104 15 19 0.062
842 118 14 15 0.046
601 57 14 21 0.039
546 54 15 20 0.036
596 56 14 19 0.035
848 100 14 17 0.026
668 75 15 21 0.025
399 51 16 21 0.022
780 39 12 17 0.021
606 61 16 20 0.021
704 87 16 21 0.019
841 100 15 18 0.017
81 64 16 24 0.016
761 44 10 12 0.016
932 81 14 21 0.016
940 85 14 20 0.013
617 66 13 19 0.010
941 92 14 21 0.010
