57_Angler_peoplefishing_57_206
32
284 803 38 40 0.738
618 679 13 15 0.452
985 613 12 15 0.439
926 710 17 19 0.409
820 694 17 18 0.329
173 720 19 19 0.218
462 746 31 24 0.188
126 390 23 27 0.126
826 695 16 18 0.069
623 678 12 15 0.067
800 656 10 12 0.058
800 658 12 15 0.049
465 695 15 17 0.047
922 710 15 18 0.046
0 492 14 18 0.039
460 751 21 18 0.033
131 299 17 20 0.030
932 707 17 20 0.028
736 653 8 10 0.024
796 669 15 18 0.023
813 694 17 19 0.022
129 697 21 24 0.020
939 716 14 15 0.016
458 742 25 24 0.014
483 576 9 11 0.013
844 776 19 22 0.013
985 618 11 14 0.013
795 675 13 17 0.013
744 685 9 11 0.012
618 723 12 14 0.011
476 747 22 20 0.011
798 678 14 16 0.010
