58_Hockey_icehockey_puck_58_17
35
71 78 64 82 0.833
33 327 78 100 0.833
165 498 39 47 0.788
447 492 27 33 0.755
276 454 22 26 0.700
849 70 57 84 0.486
411 429 22 25 0.233
377 238 22 25 0.129
589 246 15 17 0.077
211 340 27 34 0.073
196 459 14 18 0.059
253 445 22 26 0.048
590 252 17 15 0.045
333 496 19 24 0.038
300 350 25 25 0.038
415 471 22 25 0.030
543 444 19 27 0.028
200 373 17 23 0.026
177 363 14 18 0.025
666 307 24 26 0.024
180 356 15 22 0.024
184 353 15 21 0.022
212 334 36 46 0.021
366 476 19 24 0.021
356 440 20 23 0.020
347 441 21 25 0.018
366 443 20 20 0.018
390 444 18 18 0.014
4 342 15 19 0.012
185 363 16 20 0.012
364 483 23 27 0.012
509 444 21 26 0.012
410 477 20 24 0.011
586 252 15 16 0.011
393 438 20 22 0.010
