58_Hockey_icehockey_puck_58_680
211
563 329 35 43 0.826
471 322 38 43 0.815
774 342 37 44 0.815
563 243 36 41 0.812
369 319 38 46 0.810
752 216 35 41 0.803
839 207 35 42 0.802
892 367 37 44 0.800
622 250 35 42 0.798
434 225 36 42 0.792
670 354 36 42 0.783
332 237 36 44 0.781
693 239 35 39 0.779
549 192 34 37 0.765
224 198 37 43 0.758
257 345 33 44 0.753
288 328 31 44 0.751
804 150 15 20 0.713
687 188 16 19 0.689
790 124 14 19 0.684
889 135 13 16 0.673
981 25 13 16 0.665
514 113 14 16 0.662
740 118 13 18 0.658
544 148 15 16 0.657
260 177 27 33 0.657
336 142 12 16 0.655
370 104 14 17 0.654
640 191 16 18 0.654
580 131 13 16 0.652
702 150 15 17 0.652
435 132 13 16 0.651
791 50 11 15 0.650
625 138 13 16 0.650
833 39 13 16 0.649
579 93 14 17 0.649
703 120 15 17 0.649
1002 43 15 19 0.646
302 139 14 16 0.646
643 142 15 19 0.646
627 58 12 15 0.639
116 79 12 15 0.636
703 25 11 14 0.631
467 112 13 18 0.629
246 132 15 19 0.625
675 59 12 16 0.619
771 21 12 15 0.619
485 152 14 16 0.619
451 16 12 15 0.617
835 127 14 16 0.616
937 165 13 15 0.613
984 174 14 17 0.613
944 224 36 39 0.613
927 78 13 17 0.604
378 130 15 18 0.602
97 166 35 53 0.600
230 81 14 17 0.595
955 126 13 16 0.595
22 103 11 15 0.593
560 26 12 14 0.586
425 113 13 15 0.586
447 97 12 14 0.579
731 64 12 14 0.575
734 191 14 19 0.563
671 3 12 15 0.563
342 31 12 15 0.554
418 35 12 16 0.552
217 128 12 14 0.552
518 0 11 13 0.545
836 27 13 13 0.541
272 132 10 14 0.540
308 18 13 15 0.533
175 52 12 14 0.528
300 79 13 15 0.523
402 76 12 15 0.517
540 112 14 15 0.507
363 26 11 14 0.505
950 59 12 14 0.485
581 0 13 14 0.483
625 -1 12 11 0.481
502 24 12 14 0.481
919 22 13 15 0.445
896 58 11 16 0.444
21 -1 10 9 0.425
527 47 10 13 0.421
319 -1 11 9 0.416
925 8 11 14 0.407
50 41 12 14 0.386
973 140 14 16 0.365
835 35 13 16 0.361
407 5 11 14 0.324
869 153 13 17 0.304
590 58 12 14 0.299
224 -1 11 9 0.266
736 141 13 16 0.257
315 189 20 24 0.247
856 -1 12 10 0.239
107 45 12 16 0.234
599 -1 11 9 0.207
471 63 11 12 0.195
79 87 10 12 0.187
0 38 6 14 0.156
349 223 30 36 0.152
278 268 35 38 0.150
309 104 11 14 0.137
357 28 12 14 0.134
731 21 11 14 0.125
589 39 10 13 0.125
472 225 27 30 0.113
849 167 14 16 0.108
546 130 12 14 0.108
887 104 12 15 0.101
304 87 12 16 0.093
233 14 11 15 0.092
230 150 15 16 0.092
349 136 12 15 0.091
946 235 40 43 0.090
394 21 11 13 0.088
57 7 9 10 0.082
978 23 12 16 0.082
391 136 12 14 0.077
1014 0 10 9 0.076
247 66 9 12 0.076
669 80 10 13 0.073
466 37 11 14 0.069
5 71 10 12 0.069
849 172 15 16 0.069
55 68 10 13 0.066
734 0 11 10 0.066
1008 11 10 14 0.061
566 113 10 13 0.058
402 24 12 14 0.054
53 43 12 14 0.052
703 207 18 19 0.052
874 40 11 15 0.049
393 140 12 15 0.043
1011 6 11 14 0.043
305 100 12 15 0.041
777 148 11 14 0.039
225 308 25 37 0.039
860 -1 12 9 0.039
34 67 11 13 0.037
971 134 13 18 0.035
109 42 12 15 0.035
425 165 15 18 0.034
961 162 13 15 0.032
963 169 12 15 0.032
723 12 12 14 0.030
503 27 12 16 0.030
111 47 12 15 0.030
361 31 11 15 0.030
214 12 10 14 0.030
360 225 24 35 0.028
867 159 14 16 0.028
915 18 12 15 0.027
197 125 10 13 0.026
396 231 28 33 0.026
310 13 11 14 0.026
880 144 14 17 0.025
529 84 12 14 0.024
625 160 12 17 0.024
221 2 11 14 0.023
944 99 11 14 0.023
0 117 6 14 0.023
755 142 15 18 0.022
396 93 10 14 0.022
406 113 12 15 0.021
648 141 15 17 0.021
677 106 11 13 0.020
975 145 13 16 0.020
10 81 11 14 0.019
807 16 11 14 0.019
415 33 12 15 0.018
469 56 11 14 0.018
301 31 10 12 0.017
504 0 10 9 0.017
929 0 12 10 0.017
530 118 12 15 0.017
260 144 13 16 0.017
558 51 11 14 0.016
311 108 12 14 0.016
253 161 15 17 0.016
1008 -1 10 8 0.016
480 81 11 15 0.016
283 155 13 16 0.015
88 127 9 12 0.015
527 75 12 16 0.015
337 118 10 13 0.014
962 151 12 16 0.014
614 194 15 18 0.014
163 116 11 13 0.013
588 46 11 15 0.013
93 128 10 12 0.013
555 45 12 14 0.013
369 242 20 26 0.013
363 21 10 14 0.013
164 -1 10 8 0.013
561 57 10 14 0.013
243 65 10 12 0.012
216 132 13 16 0.012
145 288 42 52 0.012
673 97 12 14 0.012
473 217 22 25 0.012
958 121 13 17 0.012
395 25 11 13 0.011
225 31 10 13 0.011
412 7 11 13 0.011
0 34 7 14 0.011
823 144 12 15 0.010
565 26 11 14 0.010
92 180 38 52 0.010
