58_Hockey_icehockey_puck_58_262
290
270 321 13 15 0.669
205 332 14 18 0.666
50 328 14 17 0.665
778 485 15 21 0.650
350 249 12 14 0.641
551 226 12 16 0.632
470 255 11 14 0.631
429 204 11 14 0.627
322 410 13 18 0.622
538 248 13 16 0.617
567 213 11 15 0.609
385 239 11 14 0.600
470 187 12 14 0.596
347 273 12 15 0.590
324 236 10 14 0.586
326 351 11 18 0.572
633 70 8 11 0.543
968 94 9 10 0.542
722 45 9 11 0.534
800 81 9 11 0.534
776 85 9 11 0.530
558 46 9 10 0.527
324 330 12 15 0.525
858 29 8 10 0.524
184 52 8 10 0.512
206 237 11 15 0.504
837 6 7 10 0.499
866 92 10 12 0.494
23 50 9 11 0.492
447 74 8 11 0.486
747 72 10 12 0.479
835 74 9 12 0.479
695 50 9 11 0.477
786 236 11 11 0.476
530 30 7 10 0.474
495 49 8 11 0.470
755 22 9 11 0.457
626 38 8 11 0.447
307 17 7 9 0.443
663 67 9 10 0.427
536 7 8 10 0.425
790 48 9 11 0.421
501 22 8 10 0.416
669 18 8 10 0.411
267 56 7 9 0.407
868 0 9 8 0.396
3 32 8 9 0.386
718 82 9 10 0.374
51 50 9 10 0.372
334 41 8 10 0.347
33 17 8 9 0.345
729 0 8 8 0.343
260 12 7 9 0.340
183 15 7 9 0.338
641 13 8 10 0.338
604 68 9 10 0.335
241 45 7 9 0.335
650 40 8 10 0.328
102 309 11 12 0.327
609 18 9 10 0.316
702 -1 8 8 0.308
764 47 9 10 0.306
907 88 9 10 0.303
569 1 7 8 0.298
981 3 9 10 0.294
208 24 7 9 0.286
677 41 9 10 0.283
881 72 9 11 0.280
366 36 9 9 0.273
250 52 7 9 0.273
220 10 7 9 0.267
232 25 7 8 0.267
566 22 7 10 0.267
809 -1 8 8 0.261
778 25 8 11 0.222
155 40 7 8 0.222
512 31 7 9 0.217
913 35 8 11 0.211
486 11 7 9 0.199
900 90 9 11 0.197
947 0 7 7 0.194
247 49 8 10 0.185
729 92 8 10 0.177
324 339 11 18 0.177
43 39 8 10 0.175
218 34 7 9 0.173
591 47 7 10 0.168
648 40 7 9 0.162
591 23 7 10 0.160
14 304 8 10 0.159
424 43 8 9 0.153
295 2 7 9 0.147
690 20 8 10 0.144
340 4 7 10 0.140
181 14 7 9 0.139
235 25 7 9 0.132
740 0 8 9 0.129
770 5 8 10 0.126
578 32 7 9 0.126
288 33 7 10 0.126
444 46 7 9 0.123
725 89 9 11 0.121
48 8 7 9 0.117
467 0 7 7 0.115
349 80 7 8 0.110
230 307 9 12 0.109
369 34 8 10 0.109
1018 14 6 11 0.103
753 56 8 10 0.102
510 47 7 10 0.101
222 12 8 9 0.099
341 2 8 9 0.099
55 50 8 10 0.097
203 2 7 8 0.096
158 38 7 9 0.095
866 4 9 11 0.095
645 12 8 11 0.094
329 351 11 16 0.093
607 71 8 10 0.090
605 38 7 10 0.089
237 32 7 10 0.088
1008 0 7 7 0.085
668 12 9 10 0.083
601 66 9 11 0.083
210 26 8 10 0.077
868 95 9 11 0.077
346 79 7 9 0.075
614 10 8 10 0.075
20 49 9 11 0.074
755 3 7 9 0.074
581 2 7 9 0.074
609 10 8 10 0.073
17 304 8 10 0.073
621 -1 7 8 0.071
602 69 8 11 0.071
229 25 7 9 0.071
624 0 7 7 0.070
424 46 9 10 0.070
337 40 7 10 0.069
5 24 7 10 0.069
781 5 8 10 0.068
637 2 8 9 0.068
448 24 8 10 0.066
675 42 8 11 0.066
834 5 8 11 0.060
905 77 9 10 0.060
117 621 11 12 0.060
669 313 8 9 0.059
782 0 7 9 0.058
447 45 7 9 0.058
674 1 8 8 0.057
599 0 8 8 0.057
780 28 9 12 0.057
429 9 7 10 0.056
1018 53 6 10 0.056
3 628 9 10 0.055
602 40 7 9 0.055
861 28 8 11 0.055
804 0 8 8 0.054
897 38 8 10 0.054
593 0 8 7 0.051
864 95 10 11 0.051
1 10 6 9 0.050
65 12 7 9 0.049
178 49 7 9 0.047
760 109 9 10 0.046
626 35 8 11 0.046
856 0 7 7 0.046
352 84 7 9 0.045
39 12 9 10 0.044
218 39 7 10 0.044
285 17 7 9 0.043
430 44 9 10 0.042
496 84 7 9 0.042
623 38 8 11 0.042
270 51 9 10 0.042
594 26 9 11 0.042
551 1 7 8 0.041
286 80 8 9 0.041
698 -2 7 8 0.041
838 26 8 10 0.040
326 0 7 8 0.039
233 17 9 10 0.039
368 38 9 10 0.038
461 220 10 13 0.037
1 6 5 10 0.036
552 4 8 9 0.035
951 0 8 7 0.034
622 93 9 11 0.034
723 -1 7 7 0.033
866 0 7 8 0.031
344 2 7 9 0.031
702 24 8 10 0.031
658 3 8 9 0.030
1004 1 7 9 0.029
623 629 11 12 0.029
267 35 7 10 0.029
64 15 7 10 0.028
126 54 7 9 0.027
64 29 7 9 0.027
284 52 7 9 0.027
578 231 10 14 0.027
426 54 8 10 0.027
716 61 8 10 0.026
722 79 8 10 0.026
786 54 9 11 0.026
878 72 8 11 0.026
791 1 7 9 0.025
896 89 9 12 0.025
774 88 9 10 0.024
912 88 8 10 0.024
1012 7 9 10 0.023
534 7 7 10 0.023
288 48 7 10 0.023
73 12 7 9 0.023
768 50 8 10 0.022
90 65 7 9 0.022
510 -1 7 7 0.022
704 28 8 10 0.022
573 218 10 14 0.022
66 10 7 8 0.021
934 0 6 8 0.021
272 19 7 9 0.020
926 27 9 10 0.020
863 -1 7 7 0.020
244 639 11 12 0.020
153 46 7 9 0.020
287 44 8 10 0.020
369 656 11 18 0.019
182 10 6 9 0.019
86 58 8 10 0.019
890 0 8 8 0.019
440 7 8 9 0.019
441 92 7 10 0.019
104 55 6 8 0.018
61 21 7 9 0.018
76 13 7 9 0.018
451 74 9 11 0.018
620 629 11 13 0.018
728 96 8 10 0.017
447 8 7 10 0.017
569 0 7 6 0.017
130 622 9 9 0.017
81 53 7 9 0.017
624 96 8 10 0.017
180 20 7 8 0.017
579 64 8 9 0.017
7 642 15 25 0.017
939 1 8 9 0.016
223 2 7 8 0.016
812 27 8 9 0.016
1013 90 7 10 0.016
321 235 10 14 0.015
125 1 6 8 0.014
1011 -1 6 6 0.014
122 55 8 8 0.014
158 35 7 9 0.014
158 56 8 9 0.014
436 88 8 9 0.014
1005 -1 7 6 0.014
627 -1 7 6 0.014
158 50 8 10 0.013
344 83 8 9 0.013
315 7 7 10 0.013
721 1 7 11 0.013
1013 86 9 11 0.013
683 -1 7 6 0.013
718 665 15 15 0.013
449 6 7 8 0.013
743 -1 7 7 0.013
940 -1 7 6 0.013
43 52 7 10 0.013
725 40 8 11 0.013
8 16 7 9 0.012
77 11 8 10 0.012
541 -1 6 6 0.012
552 -1 6 7 0.012
352 106 8 9 0.012
888 1 8 9 0.012
511 50 7 10 0.012
165 57 7 9 0.012
603 -1 7 6 0.011
105 311 11 13 0.011
794 259 10 11 0.011
312 19 8 10 0.011
471 25 7 10 0.010
300 2 7 9 0.010
513 -1 6 6 0.010
2 42 7 9 0.010
328 237 10 14 0.010
