58_Hockey_icehockey_puck_58_212
149
593 76 59 76 0.881
854 157 18 24 0.724
499 39 22 27 0.706
141 160 24 32 0.698
219 72 25 29 0.687
943 154 21 26 0.687
180 155 24 33 0.685
649 49 19 23 0.684
514 82 23 27 0.679
288 33 21 27 0.678
379 73 21 28 0.672
970 112 19 24 0.667
64 171 22 30 0.666
914 117 18 24 0.665
992 157 21 26 0.662
774 49 18 23 0.661
878 16 18 23 0.659
138 73 25 31 0.657
238 28 22 27 0.656
430 82 21 26 0.643
255 117 22 30 0.636
203 31 23 29 0.609
958 90 18 23 0.609
964 55 18 23 0.601
402 7 18 23 0.587
868 52 17 23 0.584
37 33 23 28 0.580
430 7 20 25 0.578
374 45 19 25 0.565
0 173 10 29 0.557
789 94 17 21 0.547
360 130 20 28 0.521
827 61 16 18 0.516
930 86 18 23 0.501
378 190 24 26 0.500
63 82 21 30 0.496
796 51 16 20 0.486
456 145 21 24 0.485
991 19 16 19 0.477
842 29 15 17 0.461
420 54 19 23 0.441
507 132 21 25 0.429
349 73 20 26 0.422
16 75 25 32 0.386
129 39 20 24 0.379
435 122 21 26 0.365
598 9 17 23 0.361
189 -2 19 19 0.359
937 13 15 20 0.350
734 53 17 21 0.345
268 85 21 25 0.336
833 87 20 22 0.333
255 11 19 23 0.331
936 61 16 19 0.329
996 100 15 18 0.309
808 168 19 22 0.294
997 44 17 21 0.283
717 45 15 20 0.221
25 -3 22 21 0.185
320 35 17 25 0.177
167 37 20 26 0.177
103 38 20 25 0.165
829 71 19 23 0.145
332 110 19 25 0.142
993 30 17 23 0.131
427 163 19 24 0.127
798 36 13 17 0.110
855 87 14 19 0.106
141 2 21 24 0.102
772 11 16 19 0.100
355 31 16 19 0.098
931 13 14 21 0.093
1015 19 10 20 0.093
150 1 21 22 0.087
843 87 18 21 0.081
59 73 24 32 0.081
666 42 16 21 0.077
886 83 16 21 0.068
328 55 16 22 0.065
533 2 19 22 0.063
117 22 16 20 0.063
267 98 21 29 0.062
330 -4 14 14 0.062
1017 109 7 22 0.061
721 46 17 21 0.060
945 35 16 21 0.056
470 70 20 25 0.052
350 6 16 18 0.052
124 34 20 24 0.049
323 47 18 26 0.046
351 132 20 25 0.044
63 58 21 27 0.041
971 21 16 19 0.041
812 163 19 22 0.038
818 133 17 20 0.037
441 119 20 23 0.037
544 48 21 28 0.037
561 23 19 25 0.035
690 45 15 20 0.035
642 33 16 20 0.034
345 4 16 19 0.031
1001 78 18 21 0.031
1005 102 12 19 0.030
264 122 21 28 0.030
499 -4 17 13 0.028
323 30 16 23 0.026
550 52 20 26 0.024
880 46 17 23 0.024
429 171 19 24 0.022
330 117 18 24 0.021
9 34 18 26 0.021
199 28 20 26 0.021
798 56 16 21 0.020
603 5 15 22 0.020
992 77 16 20 0.019
908 104 14 21 0.019
429 119 20 24 0.019
562 53 16 23 0.019
264 12 19 23 0.019
859 87 15 20 0.019
827 87 18 22 0.018
136 3 18 22 0.017
236 166 24 28 0.017
753 75 16 20 0.017
282 127 19 26 0.017
911 54 16 20 0.017
262 3 20 21 0.017
0 5 9 21 0.017
294 -3 16 18 0.017
271 92 20 25 0.016
822 13 15 19 0.015
539 54 19 23 0.015
997 130 15 19 0.014
572 -1 19 20 0.014
992 96 16 20 0.014
1 81 13 25 0.013
508 143 20 23 0.013
926 18 15 20 0.013
1009 162 13 23 0.012
833 58 15 19 0.012
146 71 21 27 0.012
291 128 19 25 0.011
985 2 13 16 0.011
475 165 18 25 0.011
768 16 15 19 0.011
260 21 18 23 0.011
957 -2 16 16 0.011
1009 75 13 21 0.010
818 37 14 17 0.010
