5_Car_Accident_Accident_5_777
27
634 149 18 20 0.644
501 143 21 24 0.615
759 147 15 19 0.613
825 151 14 17 0.596
726 167 12 15 0.386
796 149 11 17 0.377
630 172 15 15 0.347
600 169 10 12 0.297
551 157 11 14 0.207
523 146 11 17 0.191
527 148 12 15 0.102
722 169 12 15 0.094
763 233 39 39 0.087
886 164 12 15 0.051
732 166 11 13 0.042
680 164 12 14 0.033
550 161 12 16 0.030
553 154 10 13 0.021
605 170 10 12 0.020
377 225 13 16 0.019
798 154 11 15 0.016
945 168 12 15 0.015
889 165 12 17 0.012
380 229 13 16 0.011
942 169 11 14 0.011
886 170 11 14 0.010
898 161 13 16 0.010
