5_Car_Accident_Accident_5_448
327
927 558 25 29 0.729
52 436 19 23 0.727
293 391 16 19 0.720
87 393 16 19 0.706
803 432 18 26 0.690
889 405 17 27 0.670
191 448 17 21 0.659
230 373 13 17 0.650
208 412 16 19 0.631
15 340 13 15 0.617
926 259 12 13 0.612
136 347 14 17 0.610
980 317 15 15 0.607
176 283 11 14 0.574
982 236 10 13 0.548
866 232 10 12 0.540
391 441 14 15 0.521
304 276 9 12 0.509
357 247 8 11 0.499
264 347 12 16 0.489
428 238 8 10 0.478
152 312 11 14 0.474
106 296 10 13 0.468
230 292 9 13 0.459
338 267 9 10 0.459
205 353 10 16 0.452
384 243 9 10 0.440
922 230 9 10 0.437
314 260 10 11 0.423
65 297 10 12 0.421
698 401 13 23 0.412
183 324 11 12 0.402
292 471 14 22 0.390
264 285 10 13 0.388
200 305 10 13 0.387
882 213 7 9 0.377
76 370 11 15 0.374
314 369 13 15 0.373
742 468 12 24 0.364
238 240 8 10 0.362
246 615 21 30 0.359
454 218 9 11 0.354
337 240 8 10 0.352
932 196 7 8 0.340
199 285 9 12 0.340
112 223 9 11 0.340
401 238 8 10 0.338
258 265 9 11 0.338
966 245 10 12 0.327
250 254 9 10 0.322
271 261 9 11 0.321
205 334 10 14 0.314
446 200 7 8 0.312
445 241 8 11 0.312
272 212 7 9 0.300
296 259 8 10 0.300
882 231 8 10 0.299
200 238 7 10 0.288
373 231 8 9 0.282
908 203 7 9 0.279
290 433 15 20 0.279
390 207 7 8 0.276
298 540 26 34 0.276
843 198 7 8 0.274
219 227 7 8 0.270
195 218 8 9 0.268
361 215 6 8 0.263
412 207 7 9 0.258
261 246 8 10 0.257
185 216 7 9 0.247
336 205 6 8 0.235
93 268 9 11 0.234
377 213 6 8 0.233
187 216 8 10 0.231
315 212 6 7 0.224
946 207 6 9 0.223
158 242 8 10 0.221
829 202 7 9 0.220
197 216 7 10 0.213
254 218 6 8 0.207
930 334 12 15 0.205
191 423 14 20 0.202
1003 205 8 10 0.198
871 196 6 8 0.187
109 240 8 11 0.186
887 202 7 8 0.181
283 186 6 7 0.179
798 189 6 8 0.178
386 194 6 7 0.167
375 229 8 9 0.161
129 430 12 17 0.157
256 205 6 7 0.156
904 202 7 9 0.156
368 247 7 9 0.144
962 219 7 9 0.137
232 333 10 13 0.133
208 336 11 14 0.130
115 257 9 10 0.129
925 227 9 11 0.128
855 192 6 7 0.125
226 190 6 7 0.124
251 258 9 11 0.123
256 250 9 10 0.122
336 237 8 10 0.120
159 183 5 6 0.118
634 446 11 24 0.115
435 218 7 9 0.114
360 298 9 12 0.114
201 283 9 12 0.114
334 205 6 7 0.113
225 264 9 12 0.111
273 262 9 11 0.107
442 240 8 10 0.106
47 314 10 13 0.105
147 276 10 12 0.105
325 268 8 10 0.105
308 309 9 13 0.103
219 319 9 13 0.102
334 239 8 10 0.101
774 186 6 7 0.099
340 204 6 8 0.098
202 431 15 20 0.096
133 244 8 10 0.094
819 188 6 7 0.094
800 189 6 7 0.094
274 230 7 9 0.093
285 437 14 19 0.093
191 237 9 11 0.089
119 268 9 13 0.088
156 312 11 14 0.085
444 200 6 8 0.081
153 208 7 9 0.081
226 237 10 10 0.081
182 250 9 11 0.081
295 217 7 9 0.080
937 201 8 9 0.080
308 232 7 9 0.080
136 221 6 8 0.078
860 258 9 12 0.078
228 268 9 12 0.078
159 225 7 9 0.073
136 249 9 11 0.073
233 291 10 13 0.073
205 417 16 21 0.072
586 469 13 20 0.071
224 267 9 12 0.071
760 181 6 8 0.071
275 213 7 9 0.070
986 222 7 9 0.069
225 294 10 13 0.068
469 190 8 9 0.067
158 221 7 9 0.066
162 227 7 9 0.066
110 227 9 12 0.065
186 212 7 9 0.063
384 249 9 10 0.062
224 190 6 8 0.061
350 198 6 7 0.060
112 297 10 13 0.060
233 209 6 8 0.060
147 290 9 13 0.060
235 331 10 14 0.059
91 267 8 12 0.058
231 210 7 8 0.057
185 249 9 11 0.056
970 246 10 13 0.055
287 222 8 9 0.054
304 203 6 7 0.053
985 199 7 8 0.053
120 264 9 12 0.053
1018 217 6 9 0.053
145 285 10 13 0.050
223 259 8 11 0.050
135 242 8 10 0.048
314 183 5 7 0.047
454 368 12 14 0.047
1002 229 8 9 0.046
1001 226 7 9 0.045
988 199 6 7 0.045
448 199 8 10 0.045
80 367 10 16 0.045
812 187 6 7 0.044
253 190 6 6 0.043
11 362 13 17 0.043
410 194 5 7 0.043
471 191 8 11 0.043
347 338 10 12 0.041
270 347 13 17 0.041
473 268 8 10 0.040
296 429 14 19 0.040
233 227 7 9 0.040
149 266 9 13 0.040
200 209 6 8 0.040
839 197 7 8 0.040
815 239 9 12 0.040
421 205 6 7 0.039
467 192 7 9 0.037
819 252 10 12 0.037
400 195 6 7 0.036
297 185 6 6 0.036
493 404 12 16 0.036
277 237 8 10 0.036
97 269 9 14 0.036
250 218 7 9 0.036
328 195 6 7 0.036
342 266 9 11 0.035
366 183 6 6 0.035
272 285 10 13 0.035
250 623 21 25 0.035
408 228 7 9 0.034
356 198 6 8 0.034
697 398 10 20 0.034
437 169 5 6 0.033
120 272 9 14 0.033
249 190 6 6 0.032
383 257 8 10 0.032
226 188 5 7 0.031
812 240 9 12 0.031
982 231 8 12 0.031
268 341 11 17 0.030
856 191 8 9 0.030
154 187 6 6 0.030
788 192 6 8 0.029
101 254 8 11 0.029
180 323 10 13 0.029
242 609 20 32 0.029
960 221 8 9 0.029
73 325 11 13 0.028
306 305 10 13 0.027
249 214 8 10 0.027
291 443 15 21 0.027
1000 199 6 7 0.027
199 267 9 11 0.027
211 195 6 7 0.027
165 242 9 11 0.027
493 257 8 10 0.027
123 297 10 13 0.026
964 216 7 9 0.026
416 188 5 7 0.025
273 339 11 16 0.025
435 169 5 5 0.025
904 238 8 11 0.025
368 182 6 7 0.024
817 245 10 13 0.024
230 188 6 7 0.024
280 243 8 10 0.024
247 279 8 11 0.024
50 315 10 13 0.024
488 403 13 16 0.024
302 235 8 9 0.023
309 460 15 20 0.023
1013 225 7 10 0.023
45 312 9 13 0.023
756 181 6 7 0.023
786 184 5 7 0.022
344 162 5 6 0.022
330 193 6 7 0.022
225 316 10 13 0.022
311 310 9 13 0.020
482 241 8 10 0.020
403 169 5 6 0.020
811 204 6 8 0.020
766 184 8 9 0.020
317 183 5 6 0.020
248 188 5 6 0.020
178 218 7 9 0.020
285 473 15 21 0.019
258 188 6 6 0.019
812 244 9 12 0.019
818 236 8 11 0.018
152 205 7 9 0.018
865 212 7 9 0.018
754 253 9 11 0.018
254 306 8 11 0.018
471 432 15 20 0.018
700 409 14 18 0.018
306 457 15 19 0.017
857 259 10 12 0.017
849 207 6 9 0.017
773 189 7 8 0.017
810 198 7 8 0.016
158 180 8 9 0.016
910 200 6 8 0.016
402 169 5 5 0.016
182 253 9 12 0.016
328 229 7 9 0.016
1018 234 5 13 0.016
144 322 11 15 0.016
909 244 8 10 0.016
455 242 8 10 0.016
476 430 15 20 0.015
177 369 12 15 0.015
479 242 9 11 0.015
129 292 10 14 0.015
380 258 8 10 0.015
375 145 5 5 0.015
349 225 7 8 0.015
407 170 5 6 0.014
1018 199 5 7 0.014
96 289 9 15 0.014
142 348 14 17 0.014
1019 242 5 15 0.014
156 182 5 7 0.014
296 434 15 21 0.013
206 202 6 8 0.013
271 335 11 14 0.013
313 458 14 19 0.012
112 217 8 11 0.012
294 425 12 18 0.012
448 174 5 5 0.012
896 233 8 10 0.012
432 172 5 6 0.012
349 143 5 5 0.012
466 439 14 17 0.012
450 175 5 6 0.011
921 245 10 12 0.011
904 242 8 10 0.011
354 144 5 5 0.011
363 190 6 7 0.011
232 189 8 9 0.011
412 284 8 10 0.011
470 224 7 10 0.010
372 230 10 13 0.010
272 293 9 13 0.010
421 270 7 9 0.010
823 252 8 11 0.010
203 240 7 11 0.010
