5_Car_Accident_Accident_5_633
28
98 74 58 111 0.725
450 456 88 56 0.664
162 285 16 24 0.586
243 280 16 23 0.585
816 320 10 13 0.405
801 325 10 13 0.296
490 272 30 47 0.277
784 331 9 11 0.235
417 296 11 13 0.224
855 325 12 15 0.195
730 316 9 12 0.173
387 298 10 13 0.152
786 331 11 12 0.107
781 333 7 9 0.033
821 340 10 12 0.026
796 325 9 11 0.026
497 278 35 46 0.025
626 304 34 39 0.023
443 450 67 53 0.022
485 446 66 50 0.017
250 282 14 20 0.016
1005 472 18 23 0.014
96 165 32 37 0.013
818 316 10 13 0.013
487 264 26 45 0.013
812 308 7 10 0.012
660 361 25 36 0.012
421 296 11 14 0.011
