5_Car_Accident_Accident_5_474
39
801 143 19 23 0.741
242 120 20 25 0.739
554 136 17 22 0.693
347 140 19 25 0.677
623 143 19 22 0.571
593 149 18 26 0.460
604 145 19 25 0.430
297 144 17 21 0.348
136 103 22 30 0.323
838 141 17 20 0.299
303 148 15 20 0.092
498 127 16 22 0.085
181 100 20 29 0.084
401 140 12 18 0.064
840 45 25 30 0.057
963 185 6 9 0.046
507 128 13 20 0.044
454 77 24 26 0.039
287 139 15 19 0.036
284 137 14 17 0.036
695 136 12 22 0.034
353 17 13 15 0.034
129 106 20 26 0.031
73 167 25 26 0.029
614 141 18 23 0.022
509 152 14 19 0.019
188 110 17 26 0.018
161 101 23 28 0.016
146 110 19 26 0.016
133 112 21 27 0.015
504 153 13 19 0.014
585 153 18 24 0.014
309 148 13 19 0.013
621 133 19 23 0.013
965 186 7 9 0.012
149 114 21 27 0.012
171 97 20 25 0.011
292 170 19 24 0.010
355 11 12 14 0.010
