5_Car_Accident_Accident_5_642
40
58 670 15 19 0.616
582 745 13 16 0.570
538 744 14 16 0.550
492 619 16 17 0.463
367 721 15 20 0.380
698 741 17 17 0.377
755 637 9 12 0.348
640 750 12 14 0.328
476 719 12 15 0.189
709 763 18 21 0.154
754 635 8 11 0.062
572 667 7 9 0.056
610 649 7 9 0.055
617 664 7 9 0.039
614 663 7 10 0.038
479 717 13 15 0.028
480 724 11 14 0.027
730 755 15 20 0.026
309 727 18 21 0.025
801 726 17 22 0.024
477 642 11 15 0.023
716 748 16 17 0.021
478 154 56 66 0.020
579 649 8 8 0.016
612 658 9 12 0.015
277 635 6 7 0.014
506 644 12 14 0.014
634 754 14 14 0.014
615 667 8 9 0.014
498 635 15 16 0.013
686 765 13 17 0.013
700 759 17 19 0.013
798 730 15 19 0.012
542 753 12 16 0.011
236 638 7 7 0.011
605 647 8 9 0.011
544 764 12 14 0.011
695 738 22 27 0.011
300 726 16 21 0.010
481 739 11 13 0.010
