5_Car_Accident_Accident_5_510
53
279 275 31 40 0.693
578 459 47 60 0.685
244 250 27 32 0.681
195 288 37 44 0.675
386 238 29 38 0.669
341 209 32 37 0.654
320 279 31 40 0.604
57 243 39 55 0.591
439 243 22 33 0.485
117 237 35 45 0.260
304 259 24 30 0.244
507 227 27 29 0.230
44 250 34 50 0.202
447 455 42 57 0.190
541 234 23 28 0.154
480 255 25 35 0.151
422 249 26 36 0.128
549 265 24 32 0.117
167 288 27 34 0.099
537 271 26 32 0.081
429 243 24 33 0.078
86 264 39 47 0.073
557 267 22 29 0.062
300 255 23 28 0.056
40 259 28 39 0.050
0 273 11 29 0.049
177 285 29 35 0.046
501 229 29 39 0.041
165 255 25 31 0.038
2 273 18 33 0.037
475 245 21 28 0.037
362 263 23 31 0.029
419 259 23 31 0.027
157 256 23 30 0.026
532 246 26 31 0.025
468 260 25 32 0.022
179 1192 644 175 0.020
156 292 28 32 0.017
239 234 23 28 0.017
713 251 18 21 0.017
720 253 17 21 0.016
1014 239 10 57 0.016
459 243 22 30 0.015
510 548 53 60 0.015
232 236 22 27 0.014
12 279 20 27 0.014
698 244 14 19 0.013
422 233 25 34 0.013
178 264 26 32 0.012
378 298 24 31 0.011
697 260 18 22 0.010
93 239 43 52 0.010
335 257 22 27 0.010
