61_Street_Battle_streetfight_61_432
80
638 515 33 44 0.827
147 232 39 51 0.823
143 299 32 43 0.822
807 418 28 39 0.803
645 319 26 34 0.802
417 529 31 45 0.801
500 503 33 40 0.794
739 321 27 35 0.787
102 152 29 37 0.785
179 148 27 36 0.780
501 296 28 35 0.779
886 323 24 26 0.775
711 396 31 44 0.760
967 375 27 32 0.755
587 216 18 25 0.754
794 286 19 25 0.741
847 323 22 28 0.736
547 237 25 28 0.729
622 269 23 30 0.729
264 172 18 22 0.724
653 201 15 20 0.716
762 246 16 21 0.707
834 286 16 20 0.704
633 214 17 23 0.702
213 212 27 37 0.695
796 261 15 18 0.693
901 281 17 21 0.687
846 271 16 22 0.679
824 266 13 17 0.645
523 207 20 25 0.642
850 400 28 35 0.642
319 149 20 28 0.606
934 268 11 14 0.563
508 184 17 24 0.456
128 181 28 34 0.416
266 212 30 34 0.399
946 329 21 23 0.381
921 397 22 30 0.326
301 208 24 28 0.234
418 160 29 52 0.202
831 344 18 24 0.196
728 263 16 22 0.189
732 229 12 19 0.158
448 182 20 39 0.141
640 240 19 22 0.116
454 189 20 31 0.086
321 111 14 20 0.086
731 250 13 23 0.085
1018 280 5 20 0.083
832 370 20 26 0.073
474 161 16 22 0.067
504 405 29 37 0.048
451 309 23 32 0.047
454 181 17 25 0.034
988 381 19 26 0.029
943 294 15 16 0.028
734 264 14 21 0.026
713 260 21 25 0.021
287 304 31 41 0.020
859 271 12 17 0.020
469 162 15 20 0.020
285 213 26 32 0.019
455 315 27 36 0.017
827 318 18 21 0.017
1017 293 6 25 0.016
612 243 17 20 0.016
201 211 26 36 0.016
544 253 24 32 0.015
726 229 15 21 0.015
921 290 12 18 0.015
429 173 33 51 0.015
966 274 10 14 0.014
232 194 23 31 0.013
923 386 21 29 0.013
1016 302 8 23 0.013
694 268 17 23 0.012
458 175 15 19 0.012
730 257 13 21 0.011
936 271 12 13 0.011
988 312 19 23 0.010
