61_Street_Battle_streetfight_61_211
30
246 940 132 117 0.755
127 542 39 53 0.743
173 528 37 44 0.729
830 176 82 137 0.717
271 521 36 46 0.711
978 622 37 47 0.703
881 619 37 48 0.702
35 507 42 56 0.684
221 528 32 43 0.659
323 540 35 42 0.655
911 563 32 40 0.586
991 579 31 44 0.548
351 568 30 38 0.386
954 580 22 30 0.317
888 553 27 31 0.302
432 958 161 151 0.265
331 419 38 98 0.226
946 573 26 34 0.183
5 527 20 34 0.135
958 573 23 31 0.114
1010 508 14 32 0.086
961 561 23 29 0.080
960 531 19 22 0.059
256 509 27 38 0.039
91 522 24 33 0.031
104 544 26 37 0.025
113 885 55 44 0.024
883 557 24 30 0.018
670 668 109 83 0.017
1009 687 17 46 0.013
