61_Street_Battle_streetfight_61_430
69
139 449 18 23 0.737
864 484 19 24 0.733
917 581 22 27 0.729
841 460 17 20 0.717
952 433 21 26 0.711
571 470 25 36 0.698
911 389 16 18 0.685
35 452 19 23 0.678
164 457 18 21 0.665
692 452 17 22 0.661
291 453 17 23 0.655
199 460 17 21 0.651
454 449 19 23 0.636
519 459 19 21 0.627
797 458 14 17 0.625
625 464 19 23 0.612
429 475 17 23 0.604
91 463 16 20 0.602
232 461 21 27 0.598
273 459 12 15 0.575
552 468 16 20 0.538
907 428 20 25 0.529
919 429 24 27 0.511
860 452 15 17 0.501
596 444 13 16 0.492
140 378 14 17 0.435
370 461 22 36 0.418
739 455 18 22 0.402
710 456 16 18 0.400
963 527 40 81 0.384
976 450 16 18 0.379
476 451 15 19 0.360
311 464 13 16 0.308
747 22 18 22 0.273
761 449 15 21 0.244
52 453 15 18 0.240
65 444 17 19 0.147
1016 450 8 20 0.123
216 446 15 20 0.114
704 452 15 20 0.096
981 447 16 19 0.091
376 474 17 25 0.080
379 459 16 24 0.075
385 456 15 20 0.056
119 464 12 15 0.054
215 437 15 16 0.053
1011 372 13 17 0.042
315 466 13 17 0.038
501 464 13 15 0.037
676 441 11 14 0.036
589 442 21 26 0.031
68 459 14 18 0.030
598 447 14 18 0.028
956 415 14 16 0.026
690 450 14 17 0.024
16 452 12 15 0.024
59 442 20 25 0.021
993 439 16 20 0.020
623 460 16 20 0.020
673 443 10 14 0.017
365 455 20 34 0.015
96 467 16 18 0.014
959 502 38 83 0.013
239 442 13 17 0.013
278 460 13 17 0.013
731 451 16 20 0.012
848 455 16 18 0.011
285 448 13 17 0.011
522 473 16 18 0.010
