6_Funeral_Funeral_6_109
43
195 212 31 39 0.795
122 214 31 40 0.789
453 299 24 29 0.786
594 300 24 29 0.780
422 237 24 28 0.779
389 310 27 35 0.771
718 292 22 28 0.768
660 295 20 26 0.767
521 230 19 25 0.761
779 226 17 22 0.760
353 224 26 32 0.756
588 226 20 25 0.754
740 249 18 22 0.752
803 251 20 23 0.746
617 218 19 24 0.745
914 218 20 24 0.741
303 197 21 26 0.740
413 204 20 23 0.733
303 225 25 32 0.732
547 218 19 23 0.723
645 216 21 26 0.720
881 233 18 22 0.720
369 204 20 27 0.706
697 245 18 23 0.703
247 218 28 34 0.702
568 210 18 21 0.686
715 249 17 21 0.677
501 230 17 22 0.663
572 322 22 28 0.662
487 214 19 22 0.641
459 224 22 28 0.631
272 222 23 32 0.595
836 240 17 19 0.582
488 244 18 24 0.470
709 233 13 16 0.286
562 236 16 19 0.242
334 221 18 24 0.147
265 219 24 34 0.141
673 229 13 17 0.055
859 252 14 19 0.026
628 254 16 18 0.020
224 202 17 23 0.017
454 224 19 24 0.015
