6_Funeral_Funeral_6_531
52
81 332 20 24 0.740
45 336 21 25 0.712
164 319 16 19 0.692
136 324 18 23 0.683
230 328 12 16 0.651
384 267 11 14 0.633
198 316 12 15 0.568
353 278 10 12 0.559
322 278 12 16 0.543
413 265 11 13 0.538
435 252 9 12 0.531
262 291 12 16 0.489
448 248 8 11 0.468
338 279 10 13 0.459
460 258 8 10 0.393
249 309 11 13 0.325
480 243 8 10 0.324
291 299 10 14 0.312
273 285 9 13 0.300
117 325 10 16 0.295
538 233 10 11 0.280
222 307 10 12 0.254
403 261 8 11 0.226
524 232 9 11 0.221
268 291 12 15 0.121
541 234 9 10 0.109
485 254 9 10 0.106
485 258 9 10 0.103
511 230 9 10 0.088
582 234 9 9 0.084
484 246 9 10 0.071
602 228 7 9 0.065
514 248 9 10 0.051
247 293 10 15 0.042
104 331 10 14 0.037
557 224 8 9 0.036
282 289 10 13 0.035
288 302 10 14 0.034
491 251 8 10 0.028
277 286 10 12 0.025
129 325 15 20 0.023
417 259 10 12 0.020
525 230 12 14 0.020
181 321 11 14 0.018
963 220 14 16 0.017
156 319 14 17 0.015
622 239 7 10 0.015
963 240 10 12 0.014
351 275 10 12 0.014
336 274 9 12 0.013
323 274 10 13 0.012
551 37 7 9 0.012
