6_Funeral_Funeral_6_177
75
783 154 38 46 0.809
900 191 32 40 0.755
549 212 36 59 0.752
419 256 32 47 0.751
876 154 31 38 0.747
536 256 27 37 0.738
448 257 26 42 0.723
627 184 34 42 0.722
492 259 30 38 0.711
264 176 38 60 0.702
689 170 27 43 0.695
915 150 26 38 0.672
226 230 28 45 0.669
964 155 24 34 0.650
412 174 13 15 0.550
516 190 12 17 0.489
448 186 12 14 0.452
397 191 13 21 0.412
358 188 11 13 0.408
433 255 34 47 0.364
892 180 35 45 0.244
149 184 23 26 0.237
1002 198 22 37 0.164
7 200 14 17 0.143
1013 165 11 24 0.143
555 187 10 12 0.141
161 192 17 19 0.141
603 184 11 13 0.138
439 234 17 21 0.132
774 195 13 16 0.121
251 192 34 59 0.118
606 183 10 12 0.116
833 176 19 24 0.072
413 194 12 17 0.057
737 182 12 15 0.051
769 196 13 17 0.050
500 186 12 16 0.044
833 167 18 25 0.043
64 218 44 57 0.043
504 186 12 18 0.040
778 192 12 21 0.040
254 199 11 15 0.038
167 195 15 17 0.035
521 227 17 24 0.032
235 179 17 18 0.031
418 175 10 15 0.028
762 198 10 11 0.026
833 141 16 22 0.026
257 196 12 20 0.025
601 186 14 17 0.024
164 199 15 18 0.024
432 235 26 33 0.023
480 197 12 15 0.021
733 178 14 19 0.020
542 179 10 13 0.020
540 198 12 18 0.018
18 196 12 16 0.018
612 182 10 13 0.018
12 195 14 17 0.017
595 181 9 11 0.016
483 199 13 16 0.015
529 223 11 18 0.015
385 188 13 19 0.014
374 192 12 16 0.014
500 181 12 16 0.013
757 196 13 16 0.013
495 186 13 17 0.012
759 196 8 12 0.012
374 166 10 12 0.012
35 222 25 39 0.012
411 201 12 19 0.012
340 150 11 13 0.012
408 171 19 25 0.011
477 193 10 13 0.010
1008 162 18 31 0.010
