6_Funeral_Funeral_6_160
33
201 179 64 86 0.810
364 306 43 57 0.803
872 251 64 89 0.793
783 207 51 75 0.790
26 226 59 103 0.786
898 98 60 84 0.784
153 216 66 92 0.781
612 373 39 53 0.765
865 209 55 75 0.717
-2 130 53 145 0.712
44 78 50 91 0.684
719 156 39 58 0.682
359 218 33 46 0.682
750 170 47 72 0.650
265 199 50 74 0.628
834 122 48 65 0.615
998 83 24 94 0.342
85 195 43 61 0.324
765 186 51 76 0.303
290 185 39 61 0.250
1004 66 20 85 0.210
723 196 32 54 0.176
993 115 28 74 0.141
133 181 45 59 0.134
733 188 39 59 0.071
138 184 33 38 0.029
115 190 50 55 0.023
520 402 20 23 0.016
1008 63 14 59 0.016
0 202 35 88 0.012
306 182 31 53 0.011
1001 180 19 55 0.011
66 206 46 69 0.010
