6_Funeral_Funeral_6_618
48
541 2019 217 221 0.742
733 465 131 156 0.723
535 1190 91 106 0.580
260 2468 74 99 0.568
643 3350 119 136 0.491
915 4311 105 131 0.468
164 521 37 46 0.379
383 507 43 53 0.246
368 495 48 56 0.245
273 488 49 56 0.240
354 486 49 58 0.231
342 479 41 50 0.212
145 513 39 47 0.183
204 484 34 44 0.153
419 4366 90 115 0.146
79 495 34 44 0.137
874 565 72 101 0.106
105 494 43 52 0.101
70 2488 50 75 0.087
64 508 35 45 0.081
400 519 37 44 0.075
186 2466 50 71 0.070
69 491 33 41 0.069
426 3382 98 88 0.068
419 3365 79 72 0.065
336 1259 87 92 0.049
310 1274 74 87 0.048
313 1168 44 50 0.044
243 2490 76 87 0.042
314 501 41 49 0.039
473 3413 97 94 0.037
65 2482 42 65 0.025
227 4366 84 110 0.025
886 2573 37 48 0.023
122 2591 32 41 0.021
411 550 38 49 0.021
546 466 34 37 0.019
308 1182 54 66 0.017
629 2071 156 163 0.017
411 594 42 49 0.016
68 2506 38 65 0.014
113 2562 36 48 0.014
104 2460 37 50 0.013
381 3376 87 83 0.013
591 4386 87 103 0.012
48 4387 75 93 0.011
726 2529 56 64 0.010
681 3407 102 136 0.010
