6_Funeral_Funeral_6_696
51
459 169 63 84 0.865
562 62 63 92 0.833
676 115 63 86 0.826
970 170 52 63 0.820
558 205 58 89 0.805
897 131 44 58 0.795
409 87 54 62 0.783
330 176 27 34 0.780
160 191 33 44 0.775
817 144 51 71 0.766
266 151 26 32 0.762
21 200 26 32 0.738
118 186 30 35 0.735
59 195 25 32 0.718
92 156 19 24 0.711
220 172 20 28 0.702
366 176 21 27 0.700
60 173 20 24 0.686
5 174 26 33 0.679
389 145 28 41 0.670
23 161 20 25 0.652
293 163 17 23 0.639
958 155 23 33 0.546
804 160 21 27 0.534
551 147 17 28 0.502
171 163 20 23 0.463
93 183 26 33 0.456
349 159 13 15 0.338
517 161 15 20 0.308
535 173 14 19 0.207
366 168 16 21 0.175
295 48 6 9 0.160
782 156 14 18 0.091
960 154 30 45 0.085
223 158 14 18 0.085
549 148 14 21 0.079
159 174 18 22 0.069
804 160 31 44 0.049
289 166 19 26 0.047
349 156 11 13 0.025
777 156 16 22 0.024
561 313 40 57 0.020
371 169 21 28 0.020
559 80 45 72 0.019
1013 123 12 31 0.017
344 158 14 16 0.013
553 151 22 34 0.012
178 166 19 23 0.012
295 51 7 9 0.012
14 188 26 32 0.010
808 171 38 46 0.010
