7_Cheering_Cheering_7_29
642
358 243 14 17 0.686
572 215 14 20 0.676
205 92 12 15 0.662
444 169 14 17 0.661
890 214 15 19 0.655
411 199 14 18 0.652
164 144 12 15 0.647
619 176 13 18 0.647
70 277 14 18 0.647
480 305 15 16 0.647
811 366 16 18 0.643
431 441 14 17 0.639
515 277 15 18 0.636
478 331 15 19 0.634
466 358 14 20 0.634
899 349 14 20 0.633
909 125 14 18 0.632
880 246 14 17 0.632
712 292 17 18 0.632
976 335 15 19 0.632
593 123 13 18 0.631
254 229 13 17 0.631
347 432 16 18 0.631
437 126 13 17 0.627
270 106 12 15 0.619
607 237 14 18 0.619
937 115 14 16 0.615
961 298 14 17 0.615
681 174 14 17 0.613
995 222 13 16 0.612
111 126 14 16 0.612
728 164 14 17 0.611
21 153 15 17 0.610
806 276 14 18 0.607
195 270 14 16 0.605
363 359 14 19 0.603
612 358 14 19 0.603
93 293 13 15 0.598
226 397 15 17 0.595
839 340 14 16 0.593
244 43 12 14 0.591
224 140 12 14 0.591
547 352 15 18 0.584
826 231 14 17 0.584
767 266 14 17 0.582
323 273 14 17 0.577
100 369 14 16 0.568
531 137 13 15 0.566
304 206 14 16 0.564
370 295 14 16 0.563
173 108 13 18 0.558
403 291 13 16 0.557
663 54 12 15 0.554
38 168 12 16 0.552
590 95 13 16 0.552
17 293 13 16 0.552
213 238 13 16 0.550
98 309 13 16 0.545
950 251 15 18 0.541
169 373 13 16 0.540
605 81 12 14 0.536
307 85 11 15 0.529
41 357 14 18 0.528
999 187 13 14 0.527
126 266 14 15 0.527
338 167 12 16 0.527
555 86 13 15 0.521
215 118 12 14 0.519
350 337 13 17 0.515
614 417 13 17 0.509
920 93 12 15 0.508
156 268 13 15 0.505
937 293 14 18 0.503
193 120 10 14 0.501
632 367 14 16 0.501
978 192 13 15 0.497
555 183 14 16 0.494
354 87 12 15 0.492
193 399 14 17 0.492
2 113 11 14 0.489
723 117 14 16 0.486
249 287 13 16 0.486
678 116 12 15 0.486
842 95 13 15 0.485
980 118 13 16 0.485
1001 332 14 17 0.481
768 491 19 21 0.481
973 92 12 16 0.479
679 139 13 16 0.477
275 130 12 15 0.470
247 103 12 14 0.468
388 199 12 16 0.468
1005 85 12 17 0.465
309 107 11 15 0.463
655 464 17 18 0.461
279 252 13 15 0.458
820 95 12 15 0.456
790 210 13 18 0.450
804 99 11 15 0.441
341 130 10 15 0.438
822 267 14 17 0.437
760 127 12 17 0.435
46 306 13 18 0.428
624 115 12 14 0.427
172 74 12 14 0.421
705 317 16 18 0.412
153 112 11 14 0.402
929 219 14 18 0.399
419 427 13 16 0.398
613 447 13 16 0.397
882 110 12 16 0.386
260 428 15 16 0.384
72 87 10 14 0.380
520 109 13 17 0.377
392 141 13 16 0.375
65 331 13 14 0.372
825 294 12 15 0.368
708 94 11 13 0.364
842 315 13 17 0.359
404 323 14 17 0.358
509 173 12 17 0.355
926 382 13 16 0.343
352 398 14 17 0.343
100 212 12 16 0.343
632 422 14 17 0.342
77 73 9 12 0.333
216 69 10 12 0.330
939 466 17 19 0.326
687 273 13 17 0.319
587 452 14 16 0.308
776 453 15 17 0.307
411 350 14 16 0.306
371 329 14 16 0.302
300 326 14 16 0.301
406 95 13 16 0.298
772 320 15 20 0.296
157 27 10 12 0.294
278 87 12 14 0.289
738 105 10 13 0.285
377 340 14 17 0.280
308 265 12 16 0.276
904 82 13 14 0.273
34 262 11 15 0.271
477 172 13 16 0.270
785 88 12 15 0.268
908 98 12 15 0.267
381 114 12 17 0.267
629 141 13 15 0.267
774 313 16 20 0.264
451 388 12 16 0.264
862 99 13 16 0.260
778 105 12 15 0.257
0 317 6 17 0.257
281 441 15 17 0.257
827 214 15 17 0.251
725 356 12 17 0.240
357 102 13 15 0.234
892 298 13 20 0.230
460 469 14 16 0.222
671 130 13 16 0.221
579 116 12 16 0.217
502 78 12 14 0.200
26 159 14 17 0.199
414 347 14 16 0.198
0 199 8 17 0.197
520 239 13 18 0.195
606 208 12 17 0.194
988 98 11 14 0.193
11 98 12 14 0.192
629 88 12 14 0.191
1004 495 18 15 0.189
463 98 12 15 0.189
49 382 14 15 0.184
132 87 11 13 0.184
497 105 12 16 0.178
72 403 13 15 0.171
247 283 12 17 0.166
618 209 15 19 0.164
781 95 12 16 0.162
980 94 12 16 0.159
888 91 12 15 0.155
758 102 11 15 0.154
726 448 13 17 0.153
374 334 15 17 0.152
67 87 12 15 0.151
444 330 14 18 0.149
774 309 14 17 0.148
487 202 12 16 0.145
273 370 13 15 0.144
49 91 11 15 0.143
308 92 11 15 0.142
356 92 12 16 0.142
158 293 12 16 0.142
109 97 10 14 0.141
903 85 13 16 0.138
559 181 14 17 0.136
152 323 12 17 0.133
136 111 12 15 0.131
465 394 15 19 0.130
694 156 12 15 0.129
622 137 12 15 0.129
609 99 11 15 0.128
612 209 15 17 0.127
174 286 12 17 0.127
769 325 15 20 0.127
58 81 10 13 0.125
763 120 13 17 0.125
738 136 13 17 0.125
844 441 13 18 0.124
533 181 13 16 0.124
528 141 12 16 0.122
914 94 14 16 0.122
533 490 15 17 0.121
869 476 14 17 0.120
8 56 8 9 0.119
854 211 12 16 0.115
504 173 13 16 0.112
219 117 13 14 0.111
884 368 14 18 0.109
359 350 15 18 0.109
331 175 11 15 0.109
413 405 14 16 0.108
527 362 14 18 0.108
368 420 14 16 0.108
639 140 13 15 0.107
54 87 11 15 0.107
176 74 11 13 0.106
452 207 13 17 0.106
708 98 12 16 0.106
74 128 12 16 0.105
176 435 14 17 0.105
1016 288 8 19 0.104
455 115 11 15 0.099
318 256 12 15 0.099
585 96 13 16 0.099
765 231 13 17 0.099
157 93 10 12 0.098
694 68 12 15 0.097
1007 425 14 17 0.096
517 86 12 14 0.095
774 490 18 21 0.095
5 340 12 18 0.094
489 271 12 16 0.094
580 417 15 17 0.094
459 392 15 18 0.093
572 110 12 16 0.093
417 306 13 16 0.093
274 84 11 15 0.089
271 374 14 18 0.089
208 458 14 17 0.089
378 90 10 14 0.088
746 348 13 19 0.088
250 419 13 17 0.086
625 122 13 17 0.085
530 494 15 16 0.085
291 210 12 16 0.084
568 411 12 15 0.083
266 92 11 14 0.082
694 424 15 19 0.081
996 259 14 17 0.081
865 89 12 15 0.081
191 239 11 16 0.080
325 75 11 14 0.080
18 124 10 12 0.078
380 394 15 18 0.078
92 93 10 15 0.077
384 108 14 17 0.075
660 467 16 17 0.075
277 437 15 17 0.072
964 118 11 15 0.070
447 326 14 19 0.069
363 103 12 15 0.069
645 141 12 15 0.069
690 433 16 20 0.069
489 206 13 16 0.068
948 92 13 14 0.068
837 119 11 14 0.066
380 388 15 18 0.065
659 280 14 17 0.064
55 144 11 14 0.064
119 243 12 16 0.063
543 98 13 16 0.063
401 463 13 15 0.063
491 268 14 16 0.063
0 467 12 19 0.063
209 464 11 14 0.062
835 196 14 16 0.061
708 104 12 16 0.061
1008 89 12 18 0.061
403 111 13 16 0.060
62 362 12 14 0.059
685 234 14 17 0.058
124 378 13 17 0.058
799 450 14 17 0.058
696 160 12 16 0.058
75 122 11 17 0.057
256 143 12 15 0.057
564 408 14 16 0.057
438 100 12 15 0.056
207 446 15 17 0.056
194 237 12 16 0.056
617 288 14 18 0.055
240 101 11 13 0.055
342 396 14 18 0.054
313 431 13 17 0.053
363 79 10 13 0.053
920 499 17 11 0.052
555 96 13 17 0.052
427 483 16 16 0.052
333 326 11 15 0.051
541 94 11 14 0.050
690 297 14 17 0.050
435 93 12 15 0.050
4 326 11 17 0.050
521 86 12 14 0.049
909 171 15 18 0.049
451 299 11 18 0.049
371 275 12 15 0.049
423 341 12 16 0.049
386 396 14 16 0.049
845 446 14 19 0.049
904 170 16 18 0.048
645 116 11 16 0.048
501 74 12 14 0.048
432 91 12 14 0.048
38 83 9 12 0.047
80 73 10 13 0.047
935 217 15 18 0.047
172 307 13 18 0.047
384 189 13 16 0.047
526 245 14 19 0.046
106 328 12 18 0.046
497 215 14 15 0.046
958 83 11 13 0.046
849 278 14 19 0.045
184 77 10 13 0.045
537 257 13 17 0.045
43 93 11 14 0.045
15 323 11 16 0.045
692 410 15 20 0.044
913 177 15 17 0.044
550 126 13 17 0.044
381 124 12 17 0.044
153 304 12 17 0.044
691 401 16 20 0.043
772 98 12 15 0.043
535 253 13 17 0.043
932 293 14 17 0.043
676 425 13 18 0.042
500 261 13 15 0.041
651 51 10 15 0.041
30 90 10 14 0.041
273 383 14 17 0.040
1005 201 14 17 0.040
120 402 14 18 0.040
499 77 11 13 0.040
20 290 13 18 0.039
407 345 13 17 0.039
382 200 13 17 0.039
446 385 14 18 0.039
177 257 11 16 0.039
776 460 17 19 0.038
815 471 15 16 0.038
842 122 13 14 0.038
830 290 14 17 0.038
327 102 11 15 0.037
667 53 12 15 0.037
758 257 14 17 0.037
793 451 16 18 0.036
390 144 12 17 0.036
655 52 12 15 0.036
533 239 13 18 0.036
103 324 13 18 0.036
129 96 11 15 0.036
806 343 11 15 0.036
539 488 15 16 0.035
910 501 17 10 0.035
225 471 12 15 0.035
839 271 14 18 0.035
204 441 14 17 0.035
377 383 14 17 0.035
676 281 13 18 0.035
65 436 14 16 0.034
823 167 12 16 0.034
620 134 11 16 0.034
897 168 14 16 0.034
536 104 12 16 0.034
180 78 11 13 0.034
453 167 12 16 0.034
315 270 13 17 0.034
848 271 13 20 0.033
915 496 17 15 0.033
24 93 11 15 0.033
349 265 11 14 0.033
368 465 13 15 0.032
246 416 15 15 0.032
552 400 13 16 0.032
951 85 13 13 0.031
274 249 13 17 0.031
47 478 15 16 0.031
663 282 14 17 0.031
1011 136 11 16 0.031
894 445 13 18 0.030
502 215 14 16 0.030
174 311 13 18 0.030
663 497 16 14 0.030
95 362 13 17 0.029
447 103 12 14 0.029
694 61 12 15 0.029
566 104 13 16 0.029
478 178 12 17 0.029
581 501 15 11 0.028
440 327 13 18 0.028
969 203 13 16 0.028
693 74 13 15 0.028
372 265 13 16 0.027
1007 135 12 15 0.027
468 390 15 18 0.027
662 103 11 14 0.027
682 238 15 18 0.027
190 44 10 13 0.027
784 488 14 18 0.027
11 94 10 13 0.027
170 313 13 18 0.027
640 436 13 18 0.027
37 471 16 19 0.027
66 504 14 8 0.026
1017 298 7 19 0.026
562 442 11 15 0.026
367 300 15 17 0.026
239 258 12 15 0.026
497 446 10 15 0.026
277 366 14 15 0.026
409 438 14 18 0.026
530 219 13 17 0.025
946 195 12 15 0.025
381 182 12 16 0.025
812 467 14 19 0.025
280 392 15 17 0.025
949 295 14 17 0.025
298 206 13 16 0.025
389 365 12 17 0.025
629 370 14 17 0.025
166 116 11 15 0.024
2 328 9 18 0.024
578 494 16 14 0.024
43 470 16 19 0.024
903 502 17 10 0.024
867 86 12 15 0.024
233 95 11 14 0.024
446 89 11 14 0.024
853 122 13 14 0.024
548 103 13 17 0.023
797 211 14 17 0.023
456 505 17 7 0.023
19 420 15 17 0.023
843 437 12 17 0.023
469 402 15 16 0.023
158 327 13 18 0.023
912 169 16 17 0.023
430 477 15 18 0.022
1017 386 7 18 0.022
406 116 12 15 0.022
638 496 16 15 0.022
558 446 14 16 0.022
70 122 11 15 0.022
44 301 12 17 0.022
541 496 17 14 0.022
886 85 12 15 0.021
33 442 14 17 0.021
454 319 14 18 0.021
353 501 15 10 0.021
520 497 15 14 0.021
1003 488 16 18 0.021
704 264 14 17 0.021
642 433 14 17 0.021
74 90 11 14 0.020
260 105 12 15 0.020
527 425 15 18 0.020
334 107 11 16 0.020
341 109 11 16 0.020
710 319 15 19 0.020
954 329 13 17 0.020
290 391 14 17 0.020
569 122 14 17 0.020
580 276 14 18 0.019
778 251 12 15 0.019
850 288 13 18 0.019
477 407 14 15 0.019
19 429 14 18 0.019
740 324 12 19 0.019
85 333 13 16 0.019
378 102 11 16 0.019
452 293 12 18 0.019
202 503 15 9 0.019
591 453 13 17 0.019
50 262 14 14 0.019
195 317 13 16 0.019
84 451 14 18 0.019
918 184 13 17 0.018
688 405 15 19 0.018
963 92 13 15 0.018
117 124 13 16 0.018
97 291 12 16 0.018
433 334 13 16 0.018
525 485 14 17 0.018
586 426 14 16 0.018
690 101 12 15 0.018
4 138 11 15 0.018
513 479 12 16 0.018
490 188 14 18 0.018
1005 130 12 15 0.017
218 382 12 16 0.017
743 476 13 18 0.017
827 265 13 17 0.017
295 383 14 18 0.017
562 158 12 17 0.017
690 444 14 18 0.017
861 212 13 16 0.017
955 254 14 19 0.017
933 114 13 16 0.017
981 189 13 16 0.017
49 141 10 14 0.017
302 381 13 18 0.017
970 208 13 17 0.017
375 324 14 18 0.017
750 354 14 18 0.016
981 297 12 16 0.016
44 348 14 18 0.016
921 284 15 17 0.016
912 490 15 17 0.016
122 393 14 20 0.016
967 279 14 17 0.016
650 462 16 19 0.016
924 129 10 14 0.016
372 145 11 15 0.016
677 248 13 17 0.016
535 481 14 17 0.016
34 83 10 13 0.016
283 446 16 19 0.016
860 86 12 15 0.016
566 180 12 15 0.016
220 68 11 13 0.015
1004 261 11 18 0.015
822 211 14 18 0.015
413 95 13 16 0.015
508 79 13 15 0.015
824 188 13 16 0.015
42 479 16 18 0.015
0 493 11 15 0.015
277 134 12 17 0.015
446 84 11 13 0.015
20 415 14 16 0.015
722 449 14 19 0.015
33 468 15 19 0.015
947 179 11 17 0.015
532 229 13 19 0.014
110 474 14 17 0.014
639 103 11 15 0.014
480 90 10 14 0.014
594 433 12 16 0.014
552 347 14 18 0.014
847 263 13 17 0.014
79 127 11 15 0.014
154 332 11 16 0.014
807 209 14 17 0.014
197 286 11 13 0.014
79 325 13 16 0.014
586 359 12 16 0.014
612 411 11 16 0.014
500 109 12 17 0.014
373 420 14 16 0.014
330 75 12 15 0.013
60 148 11 15 0.013
346 391 15 18 0.013
666 76 12 16 0.013
439 433 13 18 0.013
575 487 16 17 0.013
407 352 13 16 0.013
213 472 16 15 0.013
433 197 13 16 0.013
899 299 13 20 0.013
787 60 11 14 0.013
73 140 12 15 0.013
934 471 18 20 0.013
845 234 12 17 0.013
789 123 11 15 0.013
257 68 11 14 0.013
466 241 13 16 0.013
894 167 12 15 0.012
1 222 8 17 0.012
944 98 12 15 0.012
109 124 12 16 0.012
805 231 12 16 0.012
338 504 15 8 0.012
361 121 12 15 0.012
2 200 11 17 0.012
113 82 9 13 0.012
103 308 13 17 0.012
939 240 11 17 0.012
761 233 14 16 0.012
1013 162 10 16 0.012
351 315 12 16 0.012
29 155 13 16 0.012
826 278 13 18 0.012
948 488 16 17 0.012
496 260 12 15 0.012
494 274 12 15 0.012
650 142 11 15 0.011
918 205 14 19 0.011
436 439 14 18 0.011
532 427 15 18 0.011
561 436 12 15 0.011
946 250 13 17 0.011
808 503 17 9 0.011
88 337 12 16 0.011
2 347 11 15 0.011
458 221 12 17 0.011
668 249 15 18 0.011
138 116 11 16 0.011
903 291 14 19 0.011
74 411 14 17 0.011
249 424 14 18 0.011
847 436 14 19 0.011
45 283 12 17 0.011
656 499 19 13 0.011
469 95 11 14 0.011
418 403 15 17 0.011
947 174 13 17 0.011
287 51 11 13 0.011
262 66 11 14 0.011
1000 338 13 19 0.011
100 344 13 16 0.011
1014 312 10 18 0.011
391 132 13 18 0.010
699 270 14 17 0.010
427 498 17 11 0.010
732 447 14 17 0.010
641 400 14 16 0.010
883 327 13 17 0.010
344 473 13 16 0.010
686 440 15 19 0.010
