7_Cheering_Cheering_7_469
30
578 336 89 110 0.806
903 651 44 51 0.720
738 675 31 37 0.533
997 946 27 77 0.510
998 588 27 52 0.502
291 704 25 30 0.308
263 798 20 25 0.136
787 710 28 34 0.130
150 774 18 22 0.116
142 824 19 24 0.103
476 741 30 34 0.061
743 747 26 32 0.056
843 668 31 41 0.049
221 765 19 21 0.045
263 761 19 24 0.038
218 811 20 21 0.037
472 731 29 33 0.035
833 681 28 36 0.029
175 811 20 23 0.024
777 664 21 25 0.019
180 815 20 22 0.015
455 878 25 34 0.014
120 881 18 21 0.014
2 679 16 27 0.013
69 706 20 30 0.013
482 752 25 28 0.013
783 703 25 32 0.012
202 860 20 23 0.011
790 717 31 36 0.011
832 668 24 33 0.010
