7_Cheering_Cheering_7_118
40
873 287 112 152 0.888
567 238 96 134 0.865
27 280 103 129 0.865
296 219 99 126 0.863
778 210 100 146 0.859
415 233 101 121 0.806
924 93 23 28 0.401
852 118 22 27 0.314
985 136 18 24 0.290
11 218 42 51 0.283
958 29 21 28 0.280
1009 104 16 25 0.253
18 223 56 61 0.245
762 157 22 27 0.219
107 209 19 23 0.172
1008 172 16 27 0.157
1001 209 20 29 0.155
905 48 20 23 0.106
790 139 19 26 0.093
935 122 21 26 0.093
818 181 20 23 0.091
881 161 23 28 0.080
754 183 21 26 0.079
210 203 16 20 0.066
826 144 22 29 0.061
1006 81 15 23 0.050
238 159 19 23 0.047
854 73 24 31 0.040
889 163 20 25 0.037
1014 21 11 26 0.033
875 185 30 40 0.031
839 2 22 25 0.031
154 206 16 21 0.030
223 342 34 41 0.029
939 175 21 28 0.024
930 170 22 29 0.020
945 192 22 31 0.014
919 160 19 25 0.013
49 186 18 20 0.013
951 205 19 27 0.013
