8_Election_Campain_Election_Campaign_8_148
188
312 271 80 99 0.853
243 363 102 136 0.852
0 211 71 92 0.848
815 288 66 73 0.845
573 317 71 86 0.841
425 288 89 113 0.838
963 298 61 71 0.836
586 185 43 55 0.832
901 575 101 149 0.821
0 377 66 132 0.820
743 265 55 62 0.818
507 211 54 66 0.801
428 229 59 66 0.800
674 254 59 69 0.791
718 446 102 148 0.779
500 282 66 96 0.757
862 489 83 109 0.749
511 152 19 25 0.730
479 149 29 36 0.729
368 239 61 82 0.729
623 346 97 115 0.722
887 424 76 83 0.708
614 134 17 19 0.695
130 87 25 28 0.689
567 149 20 23 0.672
995 141 18 21 0.670
755 218 28 33 0.667
553 120 15 20 0.663
101 208 50 54 0.655
171 95 18 23 0.650
481 111 17 21 0.647
373 122 16 20 0.647
323 99 20 27 0.642
637 179 23 25 0.642
727 131 17 20 0.607
753 100 12 15 0.600
195 112 25 29 0.593
808 97 12 14 0.580
9 8 13 16 0.579
798 124 15 17 0.579
781 100 12 14 0.577
275 65 11 14 0.545
232 52 11 12 0.532
764 116 13 16 0.508
661 108 11 14 0.496
213 55 9 12 0.490
484 87 10 12 0.488
221 100 15 22 0.485
688 121 13 15 0.459
219 297 87 92 0.457
267 79 11 14 0.450
557 75 9 10 0.446
300 70 11 13 0.438
593 105 10 13 0.423
508 95 8 11 0.408
605 87 9 11 0.398
37 13 11 13 0.396
852 120 12 20 0.377
706 125 13 15 0.362
702 99 10 13 0.324
651 84 8 11 0.317
797 158 13 21 0.316
552 102 10 13 0.312
687 93 10 13 0.282
939 187 16 25 0.266
588 92 8 11 0.264
713 262 64 67 0.261
114 22 12 15 0.255
838 128 14 19 0.243
681 86 9 11 0.216
825 110 14 15 0.212
936 137 15 21 0.205
621 85 8 10 0.200
890 124 16 19 0.200
270 73 11 14 0.183
245 85 14 19 0.178
929 138 16 22 0.176
603 158 19 23 0.163
0 53 6 22 0.157
290 36 8 9 0.151
648 83 9 11 0.148
157 254 57 87 0.143
0 506 44 105 0.122
945 138 14 21 0.117
627 102 10 11 0.117
708 115 13 15 0.101
876 157 20 22 0.096
921 165 16 24 0.095
727 111 14 15 0.082
657 109 13 15 0.081
28 50 11 16 0.077
261 32 8 10 0.075
661 146 15 18 0.073
92 13 11 14 0.071
186 97 15 19 0.070
625 99 10 11 0.068
31 49 12 16 0.068
578 85 7 9 0.068
318 39 7 9 0.067
1011 409 13 63 0.064
223 25 8 10 0.063
994 175 16 22 0.063
25 51 10 15 0.062
631 101 9 12 0.061
0 62 7 25 0.060
934 184 18 24 0.058
678 86 9 11 0.056
761 118 14 17 0.056
491 70 7 8 0.056
155 6 12 15 0.054
521 70 7 9 0.054
37 124 18 23 0.052
782 104 11 16 0.051
0 74 4 24 0.050
883 157 19 23 0.049
800 160 16 21 0.048
519 70 7 8 0.048
341 44 8 10 0.043
628 104 11 12 0.042
214 96 16 21 0.038
925 141 15 24 0.038
312 27 7 9 0.036
902 247 36 44 0.034
589 90 8 10 0.034
654 340 100 106 0.033
888 121 14 18 0.032
336 265 69 87 0.031
490 75 8 10 0.031
192 50 10 12 0.029
535 78 7 10 0.029
240 85 15 20 0.029
482 86 9 12 0.028
835 203 26 34 0.027
498 68 7 8 0.027
524 74 8 9 0.026
325 95 16 22 0.026
36 48 11 15 0.025
512 65 6 7 0.025
812 99 14 15 0.024
192 29 9 11 0.024
522 72 8 10 0.024
131 0 17 10 0.024
89 15 10 12 0.022
91 108 15 17 0.022
343 46 8 10 0.021
252 86 14 18 0.021
875 121 15 17 0.020
310 62 8 11 0.020
990 683 36 79 0.020
656 241 32 43 0.020
506 64 6 8 0.019
596 158 20 23 0.018
264 32 8 10 0.018
195 55 10 12 0.018
190 46 9 12 0.018
71 28 10 14 0.018
733 108 12 14 0.018
597 107 10 11 0.018
1017 133 7 19 0.018
538 76 7 8 0.017
897 125 15 18 0.017
149 7 15 17 0.017
491 64 6 7 0.017
885 104 11 16 0.016
184 42 8 11 0.016
0 53 11 22 0.015
493 75 8 10 0.015
532 84 10 15 0.015
680 83 9 10 0.014
294 14 7 9 0.014
823 119 12 17 0.014
896 257 35 46 0.014
252 27 7 8 0.014
950 145 16 20 0.014
193 11 7 8 0.014
224 33 8 10 0.014
485 68 7 9 0.014
535 86 10 14 0.014
136 0 18 12 0.013
586 97 9 12 0.013
158 5 10 13 0.013
617 105 10 13 0.012
908 236 32 40 0.012
669 86 8 9 0.012
344 43 9 11 0.012
872 446 70 90 0.011
1000 173 16 25 0.011
342 173 17 19 0.011
