8_Election_Campain_Election_Campaign_8_252
204
140 450 84 97 0.870
294 443 51 65 0.830
491 378 28 34 0.786
365 389 27 29 0.717
790 335 16 20 0.707
414 393 25 32 0.687
87 451 18 24 0.686
886 332 18 22 0.686
877 310 15 19 0.677
853 301 15 16 0.655
844 326 19 21 0.655
897 296 15 18 0.650
987 287 21 25 0.647
671 348 16 19 0.645
110 421 15 17 0.632
754 333 16 17 0.609
828 349 18 29 0.600
608 362 16 19 0.586
924 311 27 33 0.554
951 314 17 24 0.505
710 295 18 19 0.503
723 350 18 23 0.474
40 420 12 17 0.468
118 401 9 11 0.461
650 361 17 20 0.456
914 304 12 14 0.455
178 407 12 13 0.425
660 319 13 15 0.368
161 395 8 10 0.367
674 373 16 21 0.348
77 423 15 23 0.327
460 135 18 20 0.277
706 353 13 16 0.263
351 385 9 11 0.195
648 349 16 19 0.192
940 292 9 10 0.174
734 465 42 30 0.164
81 411 10 16 0.162
574 357 17 17 0.161
261 385 8 11 0.149
207 399 9 12 0.146
631 343 13 16 0.145
381 369 8 12 0.143
121 399 9 11 0.135
787 407 20 33 0.135
181 388 8 9 0.135
911 300 11 14 0.128
574 353 12 16 0.126
80 416 12 17 0.124
130 395 9 11 0.111
829 298 8 11 0.109
688 363 13 18 0.105
911 439 33 41 0.104
272 396 9 11 0.101
546 350 10 13 0.100
300 393 10 11 0.100
406 370 14 15 0.094
316 385 8 11 0.092
529 335 10 12 0.091
1006 320 17 26 0.087
127 390 7 9 0.087
403 351 9 11 0.085
406 368 10 12 0.081
269 392 8 12 0.080
100 410 10 13 0.078
285 393 10 12 0.074
183 388 9 10 0.073
139 395 9 9 0.073
976 296 13 16 0.065
499 346 9 9 0.064
377 372 12 14 0.063
716 347 17 23 0.063
187 387 7 9 0.062
938 292 13 14 0.062
441 390 13 20 0.061
73 426 16 22 0.060
449 393 16 21 0.059
444 391 15 20 0.059
118 398 9 10 0.059
209 396 9 12 0.059
426 395 19 26 0.058
442 380 13 16 0.057
40 424 13 20 0.057
575 353 9 11 0.057
559 367 14 16 0.057
844 287 8 10 0.053
455 365 13 15 0.053
227 381 6 9 0.053
681 368 16 21 0.053
318 389 11 13 0.051
142 393 8 9 0.051
360 433 18 26 0.050
170 392 8 8 0.050
787 361 14 16 0.049
302 391 12 14 0.048
309 412 18 20 0.048
317 395 13 17 0.048
645 334 10 12 0.046
206 403 12 13 0.046
455 393 15 20 0.044
1011 272 10 17 0.043
291 392 11 13 0.043
662 302 13 15 0.043
399 337 7 9 0.042
489 335 9 11 0.041
496 342 11 12 0.041
717 425 19 32 0.040
126 387 7 8 0.039
446 342 7 7 0.039
242 393 9 11 0.039
190 392 8 9 0.038
141 396 9 11 0.038
63 435 13 20 0.035
745 302 10 13 0.034
715 380 17 22 0.033
1014 278 9 18 0.032
747 308 11 15 0.031
440 398 18 22 0.030
214 374 6 7 0.030
372 361 8 10 0.030
554 378 28 27 0.030
63 477 15 25 0.029
463 375 14 16 0.029
372 318 6 7 0.028
374 364 10 12 0.028
343 386 8 11 0.028
188 402 10 11 0.028
245 399 9 12 0.027
238 391 9 11 0.027
397 336 7 8 0.026
956 294 7 9 0.026
345 400 10 13 0.026
499 340 9 10 0.026
212 401 11 14 0.025
826 295 10 12 0.025
352 436 25 35 0.025
225 403 12 15 0.025
233 378 7 7 0.024
244 390 7 10 0.024
346 384 13 16 0.023
729 347 18 23 0.022
766 358 15 18 0.021
116 400 8 9 0.021
380 364 9 11 0.021
296 391 13 16 0.021
616 360 16 19 0.021
341 390 11 12 0.020
685 338 12 16 0.020
612 376 15 19 0.020
683 334 12 15 0.020
358 367 6 7 0.019
57 438 14 20 0.019
1011 327 12 23 0.019
379 368 14 15 0.019
1010 270 9 12 0.019
216 374 6 7 0.018
296 378 6 9 0.018
728 311 9 14 0.018
397 339 8 9 0.017
655 298 13 15 0.017
260 385 12 15 0.017
868 295 9 10 0.016
362 364 7 9 0.016
484 333 10 12 0.015
225 409 14 17 0.015
952 294 11 15 0.015
306 402 14 17 0.015
794 411 16 27 0.015
454 364 9 11 0.015
669 303 10 13 0.015
956 300 10 12 0.015
443 341 6 8 0.014
505 342 9 11 0.014
403 374 13 15 0.014
211 382 6 7 0.014
422 339 7 8 0.013
554 372 19 19 0.013
0 457 9 19 0.013
769 319 12 14 0.013
670 400 17 22 0.013
373 320 7 8 0.013
607 371 17 19 0.013
603 380 15 18 0.012
202 412 12 15 0.012
949 293 10 12 0.012
766 297 10 12 0.012
198 415 11 14 0.012
423 353 7 9 0.011
38 417 17 24 0.011
247 408 10 14 0.011
373 351 8 9 0.011
452 365 10 13 0.011
716 313 14 15 0.011
984 317 18 22 0.011
439 356 6 9 0.011
822 298 12 14 0.011
235 394 11 12 0.011
424 348 6 9 0.011
239 376 6 7 0.010
103 480 18 23 0.010
41 431 14 21 0.010
1001 314 19 26 0.010
402 352 12 15 0.010
56 409 10 13 0.010
