8_Election_Campain_Election_Campaign_8_157
80
164 419 35 46 0.796
0 471 20 34 0.772
269 440 20 26 0.739
219 455 22 27 0.729
327 460 21 34 0.645
807 460 12 16 0.607
1003 338 19 26 0.548
1005 445 11 13 0.546
444 456 20 29 0.537
822 451 12 15 0.508
334 432 15 17 0.490
609 458 16 21 0.490
408 454 15 22 0.401
908 449 10 14 0.324
983 446 10 11 0.309
563 461 10 15 0.246
949 455 9 11 0.239
964 450 9 10 0.194
587 450 18 23 0.167
946 454 9 11 0.140
653 442 10 18 0.122
939 447 9 11 0.114
748 447 9 16 0.108
850 453 12 14 0.106
922 445 8 11 0.085
659 442 11 19 0.084
940 440 9 11 0.083
665 441 11 19 0.078
849 449 11 15 0.067
535 447 12 18 0.065
592 441 15 23 0.055
906 439 10 14 0.054
857 453 11 13 0.052
854 450 11 15 0.051
953 388 10 10 0.050
0 179 7 21 0.045
943 439 8 10 0.045
669 442 13 18 0.037
698 453 12 16 0.035
976 457 11 12 0.035
400 458 13 18 0.033
980 454 9 12 0.033
551 481 10 14 0.032
871 450 10 12 0.032
695 449 12 17 0.028
869 458 11 13 0.027
702 450 11 16 0.024
753 448 12 16 0.024
539 455 12 16 0.022
1018 422 5 9 0.022
689 448 13 18 0.021
862 464 12 14 0.020
614 457 16 20 0.020
389 484 13 19 0.020
338 434 15 19 0.019
541 444 13 18 0.019
867 462 11 13 0.019
950 458 9 12 0.018
439 439 18 25 0.018
877 448 8 11 0.018
685 449 12 16 0.018
592 436 13 21 0.016
504 430 15 19 0.015
849 457 12 16 0.015
582 445 17 21 0.015
960 460 9 12 0.014
938 442 11 14 0.014
554 481 9 12 0.013
960 444 8 9 0.013
567 462 12 17 0.013
553 476 11 15 0.013
772 448 11 16 0.013
778 451 11 15 0.012
877 454 9 11 0.011
348 289 16 18 0.011
979 444 9 11 0.011
848 439 11 14 0.011
816 92 45 29 0.011
776 459 12 17 0.011
412 458 17 22 0.011
