8_Election_Campain_Election_Campaign_8_218
25
175 383 83 93 0.836
602 340 47 52 0.819
433 320 61 74 0.812
847 251 101 125 0.811
692 329 49 64 0.800
670 552 61 73 0.791
536 340 52 59 0.787
119 281 52 67 0.780
289 329 70 83 0.725
789 254 57 69 0.700
151 334 50 63 0.700
398 332 35 51 0.693
81 319 60 76 0.555
462 328 41 59 0.154
94 294 67 88 0.082
284 288 60 63 0.076
24 301 11 13 0.039
0 325 45 86 0.020
5 319 15 32 0.018
29 301 9 11 0.015
8 320 11 17 0.013
583 322 6 7 0.013
823 317 37 63 0.013
481 333 27 49 0.012
397 319 59 72 0.011
