8_Election_Campain_Election_Campaign_8_412
751
638 424 38 46 0.802
300 562 43 66 0.794
425 420 34 44 0.784
899 352 33 42 0.781
728 498 34 49 0.779
809 138 27 34 0.757
645 307 32 38 0.755
693 451 41 52 0.752
911 590 43 61 0.748
14 504 34 57 0.745
7 262 33 40 0.736
700 204 25 33 0.735
801 353 31 41 0.729
372 64 20 25 0.728
963 206 32 36 0.728
861 456 39 45 0.725
558 555 45 55 0.723
620 388 32 44 0.720
831 622 42 57 0.720
333 396 37 48 0.714
322 131 19 26 0.713
139 300 30 42 0.709
769 433 32 43 0.709
623 513 36 55 0.709
977 262 29 34 0.706
147 548 40 56 0.699
358 234 29 38 0.698
775 595 43 60 0.695
272 258 30 36 0.693
567 215 24 30 0.690
862 260 26 38 0.690
777 125 21 27 0.684
251 171 26 32 0.683
756 212 30 34 0.682
495 216 26 33 0.680
273 490 37 40 0.680
616 287 30 37 0.676
979 317 30 41 0.676
932 317 29 39 0.670
362 143 19 25 0.670
668 239 26 35 0.667
863 348 27 35 0.664
179 381 30 36 0.663
840 317 28 36 0.659
80 530 34 53 0.659
106 350 35 41 0.657
949 630 38 50 0.655
0 144 16 24 0.654
636 115 18 22 0.651
269 549 39 52 0.648
695 82 18 23 0.646
798 534 35 50 0.640
609 74 19 25 0.636
508 179 27 31 0.634
661 208 20 25 0.633
626 142 21 27 0.631
491 137 22 26 0.629
459 250 32 38 0.623
483 574 35 49 0.622
966 536 33 43 0.613
811 417 31 47 0.613
568 463 30 46 0.607
168 244 26 36 0.604
281 95 18 23 0.603
241 123 23 28 0.602
93 327 27 34 0.602
556 111 19 23 0.601
556 380 33 41 0.600
464 26 18 20 0.595
402 371 28 35 0.593
115 489 34 45 0.585
272 217 23 26 0.582
366 94 18 22 0.579
305 11 12 16 0.577
561 185 22 27 0.576
276 15 16 21 0.575
481 396 30 41 0.573
714 419 30 36 0.572
671 183 22 27 0.570
85 124 22 30 0.569
335 156 22 26 0.568
88 455 27 36 0.567
32 452 24 37 0.565
942 187 24 31 0.561
488 259 31 38 0.561
369 501 34 44 0.561
232 67 17 21 0.559
403 67 17 22 0.554
522 80 18 22 0.550
536 113 20 24 0.550
291 32 18 22 0.550
1010 182 14 24 0.543
419 237 25 33 0.540
354 121 19 23 0.540
374 588 31 50 0.531
1000 370 24 34 0.529
660 272 23 28 0.525
602 126 19 25 0.525
464 83 17 23 0.523
734 114 18 25 0.520
394 112 16 22 0.519
919 517 35 45 0.517
547 144 28 35 0.516
349 177 23 31 0.516
369 311 27 39 0.515
622 255 25 33 0.513
225 430 34 44 0.508
420 66 16 18 0.507
780 327 29 36 0.506
163 169 19 26 0.506
639 75 20 24 0.505
215 267 23 33 0.502
949 405 33 50 0.500
791 266 27 34 0.498
857 577 34 39 0.490
780 153 23 28 0.485
525 28 14 20 0.481
0 107 12 22 0.481
197 539 35 45 0.481
334 487 32 43 0.479
91 417 28 37 0.477
997 320 27 40 0.473
718 174 20 27 0.462
700 121 18 23 0.461
0 197 17 33 0.458
498 163 20 25 0.445
387 147 19 22 0.443
585 56 15 20 0.430
778 32 15 19 0.421
643 365 32 34 0.412
369 13 13 16 0.411
924 61 14 19 0.407
192 98 18 23 0.405
302 64 16 20 0.404
871 71 16 20 0.403
29 118 18 22 0.397
370 41 15 18 0.395
662 130 18 28 0.395
523 420 30 39 0.394
323 84 16 22 0.386
284 309 30 37 0.383
113 221 24 30 0.381
255 149 20 25 0.379
182 40 15 21 0.377
851 75 16 23 0.376
601 165 21 26 0.366
717 101 16 20 0.360
446 64 14 17 0.355
490 472 29 41 0.347
165 209 21 30 0.345
889 420 29 40 0.343
246 30 18 21 0.342
431 133 17 22 0.340
880 97 18 24 0.333
533 579 33 47 0.321
401 0 11 12 0.321
206 6 14 19 0.321
959 424 32 45 0.316
456 369 25 34 0.316
806 95 19 24 0.316
338 273 24 31 0.314
151 96 16 20 0.314
859 41 14 17 0.308
533 263 24 34 0.304
652 102 17 21 0.292
686 144 21 23 0.289
105 19 14 17 0.289
33 337 27 35 0.288
950 112 21 26 0.286
244 41 17 21 0.285
243 535 27 38 0.283
344 72 19 24 0.277
574 449 27 43 0.275
880 205 25 34 0.272
630 78 18 24 0.268
105 548 31 52 0.268
1010 291 14 34 0.260
411 29 16 19 0.258
466 87 18 25 0.258
372 553 36 54 0.253
375 184 18 25 0.253
912 296 24 30 0.253
116 0 12 15 0.250
758 100 17 24 0.246
392 166 19 24 0.246
612 99 16 19 0.240
484 322 32 37 0.240
221 106 16 21 0.238
730 281 26 32 0.236
103 262 24 33 0.233
494 152 23 27 0.230
552 154 25 32 0.230
141 95 15 22 0.229
33 96 15 21 0.227
283 36 15 20 0.221
405 204 24 30 0.219
257 247 20 27 0.218
442 285 23 33 0.217
388 95 14 20 0.214
192 446 27 36 0.214
845 37 13 19 0.212
91 443 27 39 0.209
625 192 19 26 0.208
121 294 22 32 0.208
599 382 37 45 0.207
945 162 16 24 0.205
979 533 32 45 0.201
168 81 15 21 0.199
547 112 20 24 0.198
738 276 27 32 0.196
705 369 29 37 0.196
543 137 24 33 0.193
120 88 15 20 0.193
805 237 25 27 0.191
809 0 13 17 0.185
125 43 15 19 0.184
244 351 28 39 0.182
77 198 24 31 0.180
448 190 21 33 0.178
170 5 14 19 0.178
204 190 21 31 0.177
910 175 19 25 0.174
469 380 30 38 0.172
423 93 17 22 0.171
797 288 26 32 0.169
694 26 13 17 0.169
755 26 12 15 0.165
717 312 29 34 0.163
291 113 16 21 0.162
906 201 21 26 0.161
608 243 19 26 0.160
510 108 18 23 0.158
958 70 13 17 0.157
51 -3 12 12 0.155
855 107 17 25 0.153
281 540 36 51 0.153
151 50 13 17 0.150
582 84 16 19 0.148
942 84 15 20 0.148
145 412 24 35 0.148
640 580 36 51 0.146
231 35 14 20 0.144
233 42 14 18 0.140
379 199 23 30 0.138
0 19 6 18 0.136
546 4 13 17 0.136
234 93 18 21 0.135
908 186 20 31 0.134
343 22 12 15 0.130
456 172 20 29 0.129
242 46 16 19 0.129
357 151 22 27 0.128
248 110 17 21 0.125
169 74 16 20 0.125
452 140 17 23 0.124
71 157 20 26 0.124
747 3 14 16 0.124
818 22 11 15 0.121
330 2 14 17 0.119
1017 55 7 19 0.118
513 350 26 33 0.118
600 27 12 15 0.116
161 205 18 26 0.114
103 38 13 17 0.111
767 78 11 15 0.111
376 481 34 43 0.111
428 83 18 22 0.111
130 158 20 24 0.110
71 206 25 31 0.109
315 405 28 38 0.107
574 118 17 22 0.106
38 9 11 14 0.106
897 43 12 16 0.104
82 191 21 27 0.104
583 636 32 44 0.101
384 34 12 17 0.100
63 427 24 32 0.100
978 0 12 11 0.099
389 284 29 40 0.098
532 282 26 35 0.098
839 107 18 24 0.096
468 96 18 24 0.096
855 14 12 14 0.096
281 115 17 21 0.095
279 21 17 21 0.094
1011 206 13 29 0.093
483 213 20 25 0.093
202 4 14 19 0.091
889 91 16 21 0.089
626 62 16 20 0.089
656 100 17 21 0.089
961 93 16 22 0.089
787 531 32 49 0.089
496 3 12 15 0.089
406 28 15 19 0.088
1 312 11 34 0.087
230 450 33 45 0.087
846 109 18 24 0.087
123 47 15 21 0.087
270 51 13 17 0.087
660 575 42 47 0.087
340 114 17 21 0.085
866 181 23 30 0.084
0 54 7 25 0.083
81 184 19 24 0.083
50 56 14 17 0.083
395 266 27 35 0.082
1 57 12 26 0.080
791 73 15 20 0.079
187 103 17 23 0.079
331 182 19 27 0.077
202 141 17 25 0.077
474 -1 10 10 0.074
160 6 13 16 0.073
45 43 13 16 0.073
0 367 14 37 0.072
246 204 18 24 0.072
991 529 27 46 0.072
374 397 30 40 0.071
114 54 15 19 0.070
276 270 33 45 0.068
493 166 20 25 0.068
417 28 14 19 0.068
553 38 13 17 0.067
419 91 16 22 0.067
989 161 17 24 0.067
78 17 12 17 0.066
438 0 12 13 0.066
385 204 22 27 0.065
158 198 18 26 0.064
55 102 12 18 0.064
648 98 17 21 0.063
460 169 20 26 0.063
41 189 20 29 0.063
448 100 17 22 0.063
547 11 12 16 0.062
154 606 23 45 0.062
105 222 21 27 0.062
637 66 17 21 0.062
378 0 11 12 0.061
122 119 17 23 0.061
959 36 12 17 0.060
203 63 13 20 0.060
642 171 19 23 0.059
749 11 13 18 0.058
762 297 26 33 0.058
429 97 17 22 0.058
621 42 13 17 0.057
158 48 13 17 0.057
799 104 18 25 0.056
100 542 29 45 0.055
11 63 15 23 0.055
580 50 15 19 0.055
60 83 13 17 0.055
453 182 20 28 0.055
18 2 12 13 0.055
421 2 12 15 0.055
538 292 26 34 0.055
233 477 31 40 0.054
118 108 17 24 0.054
0 23 9 18 0.054
341 88 19 22 0.054
997 541 26 47 0.054
107 25 14 19 0.054
83 67 16 22 0.054
946 83 17 22 0.054
496 376 29 37 0.054
449 148 19 28 0.053
546 514 27 42 0.053
320 241 22 30 0.053
227 521 33 42 0.053
819 44 12 16 0.053
136 35 12 17 0.053
230 231 20 26 0.052
221 420 33 43 0.051
624 60 14 17 0.051
86 3 12 16 0.051
174 116 17 22 0.051
500 185 23 27 0.051
204 132 19 25 0.051
584 139 17 23 0.051
747 274 22 28 0.051
145 93 19 25 0.051
815 14 13 18 0.050
236 464 32 41 0.050
48 46 13 18 0.050
85 278 23 32 0.049
148 584 32 53 0.049
857 102 17 22 0.049
231 28 13 17 0.049
308 42 15 19 0.049
429 140 19 26 0.049
39 6 12 14 0.048
124 126 18 22 0.048
152 457 27 35 0.048
918 128 16 22 0.048
408 9 12 16 0.048
544 1 12 15 0.047
499 37 12 17 0.047
233 224 21 28 0.047
497 0 11 12 0.047
992 383 28 38 0.047
306 87 15 21 0.047
251 93 15 19 0.047
577 122 18 24 0.047
426 124 16 21 0.046
549 48 14 19 0.046
263 49 16 20 0.045
178 58 15 20 0.045
258 3 13 15 0.045
170 64 15 20 0.044
481 466 31 44 0.044
130 429 26 37 0.044
620 587 40 51 0.044
271 12 15 19 0.044
700 161 20 27 0.044
203 236 22 29 0.043
939 165 20 26 0.043
188 296 23 32 0.043
117 5 14 17 0.043
45 185 20 24 0.043
885 216 23 32 0.043
477 328 32 37 0.043
65 126 17 21 0.042
120 1 13 16 0.042
700 50 13 16 0.042
241 161 20 25 0.042
69 220 23 30 0.042
152 14 12 16 0.042
220 113 17 23 0.042
294 80 16 19 0.041
982 -1 12 11 0.041
967 490 36 43 0.041
88 65 16 19 0.041
105 96 13 18 0.041
77 25 14 19 0.041
858 120 16 23 0.040
228 32 14 18 0.040
788 81 15 20 0.040
98 411 26 35 0.040
348 34 15 18 0.039
135 162 20 24 0.039
79 11 13 16 0.039
175 9 13 18 0.039
753 29 13 17 0.039
125 111 17 22 0.038
1 172 12 23 0.038
0 48 11 26 0.038
348 64 17 21 0.038
388 175 20 27 0.038
115 60 14 19 0.038
149 20 13 16 0.037
858 56 14 20 0.037
17 5 11 15 0.037
623 49 13 17 0.037
130 402 27 34 0.036
207 124 17 23 0.036
1 532 15 49 0.036
63 80 14 19 0.035
717 372 27 35 0.035
60 223 25 31 0.035
21 381 31 38 0.035
118 124 17 22 0.034
987 664 31 34 0.034
446 240 20 27 0.034
56 97 14 19 0.034
76 40 13 17 0.034
136 126 19 23 0.033
383 2 12 14 0.033
388 25 13 16 0.033
146 53 15 19 0.033
273 56 15 20 0.033
79 103 16 19 0.033
633 591 36 48 0.033
271 21 16 21 0.033
147 -1 12 12 0.032
150 0 13 13 0.032
613 499 27 44 0.032
295 109 15 22 0.032
37 200 22 31 0.032
200 192 18 27 0.032
723 283 21 26 0.031
498 13 12 15 0.031
167 407 29 38 0.031
604 346 26 31 0.031
430 158 17 25 0.031
532 260 20 27 0.031
2 122 16 21 0.031
488 383 29 41 0.030
892 198 26 33 0.030
205 272 25 37 0.030
18 66 16 22 0.030
233 368 27 36 0.030
138 64 14 18 0.030
83 0 12 12 0.030
915 530 31 40 0.030
436 584 33 41 0.030
939 89 16 23 0.029
538 532 27 38 0.029
324 28 12 16 0.029
567 17 9 11 0.029
244 175 22 28 0.029
275 206 23 28 0.029
199 0 11 15 0.029
444 340 27 37 0.029
724 380 27 34 0.028
765 81 12 16 0.028
965 262 24 33 0.028
790 96 17 22 0.027
949 166 19 25 0.027
100 354 28 35 0.027
437 16 12 16 0.026
1001 31 13 16 0.026
293 131 16 21 0.026
762 135 18 24 0.025
259 308 28 35 0.025
941 493 30 42 0.025
361 579 35 55 0.025
152 407 29 35 0.025
444 147 17 22 0.025
821 22 12 16 0.025
1 207 11 33 0.025
911 36 11 15 0.024
876 203 22 29 0.024
86 102 14 17 0.024
846 72 16 20 0.024
592 197 20 26 0.024
510 15 12 16 0.024
0 466 13 38 0.024
493 33 12 16 0.024
206 51 13 19 0.024
27 87 16 21 0.024
74 18 13 18 0.024
393 24 13 17 0.024
176 32 14 20 0.024
245 55 15 19 0.024
112 154 18 22 0.024
761 319 22 32 0.024
953 19 11 16 0.024
297 140 14 21 0.024
281 62 16 21 0.024
794 70 16 21 0.024
397 276 27 40 0.023
218 89 16 20 0.023
164 113 16 23 0.023
864 122 16 23 0.023
40 330 29 35 0.023
213 8 14 19 0.023
28 231 26 30 0.023
263 1 13 14 0.023
223 153 17 24 0.023
979 48 13 16 0.023
907 103 17 24 0.023
208 143 19 25 0.023
573 374 33 41 0.023
582 30 10 15 0.023
678 290 24 30 0.023
646 343 36 46 0.023
234 120 19 26 0.022
8 326 19 37 0.022
802 229 22 26 0.022
151 23 12 18 0.022
768 75 16 18 0.022
311 411 21 29 0.022
687 336 28 32 0.022
251 6 14 16 0.022
199 59 15 20 0.022
14 79 17 21 0.022
412 362 31 43 0.021
544 500 32 42 0.021
304 163 18 25 0.021
440 78 15 21 0.021
226 399 37 50 0.021
861 127 15 22 0.021
295 120 16 20 0.021
30 592 31 39 0.021
79 62 14 20 0.021
426 44 15 19 0.021
146 161 18 23 0.021
710 344 34 45 0.020
960 260 19 27 0.020
301 138 14 20 0.020
676 223 33 43 0.020
8 -3 11 12 0.020
473 92 18 24 0.020
359 59 16 19 0.020
306 292 28 35 0.019
622 365 31 41 0.019
998 51 14 19 0.019
420 38 15 19 0.019
230 13 13 16 0.019
441 7 11 14 0.019
4 32 13 18 0.019
548 55 13 17 0.019
1015 137 9 22 0.019
59 181 21 25 0.019
607 104 17 21 0.019
794 230 22 26 0.018
4 43 14 21 0.018
884 101 18 25 0.018
0 373 10 39 0.018
68 80 14 20 0.018
665 309 25 34 0.018
784 90 17 22 0.018
121 404 24 31 0.018
261 238 22 27 0.018
334 27 14 18 0.018
226 42 14 18 0.018
854 60 14 17 0.018
70 32 14 18 0.018
529 539 28 40 0.018
1014 253 10 26 0.017
861 173 21 28 0.017
219 508 30 40 0.017
912 119 17 24 0.017
467 7 12 13 0.017
241 547 30 48 0.017
489 179 19 24 0.017
373 324 27 34 0.017
989 394 27 42 0.017
274 65 14 20 0.017
175 124 17 23 0.017
303 142 16 22 0.017
483 334 35 45 0.017
677 327 28 34 0.017
400 257 26 33 0.016
443 196 19 27 0.016
68 4 12 14 0.016
0 131 18 24 0.016
196 300 25 32 0.016
56 119 15 23 0.016
0 478 16 41 0.016
148 127 19 25 0.016
43 199 21 27 0.016
17 11 11 15 0.016
936 101 17 23 0.016
185 369 30 37 0.016
926 33 13 17 0.016
1012 450 12 37 0.016
451 35 12 17 0.015
805 0 12 15 0.015
529 87 18 23 0.015
764 326 25 32 0.015
256 548 35 49 0.015
525 303 27 36 0.015
124 15 13 18 0.015
573 552 41 52 0.015
997 438 21 40 0.015
915 34 13 16 0.015
1011 54 13 20 0.015
243 3 14 14 0.014
396 295 28 37 0.014
64 173 20 26 0.014
690 368 29 36 0.014
863 523 30 41 0.014
80 43 14 17 0.014
208 57 14 20 0.014
827 42 13 16 0.014
382 294 28 41 0.014
596 486 32 42 0.014
490 13 11 15 0.014
93 67 15 19 0.014
887 116 17 25 0.014
125 154 20 23 0.014
209 197 21 28 0.014
335 443 29 37 0.014
20 62 15 19 0.014
148 406 20 28 0.014
317 361 26 33 0.014
158 116 18 22 0.013
-1 261 8 25 0.013
738 2 14 16 0.013
350 124 18 23 0.013
707 126 19 24 0.013
304 173 18 22 0.013
161 216 20 26 0.013
818 47 14 19 0.013
704 172 21 26 0.013
983 49 15 18 0.013
739 61 14 18 0.013
251 312 25 33 0.013
1008 246 18 35 0.013
134 68 15 20 0.013
174 432 37 46 0.013
525 471 31 43 0.013
1009 133 14 23 0.013
93 275 26 31 0.013
115 190 19 24 0.013
761 306 21 28 0.013
914 107 17 24 0.012
55 189 22 27 0.012
167 224 19 27 0.012
195 241 24 34 0.012
666 279 21 28 0.012
1003 143 16 25 0.012
0 458 16 36 0.012
651 34 13 16 0.012
892 35 12 16 0.012
411 210 25 33 0.012
576 24 10 13 0.012
925 41 13 18 0.012
23 148 16 22 0.012
84 172 21 26 0.012
523 312 23 34 0.012
590 204 21 27 0.012
709 163 19 26 0.012
719 272 20 26 0.012
318 71 16 21 0.012
179 571 30 42 0.012
280 197 18 23 0.012
184 111 17 22 0.012
242 -2 13 13 0.012
236 170 18 23 0.012
341 14 13 17 0.012
784 98 17 22 0.012
335 0 15 15 0.011
204 73 14 18 0.011
514 292 37 46 0.011
899 300 20 26 0.011
651 41 13 17 0.011
327 238 18 27 0.011
566 54 14 19 0.011
833 81 13 19 0.011
212 436 32 41 0.011
49 180 18 23 0.011
176 2 14 17 0.011
465 133 15 20 0.011
517 77 16 19 0.011
134 154 20 24 0.011
494 39 14 19 0.011
395 146 19 22 0.011
65 152 18 24 0.011
831 70 12 16 0.011
923 130 17 22 0.011
526 293 27 33 0.010
288 10 13 15 0.010
1005 283 19 32 0.010
719 23 12 16 0.010
668 100 14 18 0.010
142 127 18 24 0.010
114 168 19 24 0.010
294 230 21 26 0.010
389 374 21 27 0.010
446 273 25 35 0.010
735 4 12 15 0.010
301 410 30 37 0.010
55 218 21 28 0.010
667 122 17 25 0.010
859 188 25 32 0.010
499 43 14 18 0.010
697 114 17 21 0.010
