55_Sports_Coach_Trainer_sportcoaching_55_774
75
846 59 57 82 0.837
794 273 59 85 0.836
125 260 41 56 0.818
443 172 26 32 0.811
518 294 43 46 0.809
754 123 59 86 0.808
660 101 24 32 0.770
363 178 27 33 0.760
602 147 27 34 0.746
475 198 28 35 0.740
330 78 19 22 0.684
345 97 19 25 0.655
382 71 16 20 0.627
419 40 15 15 0.620
484 172 23 26 0.603
409 13 11 14 0.562
384 7 14 16 0.557
345 4 10 12 0.404
674 9 12 14 0.381
324 18 10 13 0.324
417 105 19 22 0.318
539 159 22 29 0.259
331 0 8 8 0.185
355 26 11 14 0.182
403 9 13 16 0.169
321 102 13 18 0.164
329 133 18 27 0.161
408 76 15 19 0.154
371 43 13 15 0.134
358 16 11 13 0.124
445 127 18 21 0.124
406 83 16 19 0.117
411 73 15 19 0.100
473 119 14 15 0.082
382 3 11 15 0.074
369 41 12 14 0.072
359 163 19 26 0.072
372 23 13 16 0.068
331 103 16 21 0.064
324 23 10 14 0.053
321 17 9 14 0.052
478 190 27 32 0.046
349 4 10 11 0.044
421 -1 7 7 0.035
643 2 9 11 0.032
324 126 15 25 0.028
427 0 8 8 0.028
436 1 9 10 0.027
488 125 19 21 0.027
357 155 20 23 0.027
739 30 15 20 0.025
675 6 12 14 0.025
376 1 7 9 0.023
647 4 12 13 0.022
413 66 14 19 0.021
736 63 15 19 0.020
646 3 9 11 0.020
429 162 16 20 0.019
463 190 32 42 0.018
639 2 11 11 0.016
392 49 10 14 0.016
318 98 19 26 0.016
943 53 20 22 0.015
533 144 20 25 0.015
352 141 21 24 0.014
714 103 14 23 0.013
432 3 11 13 0.013
429 12 10 12 0.013
489 131 20 25 0.012
739 135 23 33 0.012
383 48 12 15 0.011
418 69 13 19 0.011
350 30 12 14 0.011
376 72 15 19 0.011
981 103 42 57 0.010
