55_Sports_Coach_Trainer_sportcoaching_55_643
45
6 294 28 33 0.763
472 233 17 23 0.705
506 217 17 22 0.697
296 260 20 25 0.678
785 211 18 24 0.659
422 266 15 21 0.649
665 259 15 19 0.560
690 261 12 18 0.541
598 254 16 24 0.540
280 246 15 20 0.499
429 242 14 17 0.481
553 270 12 18 0.476
524 257 13 18 0.412
863 247 14 19 0.389
652 252 13 19 0.306
284 251 17 22 0.219
627 258 13 18 0.210
782 283 12 17 0.184
609 254 14 22 0.163
124 267 13 16 0.144
568 258 13 18 0.107
649 256 13 19 0.105
369 214 11 18 0.103
916 219 13 22 0.089
470 262 13 19 0.079
559 270 13 18 0.053
75 267 11 13 0.050
573 256 14 18 0.033
334 279 11 15 0.032
784 279 13 17 0.026
529 255 14 18 0.022
611 264 14 21 0.020
518 257 13 18 0.020
967 303 13 16 0.018
5 265 11 16 0.018
521 261 15 18 0.018
532 260 14 19 0.017
679 257 13 19 0.017
0 100 10 39 0.016
676 263 12 16 0.015
613 274 13 18 0.014
465 263 14 18 0.012
512 218 15 20 0.012
4 267 16 19 0.011
765 245 14 16 0.011
