55_Sports_Coach_Trainer_sportcoaching_55_122
122
872 393 36 49 0.846
58 372 35 44 0.824
725 373 38 48 0.823
865 302 30 39 0.794
966 220 35 40 0.793
34 170 32 37 0.791
565 301 27 35 0.791
813 271 30 38 0.788
19 250 30 39 0.786
345 287 28 38 0.771
24 216 28 34 0.764
183 283 27 33 0.752
737 275 28 35 0.745
458 307 27 35 0.738
668 300 26 33 0.722
260 273 27 34 0.712
102 280 28 37 0.682
630 267 25 34 0.681
528 291 26 31 0.679
385 267 24 32 0.676
360 247 22 27 0.625
432 274 25 31 0.622
694 280 26 36 0.614
524 262 24 27 0.599
770 271 27 35 0.568
604 258 22 26 0.481
465 232 20 25 0.464
125 272 23 31 0.452
247 256 22 27 0.323
170 268 23 28 0.303
1015 341 9 34 0.231
806 181 18 22 0.170
501 232 19 22 0.167
457 238 19 25 0.159
618 180 17 18 0.151
881 230 27 37 0.149
448 245 17 21 0.136
356 208 10 12 0.132
879 159 18 22 0.114
137 192 21 26 0.106
312 215 14 19 0.105
586 200 17 21 0.094
1007 166 12 15 0.092
252 264 22 26 0.069
853 247 23 31 0.068
317 207 13 16 0.066
742 241 23 30 0.065
426 275 21 27 0.063
864 241 22 32 0.059
287 262 21 26 0.058
336 247 16 23 0.057
832 203 28 35 0.053
816 344 24 28 0.050
268 266 25 33 0.049
626 228 22 28 0.048
600 279 22 31 0.048
384 225 18 21 0.047
90 204 29 30 0.047
498 228 18 22 0.043
171 180 16 22 0.040
319 202 12 14 0.038
176 179 13 19 0.037
832 252 20 25 0.035
720 271 34 42 0.034
372 206 11 14 0.034
486 229 17 20 0.033
596 289 25 31 0.032
411 274 19 26 0.032
329 192 12 15 0.032
703 173 19 23 0.030
288 198 12 15 0.029
459 247 21 25 0.029
836 183 23 28 0.029
223 200 19 24 0.028
659 294 27 35 0.028
680 263 19 26 0.026
576 203 18 22 0.025
700 178 20 26 0.024
563 212 17 23 0.024
563 204 16 21 0.024
531 257 21 25 0.023
376 205 13 17 0.023
883 163 17 21 0.023
326 219 13 16 0.023
841 177 19 23 0.022
163 181 19 24 0.021
565 225 20 25 0.021
389 222 18 23 0.021
446 218 12 18 0.020
121 496 33 28 0.019
125 200 20 25 0.019
681 257 16 21 0.019
553 180 14 16 0.018
218 198 18 22 0.017
420 220 15 18 0.016
693 189 21 28 0.015
119 203 21 25 0.015
97 213 26 30 0.015
695 182 19 24 0.015
626 217 24 31 0.015
318 248 17 23 0.015
370 212 14 18 0.014
359 211 12 15 0.014
563 197 14 19 0.013
378 200 11 14 0.013
281 193 15 18 0.013
678 272 19 25 0.012
652 287 27 31 0.012
186 234 22 26 0.012
511 188 11 15 0.012
331 180 11 13 0.011
436 219 14 18 0.011
690 267 24 34 0.011
557 231 15 19 0.011
302 183 8 10 0.011
472 272 18 24 0.011
472 261 20 25 0.011
253 270 25 32 0.011
591 197 14 19 0.010
556 278 26 28 0.010
561 235 19 22 0.010
506 227 17 22 0.010
