55_Sports_Coach_Trainer_sportcoaching_55_424
36
415 264 49 44 0.748
307 330 21 29 0.746
643 372 16 21 0.640
972 351 15 24 0.633
930 379 13 23 0.604
830 379 12 22 0.572
885 384 12 20 0.566
593 310 12 17 0.480
716 324 12 22 0.433
672 350 13 23 0.432
129 403 12 21 0.340
156 409 12 21 0.239
321 378 16 26 0.224
361 147 13 18 0.223
1014 384 10 24 0.175
589 408 11 14 0.160
606 362 13 19 0.094
597 309 13 17 0.064
717 367 14 23 0.042
611 362 13 19 0.038
882 381 12 19 0.036
601 148 16 22 0.028
49 479 11 15 0.027
710 322 12 19 0.025
622 380 11 15 0.023
714 367 13 20 0.021
135 427 11 18 0.020
937 417 13 21 0.018
317 376 16 24 0.016
621 369 13 16 0.016
656 374 12 17 0.016
588 310 13 18 0.016
825 378 11 19 0.014
935 380 14 22 0.013
619 382 11 15 0.013
128 414 15 21 0.010
