55_Sports_Coach_Trainer_sportcoaching_55_789
25
147 214 47 70 0.851
673 199 39 59 0.850
928 328 45 59 0.850
270 225 47 66 0.849
631 280 43 56 0.846
762 165 43 64 0.845
453 242 44 64 0.845
231 186 43 60 0.840
390 222 42 59 0.832
67 241 43 61 0.831
823 323 40 53 0.830
730 332 41 60 0.829
589 216 40 59 0.829
920 158 45 63 0.829
87 172 42 54 0.819
51 125 42 57 0.814
327 129 35 56 0.812
464 159 42 58 0.812
614 116 38 56 0.811
423 125 37 54 0.805
541 256 42 57 0.802
200 146 37 49 0.791
366 283 41 61 0.787
247 203 46 64 0.339
578 225 44 60 0.219
