55_Sports_Coach_Trainer_sportcoaching_55_380
29
858 1 44 52 0.728
571 290 19 28 0.679
465 180 53 41 0.605
26 190 33 36 0.489
625 455 8 11 0.403
523 465 6 7 0.321
524 465 6 7 0.222
463 404 11 14 0.166
520 465 6 7 0.115
459 166 42 41 0.089
524 463 5 7 0.089
503 468 6 7 0.088
203 217 25 29 0.055
501 466 6 8 0.050
521 463 6 7 0.045
595 504 17 8 0.035
620 457 9 11 0.032
459 475 6 8 0.029
641 94 17 21 0.027
536 470 5 6 0.026
504 466 7 9 0.020
461 472 5 7 0.019
536 472 5 6 0.015
467 464 4 6 0.013
809 80 48 53 0.012
456 477 6 9 0.012
541 435 5 6 0.012
502 463 6 7 0.011
499 503 8 8 0.011
