55_Sports_Coach_Trainer_sportcoaching_55_569
47
890 33 51 64 0.863
252 253 42 56 0.853
734 190 55 72 0.835
338 41 50 66 0.821
181 81 55 79 0.820
910 197 44 56 0.818
60 244 23 29 0.769
592 20 22 27 0.725
377 244 18 30 0.690
933 -3 56 52 0.645
696 14 16 29 0.636
102 236 23 34 0.449
185 273 7 9 0.243
39 253 8 10 0.145
134 266 12 16 0.101
170 267 6 7 0.096
557 261 24 24 0.075
174 269 9 10 0.045
6 269 5 8 0.043
555 266 18 21 0.039
13 253 4 6 0.039
38 251 13 15 0.038
138 269 9 12 0.036
628 69 15 24 0.035
505 137 84 74 0.035
38 256 9 11 0.033
132 262 12 18 0.032
180 270 9 10 0.027
19 321 21 30 0.027
204 272 6 9 0.021
86 262 14 17 0.021
4 268 9 11 0.019
28 238 5 6 0.018
564 255 33 30 0.015
90 238 9 11 0.015
173 270 7 9 0.015
15 238 5 6 0.013
94 254 18 22 0.013
10 257 5 7 0.012
85 236 10 13 0.011
102 250 19 24 0.011
340 267 5 7 0.011
187 267 6 8 0.011
126 259 21 27 0.011
89 238 7 8 0.011
12 296 6 8 0.011
45 300 13 15 0.010
