18_Concerts_Concerts_18_504
252
337 633 40 45 0.799
521 615 37 41 0.700
777 471 18 24 0.634
612 473 22 27 0.633
796 371 17 21 0.621
289 414 15 22 0.575
124 388 13 19 0.566
748 654 21 27 0.397
505 538 19 29 0.359
185 385 13 18 0.330
87 406 9 11 0.320
115 579 15 22 0.312
39 409 10 11 0.295
159 556 17 30 0.277
452 411 11 14 0.275
688 396 12 17 0.231
806 336 10 12 0.230
679 549 17 25 0.211
742 332 10 12 0.188
991 279 10 13 0.186
974 288 9 12 0.185
209 402 13 17 0.171
1 417 7 10 0.168
471 392 9 11 0.159
939 281 9 11 0.154
152 410 9 11 0.146
642 351 8 9 0.128
286 395 10 16 0.119
854 341 8 10 0.119
630 539 17 22 0.110
724 354 11 14 0.108
485 408 10 13 0.105
833 338 8 9 0.103
514 399 9 11 0.102
979 287 9 12 0.098
191 400 13 16 0.095
173 374 9 12 0.094
722 313 9 12 0.093
596 462 17 22 0.089
792 327 9 12 0.087
689 366 10 12 0.085
653 363 10 11 0.085
336 389 8 11 0.085
593 385 12 14 0.084
51 382 6 7 0.081
911 284 7 9 0.079
677 370 11 13 0.074
254 383 9 12 0.071
202 396 15 19 0.071
985 313 9 12 0.071
758 340 10 12 0.070
891 282 8 8 0.070
42 408 10 11 0.067
802 573 16 20 0.063
582 436 9 14 0.062
762 401 12 16 0.062
676 313 7 9 0.061
994 282 9 13 0.058
463 364 9 11 0.057
428 392 9 11 0.056
610 383 10 13 0.056
773 331 7 9 0.056
735 309 8 10 0.055
625 385 11 16 0.055
776 390 12 16 0.055
871 346 7 9 0.054
61 408 8 9 0.053
332 415 13 15 0.052
333 389 9 12 0.052
535 392 9 11 0.052
380 371 7 8 0.052
721 535 13 15 0.051
327 374 8 9 0.050
755 540 13 16 0.049
651 360 10 12 0.047
761 339 9 10 0.046
596 456 15 20 0.046
18 412 8 9 0.045
152 381 8 9 0.045
135 362 7 9 0.045
679 437 11 13 0.045
990 328 11 12 0.044
850 314 7 9 0.044
679 368 12 13 0.044
745 652 17 24 0.043
516 397 10 12 0.043
215 399 13 17 0.043
972 269 9 12 0.042
120 391 12 16 0.040
598 385 11 13 0.040
913 281 8 10 0.039
510 397 9 11 0.038
531 392 10 12 0.038
594 356 8 9 0.038
590 358 8 10 0.037
426 388 9 12 0.037
2 389 7 10 0.037
990 276 10 12 0.037
817 353 10 12 0.036
394 398 7 9 0.036
322 579 30 34 0.036
326 353 6 8 0.035
685 553 17 22 0.035
504 531 16 26 0.035
521 395 9 12 0.035
498 362 8 9 0.035
767 396 13 16 0.034
560 664 25 23 0.034
860 343 10 11 0.033
293 367 7 10 0.033
191 379 12 15 0.033
482 404 12 13 0.033
613 382 11 14 0.033
84 408 8 10 0.033
514 374 9 10 0.033
629 395 12 16 0.032
721 355 11 15 0.032
68 378 6 7 0.032
673 545 16 22 0.032
628 402 12 16 0.031
883 306 9 15 0.031
778 387 11 14 0.031
739 310 7 9 0.031
182 389 12 14 0.030
334 392 10 14 0.030
899 346 9 11 0.030
85 394 7 10 0.029
759 398 11 16 0.029
722 317 9 13 0.029
2 612 15 22 0.029
704 307 8 9 0.028
841 333 9 9 0.028
460 364 9 11 0.027
409 364 7 8 0.027
64 409 8 9 0.027
424 392 10 12 0.027
689 383 11 15 0.026
604 341 6 7 0.026
425 398 8 13 0.026
989 324 10 14 0.026
200 369 8 10 0.026
587 357 8 10 0.026
456 396 9 11 0.026
621 313 5 7 0.025
467 290 7 7 0.025
921 257 7 10 0.025
834 546 16 21 0.024
710 357 10 13 0.023
947 272 10 11 0.023
856 344 8 10 0.023
604 454 19 24 0.022
670 288 6 6 0.022
332 429 12 14 0.022
972 317 8 10 0.022
250 383 10 14 0.021
272 378 8 9 0.021
834 394 16 19 0.021
149 412 8 9 0.021
753 660 26 26 0.020
602 309 7 7 0.020
557 453 10 15 0.020
613 362 8 11 0.020
853 316 7 9 0.020
904 270 7 8 0.020
367 360 7 7 0.019
419 382 8 10 0.019
467 391 10 12 0.019
293 370 8 10 0.019
940 274 10 12 0.019
671 372 11 13 0.019
276 380 8 10 0.018
626 545 17 23 0.018
800 433 14 18 0.018
523 387 9 12 0.018
591 466 15 16 0.018
162 569 18 26 0.017
486 350 6 8 0.017
306 390 9 12 0.017
768 595 16 19 0.017
51 384 7 9 0.017
173 584 18 29 0.017
406 404 8 9 0.016
626 577 19 22 0.016
403 403 8 9 0.016
869 293 7 9 0.016
407 366 6 9 0.016
169 401 8 10 0.016
820 330 8 10 0.016
501 363 9 11 0.016
480 410 10 13 0.016
676 434 11 15 0.016
352 359 6 7 0.015
625 583 17 21 0.015
658 303 7 7 0.015
83 390 7 8 0.015
557 323 6 7 0.015
752 347 10 11 0.015
693 394 12 16 0.015
160 357 7 7 0.014
580 308 6 8 0.014
602 450 13 19 0.014
624 402 12 17 0.014
502 375 7 9 0.014
294 415 15 22 0.014
696 314 7 9 0.014
558 321 6 7 0.014
819 375 8 10 0.014
516 370 8 11 0.014
580 431 13 17 0.014
714 356 11 14 0.013
968 280 10 11 0.013
754 313 7 9 0.013
538 330 6 7 0.013
592 353 7 8 0.013
39 404 10 12 0.013
822 327 8 10 0.013
108 372 7 9 0.013
823 398 11 14 0.013
974 292 10 12 0.012
625 327 6 8 0.012
526 372 8 10 0.012
26 386 7 9 0.012
612 446 16 21 0.012
487 396 9 10 0.012
556 393 9 10 0.012
624 316 5 7 0.012
57 409 8 10 0.012
652 289 7 8 0.012
227 391 11 16 0.012
398 397 9 12 0.012
990 411 13 18 0.012
811 496 20 25 0.012
786 327 7 9 0.011
170 371 8 11 0.011
772 328 6 8 0.011
6 392 7 10 0.011
704 374 10 13 0.011
635 296 6 7 0.011
941 282 10 12 0.011
74 316 6 7 0.011
715 336 9 14 0.011
665 307 7 8 0.011
775 395 14 17 0.011
484 349 6 7 0.011
806 278 5 6 0.011
305 354 6 8 0.011
246 363 6 9 0.011
623 327 7 9 0.010
411 433 12 14 0.010
110 369 7 9 0.010
765 406 12 16 0.010
500 401 10 12 0.010
