18_Concerts_Concerts_18_38
235
759 391 32 46 0.784
67 415 33 47 0.758
807 276 21 27 0.755
531 268 25 32 0.746
594 300 22 29 0.720
644 184 21 30 0.688
149 323 23 33 0.681
293 527 45 79 0.673
95 392 27 36 0.665
542 486 61 81 0.664
726 316 18 22 0.648
893 274 19 24 0.647
365 184 14 17 0.635
899 338 49 70 0.617
279 191 16 18 0.563
280 219 32 39 0.554
733 288 15 18 0.554
369 297 12 21 0.518
562 344 21 34 0.515
569 197 9 12 0.509
457 239 11 13 0.509
988 271 16 21 0.460
577 172 6 8 0.415
799 235 9 12 0.414
412 442 50 52 0.408
690 257 10 13 0.397
431 195 11 14 0.397
711 260 12 15 0.368
744 243 10 11 0.347
846 249 8 9 0.343
514 407 24 38 0.333
839 219 7 9 0.299
813 231 8 10 0.276
0 597 55 88 0.272
733 240 8 10 0.270
489 175 7 8 0.266
667 237 10 14 0.263
309 207 14 17 0.240
452 192 8 10 0.238
736 210 6 7 0.220
972 234 11 13 0.219
510 210 9 11 0.218
514 194 8 9 0.210
395 505 46 53 0.203
509 214 10 12 0.196
487 304 11 16 0.194
717 450 21 36 0.191
678 269 12 16 0.185
881 242 11 12 0.180
869 297 15 23 0.151
741 241 9 12 0.148
803 234 9 12 0.144
871 590 35 53 0.144
969 231 10 14 0.134
815 199 6 8 0.134
12 391 17 34 0.128
943 223 8 11 0.126
224 291 17 22 0.119
901 249 10 13 0.105
75 406 32 46 0.100
487 174 7 8 0.096
863 220 8 9 0.094
825 192 5 7 0.094
946 281 12 15 0.094
454 239 11 13 0.093
925 253 10 13 0.093
882 246 9 11 0.092
481 285 10 14 0.090
195 372 22 40 0.088
533 209 8 10 0.087
142 301 16 21 0.087
407 511 51 73 0.084
880 236 11 12 0.083
531 211 9 12 0.080
853 190 6 8 0.078
713 231 8 9 0.073
19 396 19 31 0.073
963 227 10 12 0.072
887 336 44 61 0.071
1014 229 10 18 0.071
580 172 6 7 0.068
817 198 6 9 0.068
452 211 8 13 0.066
696 288 12 15 0.066
711 315 15 22 0.062
935 172 6 7 0.060
692 172 5 6 0.060
557 215 7 9 0.060
336 268 13 17 0.059
492 181 8 10 0.059
890 189 5 8 0.057
68 198 11 13 0.056
779 182 5 6 0.055
975 233 11 14 0.055
219 291 16 23 0.055
880 284 10 13 0.054
276 190 25 28 0.054
667 276 12 14 0.053
1008 285 13 23 0.053
534 214 10 12 0.053
772 206 7 8 0.052
906 222 7 9 0.052
534 228 10 14 0.051
231 291 16 22 0.050
351 495 36 47 0.049
795 176 5 6 0.044
412 193 9 11 0.044
671 237 9 11 0.042
856 190 6 8 0.042
874 196 6 8 0.042
947 224 10 12 0.039
816 170 5 6 0.038
806 185 5 7 0.038
701 283 11 16 0.038
714 248 9 12 0.038
966 174 5 7 0.037
871 195 6 7 0.036
818 196 8 10 0.036
322 317 18 24 0.035
241 207 6 8 0.035
845 218 7 8 0.034
951 177 5 6 0.033
1006 356 13 24 0.033
915 253 11 12 0.033
740 221 7 8 0.033
682 349 16 31 0.033
568 350 22 34 0.031
772 177 6 6 0.031
405 484 47 62 0.031
763 172 5 7 0.030
828 191 6 7 0.030
770 207 6 7 0.030
724 221 6 7 0.029
1013 273 10 19 0.028
713 230 6 8 0.027
24 401 25 30 0.026
799 180 6 7 0.026
771 214 8 9 0.026
418 522 49 80 0.026
1015 226 8 15 0.026
971 228 9 13 0.025
559 343 17 26 0.025
771 285 10 11 0.025
383 514 43 45 0.025
923 257 11 14 0.024
817 229 7 9 0.023
877 286 13 20 0.023
664 278 12 14 0.023
771 210 9 11 0.023
837 189 6 7 0.023
830 241 8 10 0.023
6 389 17 32 0.022
678 167 5 6 0.021
861 595 36 52 0.021
1011 229 10 16 0.021
763 191 5 7 0.021
717 177 5 8 0.021
838 231 7 9 0.020
520 411 27 40 0.020
453 208 8 12 0.019
265 200 13 15 0.019
8 225 10 12 0.019
453 215 10 14 0.019
56 409 35 47 0.019
433 228 10 13 0.019
317 207 12 15 0.018
844 245 11 14 0.018
233 264 14 19 0.018
872 192 5 8 0.018
715 174 5 6 0.018
219 701 109 69 0.018
262 202 11 14 0.018
1 345 12 26 0.018
136 304 17 21 0.017
814 168 5 6 0.017
710 193 5 6 0.017
846 224 7 10 0.017
305 205 20 25 0.017
716 314 15 21 0.017
538 232 10 13 0.017
583 210 8 11 0.016
719 245 9 11 0.016
791 175 5 6 0.016
730 216 6 7 0.016
908 261 13 15 0.016
373 295 11 20 0.016
1006 181 7 7 0.016
344 269 13 17 0.016
860 217 7 9 0.016
7 299 12 15 0.016
0 739 66 29 0.016
781 185 6 6 0.016
505 214 10 13 0.015
867 604 42 56 0.015
763 241 8 10 0.015
891 187 5 7 0.015
124 375 23 34 0.015
240 220 9 13 0.014
171 226 9 11 0.014
713 194 5 6 0.014
709 321 15 22 0.014
113 232 8 8 0.014
213 292 16 20 0.014
239 214 9 14 0.014
774 217 8 10 0.014
877 247 8 11 0.014
331 268 12 17 0.013
764 184 5 6 0.013
889 190 8 9 0.013
3 381 12 23 0.013
978 210 7 10 0.012
357 387 16 28 0.012
356 395 18 28 0.012
887 179 5 6 0.012
968 175 6 6 0.012
238 205 6 8 0.011
737 172 4 5 0.011
866 193 9 10 0.011
490 294 12 16 0.011
631 361 21 30 0.011
147 298 13 19 0.011
451 191 11 14 0.011
904 200 6 8 0.011
576 205 10 13 0.011
670 263 11 14 0.011
825 251 9 11 0.011
637 281 16 17 0.011
759 242 8 10 0.011
512 194 11 14 0.011
713 451 17 34 0.010
885 201 6 7 0.010
435 192 8 11 0.010
832 249 9 11 0.010
261 197 14 15 0.010
134 225 9 11 0.010
