18_Concerts_Concerts_18_66
215
491 328 62 82 0.850
442 363 64 93 0.847
627 245 37 56 0.814
643 419 61 77 0.812
808 261 39 57 0.806
435 256 41 51 0.803
891 348 46 60 0.792
925 293 39 46 0.777
745 331 52 68 0.772
198 248 34 42 0.761
226 311 50 71 0.759
580 311 47 57 0.757
480 199 24 31 0.753
388 221 28 34 0.748
71 319 56 61 0.732
361 187 19 24 0.720
229 200 22 26 0.703
212 169 21 24 0.682
299 292 35 42 0.682
190 318 37 50 0.662
508 179 20 29 0.646
173 201 20 28 0.620
288 158 15 18 0.610
406 200 21 25 0.608
26 266 29 42 0.607
640 180 19 25 0.594
19 211 29 31 0.580
334 152 13 16 0.562
287 460 72 78 0.542
964 477 59 75 0.520
378 150 12 14 0.473
420 155 12 14 0.418
457 167 14 17 0.401
300 206 18 24 0.394
5 520 132 80 0.374
105 254 27 32 0.372
509 161 14 18 0.328
664 171 16 21 0.282
958 198 46 57 0.272
575 181 23 28 0.272
462 251 28 41 0.261
429 125 9 10 0.257
1001 179 23 34 0.240
518 134 13 17 0.208
345 133 10 12 0.195
64 208 28 35 0.193
164 129 11 13 0.190
321 309 53 67 0.180
268 213 19 25 0.162
170 156 14 18 0.157
393 186 16 19 0.147
327 127 10 11 0.139
783 171 25 31 0.132
579 176 20 24 0.129
307 149 10 13 0.112
824 217 24 31 0.110
350 164 12 14 0.108
268 183 13 19 0.107
174 160 15 18 0.101
658 173 19 23 0.097
661 120 13 15 0.084
266 210 16 23 0.083
179 172 16 21 0.083
249 142 12 13 0.074
0 178 14 22 0.074
527 168 15 21 0.073
721 268 40 49 0.068
237 165 13 16 0.068
531 166 15 19 0.066
192 143 11 14 0.065
482 150 10 13 0.064
402 149 11 13 0.063
175 165 16 19 0.058
175 154 14 16 0.058
452 118 8 11 0.057
390 120 8 9 0.056
551 240 28 35 0.056
690 228 27 36 0.055
398 132 10 13 0.055
348 172 12 17 0.055
605 168 14 18 0.054
339 131 11 12 0.053
462 166 14 18 0.053
5 123 14 20 0.051
455 140 11 14 0.050
842 238 29 43 0.048
213 136 11 12 0.047
380 154 13 17 0.046
762 172 17 21 0.044
1005 325 18 70 0.041
331 125 8 11 0.041
422 181 16 19 0.040
178 178 17 22 0.039
609 170 14 17 0.037
424 155 13 15 0.037
875 320 35 47 0.037
161 116 9 10 0.037
623 158 14 18 0.037
562 292 32 36 0.036
889 168 22 26 0.034
387 119 9 11 0.034
510 129 12 13 0.033
416 178 15 17 0.033
248 139 11 13 0.032
520 139 13 16 0.032
188 74 24 35 0.032
703 169 20 24 0.031
632 172 16 19 0.031
375 131 9 11 0.030
577 172 17 20 0.030
570 569 69 32 0.030
338 144 12 15 0.029
789 160 22 26 0.029
428 185 17 20 0.029
455 118 8 10 0.029
445 110 10 12 0.028
444 107 9 9 0.028
416 155 12 15 0.028
66 206 36 47 0.028
140 147 11 13 0.027
631 114 9 12 0.027
252 140 11 13 0.027
664 152 12 15 0.027
31 203 39 46 0.026
324 130 10 13 0.026
95 256 31 35 0.026
594 104 9 12 0.026
160 130 12 14 0.026
589 168 16 21 0.025
777 162 36 47 0.025
988 471 35 67 0.025
272 180 14 16 0.025
766 210 25 33 0.025
181 163 14 18 0.024
267 230 23 31 0.024
344 176 12 17 0.023
206 146 12 15 0.022
459 146 13 14 0.022
475 107 8 9 0.022
369 115 7 9 0.022
546 248 28 33 0.021
1000 357 25 87 0.021
128 219 17 24 0.021
507 127 10 13 0.021
88 142 14 17 0.021
172 63 44 60 0.020
261 182 13 18 0.020
394 130 9 11 0.020
681 110 9 11 0.019
296 197 16 20 0.019
480 147 9 13 0.019
685 188 19 23 0.018
153 195 15 21 0.018
692 169 17 21 0.018
691 179 20 25 0.018
637 320 44 57 0.018
662 166 15 19 0.017
607 93 9 10 0.017
476 109 7 10 0.017
482 119 8 9 0.017
428 132 10 13 0.017
5 215 26 36 0.017
663 132 13 17 0.017
267 240 24 30 0.017
14 279 33 45 0.016
758 175 20 27 0.016
566 223 26 33 0.016
984 178 39 53 0.016
197 80 17 22 0.016
204 141 14 15 0.016
173 131 11 13 0.016
311 177 13 16 0.016
249 186 16 19 0.015
357 184 17 23 0.015
437 134 10 12 0.015
454 144 11 14 0.015
845 244 39 50 0.015
555 242 36 48 0.015
209 150 13 16 0.015
289 134 10 12 0.015
349 136 10 12 0.014
657 115 12 15 0.014
355 159 11 13 0.014
849 159 17 21 0.014
664 113 13 15 0.014
252 195 18 22 0.013
443 214 19 25 0.013
404 144 10 14 0.013
758 170 15 19 0.013
258 248 25 31 0.013
773 214 31 35 0.013
388 182 15 17 0.013
508 156 13 16 0.013
570 184 20 26 0.013
286 300 38 51 0.012
870 275 35 45 0.012
629 109 10 13 0.012
288 131 10 11 0.012
304 194 15 20 0.012
306 207 19 24 0.012
64 193 18 22 0.011
433 186 17 21 0.011
534 198 19 23 0.011
108 181 18 25 0.011
60 198 26 33 0.011
124 266 34 42 0.011
124 115 10 13 0.011
127 120 10 12 0.011
720 285 36 42 0.011
460 91 7 9 0.011
603 109 9 11 0.011
306 472 71 93 0.010
0 172 10 20 0.010
792 171 22 28 0.010
831 190 22 27 0.010
