18_Concerts_Concerts_18_151
148
897 203 20 25 0.772
871 257 21 26 0.772
123 332 19 23 0.770
464 67 18 22 0.768
783 145 18 23 0.768
590 324 21 27 0.767
728 318 20 27 0.763
755 261 19 24 0.758
998 333 20 23 0.756
331 262 20 25 0.754
561 203 17 20 0.752
695 144 17 22 0.751
721 60 16 22 0.751
852 63 18 21 0.749
1010 202 14 20 0.744
742 413 17 23 0.741
475 205 17 23 0.738
204 91 15 20 0.737
671 257 17 23 0.734
88 285 17 20 0.734
209 266 19 24 0.733
472 260 18 20 0.731
8 347 20 27 0.727
871 147 20 24 0.722
399 150 17 21 0.720
305 397 19 24 0.718
504 139 18 21 0.717
152 399 19 22 0.714
582 264 19 21 0.713
346 80 17 19 0.711
588 144 17 22 0.710
105 55 15 18 0.709
987 61 16 21 0.708
956 150 15 19 0.708
102 105 16 20 0.702
592 70 17 20 0.700
852 330 18 22 0.699
472 323 19 20 0.697
982 270 16 26 0.692
34 80 15 18 0.687
362 335 18 24 0.672
64 75 15 18 0.668
263 430 17 24 0.662
96 427 14 21 0.659
867 411 17 25 0.658
130 88 16 20 0.657
889 436 14 23 0.630
228 329 20 23 0.619
8 110 13 17 0.610
714 436 16 25 0.588
72 99 13 15 0.586
669 207 17 21 0.585
785 200 19 22 0.582
15 79 12 16 0.570
337 205 17 18 0.561
1007 67 13 16 0.544
498 333 16 26 0.538
885 68 11 14 0.422
50 192 15 18 0.358
57 15 14 16 0.291
477 142 16 18 0.264
68 88 14 18 0.238
106 184 16 17 0.221
0 90 6 16 0.182
159 626 11 18 0.155
57 8 13 17 0.153
118 249 19 22 0.149
582 376 15 20 0.143
1011 157 11 21 0.142
448 280 14 16 0.130
870 175 12 16 0.115
18 92 12 17 0.103
13 81 9 16 0.093
110 433 16 22 0.084
13 83 14 19 0.082
0 310 9 16 0.078
384 636 15 22 0.074
1011 625 9 20 0.072
852 320 17 21 0.068
132 636 13 19 0.057
318 329 13 16 0.057
1013 42 10 17 0.055
143 364 14 18 0.055
0 425 13 20 0.053
360 415 15 20 0.052
604 656 13 19 0.046
375 635 13 20 0.046
61 77 13 17 0.045
108 189 17 20 0.043
476 659 12 17 0.041
359 266 14 19 0.040
154 627 13 20 0.040
3 331 11 19 0.037
215 144 16 19 0.036
618 72 10 13 0.035
768 611 14 18 0.032
864 176 11 15 0.031
168 314 17 22 0.030
377 581 14 16 0.030
117 431 15 22 0.030
639 147 15 18 0.030
356 624 11 18 0.029
162 625 12 19 0.028
319 419 17 21 0.027
867 128 14 19 0.027
342 429 15 17 0.026
678 209 16 20 0.026
312 648 16 23 0.025
1009 623 10 17 0.025
593 403 16 17 0.023
598 333 19 23 0.022
239 321 15 22 0.021
612 344 16 21 0.021
4 167 14 17 0.021
226 318 19 22 0.020
858 176 8 11 0.019
1 324 11 20 0.018
205 401 13 18 0.018
412 637 13 22 0.018
836 446 15 20 0.018
1008 358 12 18 0.017
490 71 10 14 0.017
82 116 12 15 0.016
28 16 12 18 0.015
127 429 14 21 0.015
472 658 11 18 0.014
222 290 14 19 0.014
95 664 13 17 0.014
857 174 13 16 0.014
557 582 11 13 0.014
601 173 11 14 0.014
601 659 11 16 0.013
405 634 16 24 0.013
56 19 12 15 0.013
504 340 15 23 0.013
348 426 17 19 0.013
986 376 13 18 0.012
385 302 16 19 0.012
874 65 14 17 0.012
3 509 13 17 0.012
201 592 11 15 0.011
131 427 12 18 0.011
1014 99 9 17 0.011
843 60 14 18 0.011
857 325 18 23 0.011
836 461 15 19 0.011
490 338 14 21 0.011
517 236 17 18 0.010
