18_Concerts_Concerts_18_127
33
662 168 54 77 0.805
173 164 49 66 0.804
359 227 60 83 0.800
245 130 36 54 0.796
740 188 50 72 0.788
274 231 52 91 0.785
801 189 46 62 0.782
150 268 72 99 0.780
528 224 57 67 0.780
8 192 44 63 0.752
914 204 40 57 0.750
52 175 34 50 0.746
950 196 39 51 0.742
304 177 45 53 0.736
445 235 47 72 0.735
847 202 30 43 0.701
451 179 41 50 0.683
572 189 35 47 0.536
1012 179 12 53 0.191
768 190 46 66 0.064
762 168 33 37 0.050
549 160 31 39 0.038
405 184 27 37 0.024
648 334 60 72 0.024
762 173 41 56 0.020
36 317 61 70 0.019
569 211 34 53 0.017
1013 194 10 29 0.015
538 163 39 46 0.015
458 189 42 54 0.013
618 194 27 38 0.012
545 216 48 62 0.011
565 227 38 56 0.011
