18_Concerts_Concerts_18_602
157
896 479 43 58 0.831
480 398 27 33 0.790
296 529 39 56 0.780
938 377 35 48 0.773
557 385 32 42 0.770
407 392 19 26 0.768
258 537 27 42 0.765
309 388 25 33 0.755
458 489 28 39 0.755
330 505 35 55 0.745
345 379 20 25 0.737
51 380 21 29 0.729
39 344 18 23 0.724
78 420 22 28 0.720
250 302 18 25 0.715
837 340 16 20 0.715
108 256 14 18 0.715
369 393 28 40 0.712
141 255 16 20 0.709
871 372 21 25 0.703
232 299 15 19 0.697
191 363 19 21 0.695
739 373 19 22 0.692
22 338 16 19 0.687
189 261 14 19 0.667
452 346 16 20 0.661
301 255 13 16 0.657
263 260 13 17 0.657
773 333 16 20 0.656
682 353 13 19 0.655
167 403 26 32 0.649
438 327 13 19 0.645
50 263 12 17 0.636
712 342 15 18 0.631
522 338 15 18 0.625
568 332 13 16 0.613
473 361 19 24 0.602
132 395 16 21 0.596
398 324 12 17 0.595
408 287 12 16 0.588
616 266 11 15 0.575
519 322 14 18 0.564
513 393 19 29 0.552
481 260 12 15 0.541
211 273 13 17 0.533
140 405 21 26 0.518
338 331 17 19 0.511
368 272 13 17 0.499
900 349 15 20 0.498
546 277 9 14 0.472
581 258 12 15 0.422
1 279 7 20 0.409
649 348 18 19 0.408
605 338 14 17 0.368
114 406 15 18 0.330
508 377 18 21 0.321
392 296 11 14 0.292
667 340 16 19 0.286
168 266 13 16 0.283
333 269 11 14 0.261
118 403 15 20 0.252
450 289 11 13 0.243
374 303 11 13 0.217
553 326 14 17 0.210
206 272 13 18 0.197
348 330 16 20 0.192
923 337 12 16 0.168
713 332 14 16 0.167
49 366 19 28 0.160
662 343 15 20 0.137
292 237 11 13 0.136
1 256 8 16 0.126
994 345 13 17 0.123
877 341 11 14 0.121
906 347 16 20 0.112
481 303 10 12 0.101
671 336 13 17 0.099
444 289 11 13 0.095
147 259 16 19 0.095
763 654 65 50 0.093
551 304 11 16 0.086
710 336 15 17 0.084
216 269 13 16 0.079
734 356 17 19 0.078
926 341 13 14 0.076
677 330 11 14 0.076
595 382 19 26 0.072
736 363 19 24 0.070
1 378 9 17 0.066
438 287 11 13 0.064
602 343 16 19 0.059
330 274 13 15 0.055
926 334 10 13 0.055
653 344 14 18 0.054
405 319 12 17 0.051
507 304 9 12 0.049
896 352 17 23 0.049
402 357 14 15 0.049
2 279 11 17 0.047
586 384 25 35 0.045
920 344 14 19 0.043
935 342 11 14 0.042
764 342 17 20 0.040
520 319 11 16 0.035
382 273 9 14 0.035
918 333 12 15 0.035
179 309 11 15 0.034
221 269 14 16 0.032
940 343 10 12 0.030
611 344 15 17 0.029
263 449 20 24 0.028
439 303 11 14 0.027
0 415 11 27 0.027
686 353 13 17 0.025
578 357 14 18 0.020
87 725 20 20 0.020
873 345 14 17 0.020
183 261 12 17 0.019
242 448 25 28 0.019
509 302 9 11 0.018
320 260 11 13 0.017
447 296 11 15 0.017
3 256 9 13 0.016
103 336 16 17 0.016
904 353 15 20 0.016
4 377 11 17 0.016
650 332 11 13 0.015
387 339 12 16 0.015
882 345 15 18 0.015
954 372 29 43 0.015
590 355 15 17 0.015
412 319 12 16 0.015
969 377 19 26 0.014
584 361 15 20 0.014
1002 343 10 15 0.014
1012 370 11 19 0.014
998 340 11 15 0.013
619 345 13 16 0.013
966 383 19 27 0.013
439 277 10 12 0.012
845 356 13 17 0.012
935 361 13 17 0.012
347 297 12 16 0.012
549 385 26 38 0.012
335 334 15 18 0.012
504 307 9 12 0.012
403 288 10 13 0.011
390 270 9 11 0.011
717 340 15 18 0.011
337 274 11 15 0.011
334 326 14 19 0.011
1004 270 7 7 0.011
331 330 13 16 0.011
932 350 13 17 0.011
251 293 16 22 0.010
505 386 20 26 0.010
600 388 20 22 0.010
