18_Concerts_Concerts_18_920
103
824 572 10 14 0.662
279 505 16 20 0.658
903 564 10 13 0.621
981 585 11 14 0.617
757 568 11 13 0.586
869 574 9 12 0.577
770 624 10 13 0.575
753 626 10 13 0.575
930 562 9 11 0.568
618 606 10 13 0.568
909 520 8 10 0.515
852 557 11 13 0.481
1003 517 11 14 0.433
620 566 7 9 0.414
819 529 8 10 0.394
950 524 7 9 0.356
574 569 6 9 0.349
905 485 7 10 0.347
589 564 6 8 0.326
764 537 8 9 0.268
790 550 7 8 0.212
831 553 9 11 0.199
685 656 11 12 0.175
767 538 7 9 0.173
897 606 12 14 0.172
803 557 8 9 0.169
800 556 8 11 0.148
792 551 7 9 0.146
755 599 10 11 0.136
593 414 117 145 0.129
855 554 9 12 0.121
852 502 9 11 0.120
905 490 8 11 0.116
870 524 7 9 0.108
688 657 11 12 0.091
899 610 11 15 0.090
912 518 8 10 0.086
667 564 6 7 0.085
233 614 26 52 0.084
895 601 11 14 0.082
741 602 8 11 0.080
823 529 8 10 0.077
833 550 9 11 0.065
745 600 9 12 0.059
759 592 10 13 0.057
739 641 9 11 0.052
876 667 12 14 0.051
886 105 14 19 0.050
869 526 8 11 0.050
570 568 8 10 0.049
864 573 9 11 0.045
862 541 8 11 0.044
848 115 16 19 0.038
627 567 7 8 0.037
758 598 12 12 0.036
903 489 8 10 0.034
591 567 6 8 0.033
756 570 9 12 0.033
873 573 10 13 0.031
617 568 6 8 0.030
682 652 10 11 0.029
852 499 8 10 0.027
633 566 6 8 0.027
895 610 12 15 0.026
380 1 50 53 0.026
663 572 6 9 0.024
855 498 8 10 0.022
672 563 6 8 0.021
664 563 8 10 0.020
928 565 9 12 0.019
920 31 15 23 0.019
664 571 7 9 0.018
869 538 9 11 0.018
891 110 18 18 0.018
800 572 9 11 0.017
902 484 10 14 0.017
750 625 10 13 0.016
560 611 7 12 0.015
818 525 9 11 0.015
608 634 10 11 0.015
876 539 8 10 0.015
759 554 9 10 0.014
805 572 8 11 0.014
628 564 6 8 0.014
919 25 15 21 0.014
616 611 9 13 0.014
768 71 14 22 0.013
873 544 8 11 0.013
160 565 8 10 0.013
961 0 18 18 0.013
748 623 8 11 0.012
920 38 17 23 0.012
163 563 8 12 0.012
959 67 15 19 0.011
966 615 8 11 0.011
282 538 10 13 0.011
610 636 9 12 0.011
559 615 9 13 0.011
882 96 14 17 0.011
859 540 7 10 0.011
838 515 7 8 0.010
1004 481 7 8 0.010
725 656 10 12 0.010
