3_Riot_Riot_3_123
56
592 472 65 72 0.802
897 345 25 35 0.475
999 300 19 28 0.445
549 478 47 72 0.217
130 425 15 18 0.184
945 271 8 10 0.172
274 432 19 33 0.132
832 650 58 85 0.129
913 244 7 9 0.114
973 258 7 9 0.109
989 273 9 13 0.089
947 268 9 11 0.084
317 394 20 23 0.083
845 676 54 60 0.079
953 287 9 12 0.061
520 366 20 28 0.055
886 373 17 25 0.048
913 277 9 11 0.046
238 400 22 23 0.042
960 264 7 10 0.039
926 259 8 9 0.039
888 364 20 31 0.038
995 301 17 23 0.034
911 279 9 12 0.034
512 480 50 71 0.033
910 244 7 8 0.032
930 326 22 28 0.028
949 238 6 7 0.026
907 280 9 11 0.025
1018 275 6 12 0.024
987 258 7 8 0.020
904 345 30 34 0.019
22 405 19 22 0.018
108 172 30 39 0.016
964 243 6 7 0.016
265 388 18 20 0.015
942 270 9 11 0.015
966 243 6 8 0.014
528 363 18 25 0.014
1002 321 20 32 0.013
979 350 20 27 0.013
962 221 6 8 0.013
913 284 9 12 0.013
291 346 25 29 0.013
930 258 7 9 0.013
974 218 6 8 0.012
985 276 9 11 0.012
890 346 22 33 0.011
948 259 7 9 0.011
513 365 19 27 0.011
1010 482 13 61 0.011
991 284 11 17 0.011
522 361 17 23 0.010
944 269 11 14 0.010
525 371 20 26 0.010
962 277 8 11 0.010
