3_Riot_Riot_3_542
239
453 396 27 38 0.760
194 334 32 35 0.731
102 256 18 20 0.697
173 260 20 24 0.685
72 264 22 26 0.658
228 255 19 21 0.658
140 255 18 22 0.654
805 273 12 15 0.591
897 268 13 16 0.575
314 272 15 20 0.573
126 258 14 18 0.566
420 249 11 13 0.552
770 262 11 14 0.545
842 273 13 16 0.543
418 269 13 16 0.543
615 258 11 14 0.540
697 274 13 14 0.522
630 268 12 15 0.515
669 255 10 14 0.503
2 263 18 27 0.492
745 271 10 13 0.488
722 257 11 13 0.487
18 187 10 12 0.483
638 231 9 11 0.475
961 140 10 11 0.471
460 260 12 15 0.465
510 251 10 13 0.451
297 252 13 17 0.443
647 257 10 13 0.442
593 259 11 14 0.437
477 249 11 12 0.431
334 240 11 12 0.426
361 261 13 18 0.423
866 154 8 11 0.418
50 278 21 27 0.414
397 246 10 12 0.414
216 216 9 14 0.404
551 229 8 11 0.402
540 253 10 13 0.402
319 252 11 14 0.401
578 259 11 13 0.392
76 182 10 11 0.382
144 185 9 11 0.367
829 261 11 14 0.352
626 226 8 9 0.347
181 191 8 9 0.337
688 258 10 12 0.327
929 320 23 31 0.319
395 232 7 9 0.314
1010 268 12 14 0.293
420 388 25 29 0.289
457 247 9 10 0.260
439 249 10 12 0.259
255 266 14 16 0.258
942 267 20 23 0.257
595 224 8 9 0.252
541 273 13 15 0.236
495 237 8 8 0.221
365 258 12 15 0.220
380 241 8 9 0.219
400 273 11 14 0.218
478 271 12 14 0.216
128 190 9 10 0.208
762 260 11 13 0.208
897 243 8 9 0.200
671 239 7 10 0.197
458 257 11 16 0.195
265 277 14 18 0.187
214 248 12 17 0.183
846 252 11 12 0.178
308 248 11 14 0.177
547 256 11 13 0.175
356 239 8 10 0.171
355 490 34 32 0.170
551 260 12 13 0.169
707 249 10 11 0.164
759 260 10 12 0.154
372 226 6 8 0.149
262 272 16 19 0.149
497 265 11 13 0.147
414 270 13 16 0.141
344 261 11 15 0.141
137 211 9 11 0.139
475 268 12 15 0.138
619 260 12 15 0.134
660 228 8 9 0.133
354 236 8 9 0.132
7 259 20 27 0.131
258 268 15 17 0.129
858 253 11 14 0.126
13 249 15 21 0.124
897 245 9 11 0.119
351 262 13 17 0.118
43 225 13 16 0.118
486 268 12 13 0.117
567 243 9 11 0.115
279 260 11 14 0.115
555 256 10 14 0.112
504 267 10 12 0.110
382 242 9 11 0.107
825 263 12 14 0.105
219 273 14 17 0.104
657 272 11 13 0.103
298 212 8 11 0.100
483 271 11 13 0.100
650 258 10 14 0.098
567 241 8 10 0.097
618 285 11 14 0.093
949 237 9 10 0.092
44 255 13 17 0.092
325 247 12 14 0.092
581 241 8 10 0.090
491 262 10 12 0.088
669 242 9 11 0.087
689 255 10 11 0.087
323 228 7 10 0.087
506 252 11 13 0.086
812 256 10 10 0.085
300 211 7 8 0.084
574 243 9 11 0.084
963 241 8 9 0.080
348 234 9 11 0.080
818 255 9 11 0.079
502 248 9 11 0.079
992 249 11 14 0.077
800 258 9 11 0.073
995 251 12 14 0.073
242 233 12 13 0.073
684 258 10 13 0.071
434 248 10 13 0.071
660 336 11 13 0.071
701 275 12 14 0.071
965 242 8 10 0.070
131 259 19 21 0.070
847 271 12 16 0.069
350 230 7 8 0.069
358 268 14 16 0.069
183 191 8 10 0.068
719 254 11 13 0.067
237 290 23 25 0.067
163 229 10 12 0.062
331 211 6 6 0.060
875 249 9 11 0.060
442 283 13 15 0.059
378 253 10 12 0.058
562 245 9 11 0.058
253 209 7 9 0.057
79 181 10 11 0.056
441 243 7 9 0.053
867 252 10 14 0.053
654 269 10 13 0.052
330 209 6 7 0.050
180 262 16 21 0.049
295 216 8 10 0.047
745 249 10 12 0.047
605 251 9 11 0.046
868 157 8 9 0.046
942 274 16 19 0.045
451 243 7 8 0.044
101 187 7 9 0.044
199 188 8 10 0.043
652 254 9 12 0.043
900 253 10 12 0.043
340 260 11 13 0.043
391 230 6 8 0.042
285 199 6 7 0.042
848 251 14 16 0.039
889 264 10 13 0.039
615 243 8 11 0.038
333 211 6 6 0.038
747 264 10 13 0.037
47 265 18 24 0.036
811 233 8 9 0.035
810 253 8 12 0.034
317 237 9 11 0.034
961 252 10 11 0.034
269 249 9 12 0.033
809 275 11 14 0.033
953 239 10 11 0.032
245 235 12 14 0.031
798 255 9 11 0.031
251 211 8 10 0.030
415 381 23 27 0.030
255 211 9 11 0.029
748 248 9 11 0.026
265 246 10 13 0.026
358 480 34 34 0.025
849 242 10 10 0.025
460 244 7 9 0.025
24 184 9 11 0.024
744 241 9 10 0.024
663 229 8 10 0.024
20 241 15 21 0.024
283 199 6 7 0.023
166 239 13 18 0.021
628 237 9 11 0.021
133 210 10 12 0.020
981 276 14 20 0.020
855 241 10 11 0.018
589 225 8 9 0.018
287 199 6 7 0.018
294 250 19 23 0.018
154 259 20 23 0.018
958 274 15 18 0.018
592 222 11 14 0.017
40 251 14 18 0.017
973 278 15 19 0.016
270 277 13 17 0.016
102 189 8 10 0.016
735 250 10 13 0.016
277 250 10 12 0.015
4 209 9 12 0.015
950 257 15 17 0.015
248 232 10 13 0.015
256 207 9 10 0.015
614 283 10 13 0.013
836 240 7 9 0.013
72 183 9 11 0.013
1000 272 13 17 0.013
789 293 10 13 0.013
839 244 9 11 0.013
984 264 11 15 0.013
549 216 6 7 0.013
196 266 13 17 0.013
846 297 11 14 0.013
214 215 8 12 0.013
982 282 15 20 0.012
75 185 10 12 0.012
548 219 6 8 0.012
25 236 14 16 0.012
269 236 8 12 0.012
126 188 8 9 0.012
325 206 6 7 0.011
660 296 13 13 0.011
162 232 11 14 0.011
433 390 35 43 0.011
410 229 5 7 0.011
255 206 7 7 0.010
661 274 11 13 0.010
