3_Riot_Riot_3_137
280
923 349 58 66 0.841
332 388 55 62 0.835
272 364 43 47 0.818
488 327 42 50 0.817
62 386 38 43 0.800
107 412 35 42 0.784
657 357 51 57 0.755
404 336 34 46 0.713
973 321 26 34 0.677
461 309 16 20 0.632
789 317 20 30 0.619
672 299 16 19 0.610
924 315 27 31 0.603
527 309 13 15 0.596
775 315 16 22 0.584
899 327 20 25 0.537
790 297 15 17 0.534
811 296 11 13 0.519
148 407 27 45 0.517
374 314 10 12 0.509
548 303 10 12 0.453
152 334 9 10 0.443
761 289 9 10 0.409
256 334 17 21 0.378
977 284 8 10 0.358
350 326 17 20 0.344
952 289 9 10 0.340
27 354 15 24 0.337
134 338 7 9 0.335
733 309 13 16 0.334
749 307 11 14 0.334
398 301 10 11 0.325
964 310 14 17 0.324
23 328 10 12 0.322
994 276 8 10 0.318
234 320 11 13 0.280
91 404 39 44 0.277
786 280 7 9 0.268
344 328 14 18 0.257
832 275 7 9 0.249
607 292 7 9 0.233
804 274 7 8 0.232
387 341 17 22 0.229
339 327 12 15 0.223
0 403 10 41 0.210
779 316 20 27 0.198
757 354 16 26 0.197
965 274 7 8 0.188
107 365 17 20 0.186
734 280 7 8 0.185
741 307 12 15 0.167
947 283 9 11 0.165
439 309 10 12 0.155
145 349 10 11 0.154
0 335 7 12 0.147
158 418 30 46 0.145
191 316 7 8 0.136
534 307 12 13 0.136
101 338 10 12 0.136
935 291 9 11 0.132
149 337 10 12 0.130
947 280 7 9 0.128
142 322 7 7 0.124
588 333 16 25 0.122
356 307 7 8 0.118
853 273 7 8 0.117
21 354 16 23 0.115
82 306 6 7 0.114
426 311 10 10 0.114
252 335 14 18 0.113
565 294 6 7 0.107
1016 297 8 17 0.106
574 302 9 13 0.105
1011 287 7 10 0.103
588 293 6 8 0.102
40 306 5 7 0.097
549 314 12 16 0.097
961 274 8 10 0.096
752 309 13 14 0.094
670 298 12 14 0.093
386 341 13 17 0.091
747 304 10 13 0.089
990 277 8 10 0.087
188 333 10 13 0.087
1007 273 6 8 0.087
22 312 6 8 0.087
652 357 38 44 0.086
594 304 7 10 0.086
32 357 19 24 0.086
572 301 8 12 0.083
230 320 11 13 0.081
874 273 7 9 0.080
527 288 5 6 0.080
83 307 6 7 0.080
744 299 9 12 0.080
815 339 23 34 0.079
263 335 16 19 0.078
358 338 17 22 0.078
121 316 7 7 0.078
547 305 12 16 0.078
109 310 5 7 0.078
18 312 8 9 0.077
744 293 7 8 0.073
190 337 12 19 0.073
248 336 13 17 0.070
969 274 7 7 0.067
341 309 6 7 0.065
70 289 5 6 0.064
942 284 8 11 0.063
1015 324 8 21 0.062
856 273 7 9 0.062
908 272 7 8 0.060
999 281 8 11 0.056
379 351 14 18 0.056
190 340 15 25 0.055
731 284 6 8 0.055
912 292 10 12 0.053
894 297 13 15 0.053
96 337 11 13 0.053
402 301 8 10 0.052
540 300 7 9 0.050
433 308 9 11 0.050
736 290 7 9 0.050
415 294 5 6 0.050
89 324 6 8 0.049
365 340 14 18 0.048
979 269 6 7 0.047
649 358 29 32 0.046
8 312 6 8 0.046
340 309 9 11 0.044
392 338 15 20 0.044
123 314 6 7 0.044
114 362 14 17 0.043
173 298 6 7 0.043
261 315 9 10 0.042
1003 301 11 14 0.041
265 316 11 12 0.041
842 295 10 14 0.041
768 281 7 7 0.040
56 294 5 6 0.040
439 303 6 8 0.039
583 291 6 8 0.038
627 305 17 20 0.038
367 333 12 16 0.037
715 316 11 15 0.036
355 344 18 21 0.035
592 329 14 23 0.035
108 315 6 7 0.035
844 298 16 21 0.035
897 296 12 14 0.034
921 267 6 6 0.034
171 300 6 7 0.034
337 323 10 12 0.034
348 307 6 7 0.033
761 289 13 15 0.032
815 296 12 14 0.032
874 271 6 7 0.032
849 304 18 22 0.031
580 295 8 11 0.031
537 287 5 6 0.030
5 312 6 8 0.029
911 285 8 11 0.029
709 315 11 15 0.028
505 288 5 6 0.027
942 275 7 8 0.027
590 316 10 15 0.027
843 274 8 10 0.027
940 269 6 7 0.026
401 304 10 11 0.026
139 297 5 6 0.026
848 286 10 14 0.026
526 287 8 9 0.025
516 298 7 8 0.025
19 313 9 11 0.024
108 308 5 7 0.024
653 283 6 7 0.024
884 272 6 7 0.023
727 314 15 19 0.023
488 313 10 13 0.023
890 274 6 8 0.023
284 301 8 10 0.023
910 296 12 16 0.023
611 293 6 8 0.022
892 325 17 24 0.022
413 297 6 8 0.021
648 351 23 30 0.021
638 303 14 19 0.021
898 274 7 9 0.021
437 296 5 5 0.021
340 307 6 7 0.020
501 302 9 10 0.020
269 310 8 9 0.020
889 269 5 7 0.020
451 306 7 9 0.020
348 333 17 20 0.020
427 294 5 6 0.020
62 320 6 8 0.020
687 298 8 11 0.019
916 296 16 20 0.019
210 317 6 8 0.019
901 294 11 14 0.019
46 351 17 20 0.019
273 305 6 8 0.019
140 295 5 6 0.019
6 356 9 14 0.018
825 330 26 31 0.018
864 303 19 22 0.018
606 290 12 16 0.018
705 317 14 16 0.018
965 271 6 6 0.017
391 322 11 12 0.017
65 318 7 9 0.017
272 315 11 13 0.017
321 309 7 9 0.017
15 354 11 16 0.017
146 414 22 30 0.017
432 296 5 7 0.016
912 270 6 6 0.016
236 304 5 7 0.016
66 314 7 8 0.016
117 332 8 9 0.016
556 279 5 5 0.016
16 356 16 22 0.016
318 311 9 11 0.015
167 417 39 49 0.015
662 293 8 10 0.015
618 303 11 15 0.015
108 294 4 5 0.015
273 330 12 15 0.015
206 331 10 12 0.015
887 300 15 20 0.015
237 309 7 9 0.015
852 308 19 23 0.014
101 360 16 19 0.014
155 311 6 7 0.014
641 303 10 12 0.014
49 348 12 15 0.014
111 341 9 11 0.014
136 293 5 5 0.014
821 268 6 6 0.013
38 308 8 9 0.013
821 298 13 16 0.013
222 310 6 8 0.013
173 296 5 6 0.013
690 299 10 14 0.013
0 413 8 47 0.013
694 278 5 6 0.013
224 279 4 6 0.013
727 293 7 8 0.013
732 306 18 23 0.012
629 302 11 15 0.012
315 309 9 11 0.012
602 282 5 6 0.012
669 282 5 6 0.012
393 343 24 32 0.012
748 328 20 23 0.012
109 312 8 9 0.012
157 292 5 6 0.012
495 306 9 11 0.012
889 291 11 14 0.012
83 353 16 18 0.012
557 282 5 7 0.012
784 278 11 14 0.012
102 368 19 25 0.011
82 311 9 11 0.011
951 267 5 6 0.011
480 323 20 28 0.011
67 325 7 9 0.011
834 379 36 35 0.011
819 344 36 48 0.011
160 332 8 10 0.011
939 286 13 15 0.011
372 357 19 22 0.011
994 274 11 13 0.011
505 293 6 9 0.011
0 400 16 33 0.011
811 330 35 46 0.011
829 324 20 25 0.010
919 273 9 10 0.010
328 317 9 11 0.010
