3_Riot_Riot_3_306
30
746 84 61 86 0.854
266 138 59 71 0.829
480 190 54 60 0.787
657 168 66 71 0.739
914 63 75 74 0.719
325 129 18 24 0.640
147 152 19 23 0.630
289 239 35 69 0.545
471 135 42 53 0.521
235 186 36 42 0.511
181 152 16 21 0.217
839 127 14 19 0.146
35 180 15 20 0.079
176 156 15 21 0.037
321 133 19 24 0.031
12 156 15 21 0.030
71 203 13 15 0.028
555 123 16 19 0.026
10 159 12 19 0.020
550 90 10 13 0.019
651 128 28 37 0.018
914 109 30 43 0.018
189 147 14 19 0.017
107 173 15 19 0.015
530 309 66 80 0.013
28 182 15 22 0.012
109 142 14 19 0.012
110 134 12 19 0.012
19 152 16 20 0.012
523 77 10 12 0.011
