3_Riot_Riot_3_725
66
816 246 28 32 0.786
386 276 26 35 0.783
297 247 21 26 0.774
728 263 26 31 0.750
390 230 22 27 0.748
518 283 24 27 0.746
263 238 21 25 0.745
325 239 18 24 0.724
278 214 19 24 0.719
307 221 20 23 0.703
634 217 40 45 0.696
463 243 23 26 0.672
733 231 21 26 0.653
542 120 17 21 0.516
940 151 14 15 0.473
900 155 13 15 0.472
410 233 18 23 0.424
532 126 14 17 0.327
838 129 11 18 0.297
538 123 16 20 0.296
686 248 23 27 0.248
867 144 13 18 0.241
777 278 20 28 0.192
887 188 14 20 0.167
692 242 18 22 0.142
420 271 20 26 0.129
492 245 21 24 0.082
946 154 13 15 0.081
529 130 13 19 0.061
779 269 19 24 0.060
847 180 19 27 0.058
559 241 27 28 0.054
244 254 15 17 0.053
526 142 13 18 0.052
227 284 14 17 0.050
886 179 14 21 0.049
767 248 14 17 0.046
502 129 15 19 0.045
635 257 19 22 0.044
772 256 16 21 0.038
677 252 30 33 0.035
890 189 17 22 0.035
301 205 14 16 0.027
662 243 20 26 0.024
231 275 14 19 0.023
769 251 16 21 0.022
674 243 20 26 0.022
867 139 13 14 0.022
765 251 14 19 0.021
523 274 24 29 0.020
774 263 18 25 0.018
837 146 12 21 0.018
845 172 17 30 0.016
801 268 16 19 0.016
962 182 13 21 0.015
304 215 18 21 0.015
872 141 14 17 0.014
629 259 20 23 0.014
895 150 20 24 0.013
375 234 14 20 0.013
540 250 28 27 0.012
1006 216 17 24 0.011
542 257 20 23 0.011
612 263 20 24 0.011
697 291 16 19 0.010
494 254 20 24 0.010
