3_Riot_Riot_3_790
41
207 276 25 30 0.738
812 268 20 22 0.695
786 250 17 23 0.687
930 273 13 17 0.687
987 274 15 17 0.658
244 255 17 20 0.651
484 261 11 14 0.606
432 272 15 15 0.601
328 260 14 18 0.597
513 262 16 17 0.571
259 240 17 19 0.559
348 415 45 51 0.358
432 292 11 13 0.170
832 265 13 17 0.133
835 262 12 16 0.116
998 253 11 14 0.107
1017 258 7 17 0.105
986 253 11 13 0.102
218 253 14 17 0.086
513 300 15 18 0.063
520 262 13 15 0.060
512 291 15 20 0.056
993 255 13 16 0.046
480 263 10 13 0.043
840 261 12 15 0.043
711 271 6 8 0.032
437 274 12 15 0.028
775 253 11 16 0.027
846 267 11 15 0.026
428 290 11 13 0.025
1017 251 7 13 0.023
512 273 15 16 0.021
509 286 13 19 0.019
927 272 11 14 0.018
1015 275 9 17 0.018
1014 284 10 17 0.017
251 244 16 18 0.016
856 266 10 12 0.015
324 257 13 17 0.015
850 277 8 11 0.013
847 274 10 13 0.012
