3_Riot_Riot_3_415
56
842 416 27 36 0.719
517 267 23 28 0.698
137 209 22 26 0.683
799 237 16 24 0.657
392 266 23 29 0.649
443 223 17 29 0.637
654 242 17 25 0.636
977 359 18 27 0.614
714 233 17 28 0.602
658 301 20 32 0.567
289 240 18 28 0.554
311 281 21 26 0.546
554 258 14 25 0.506
907 215 17 28 0.500
895 242 18 28 0.293
748 260 20 25 0.291
867 392 21 26 0.275
145 276 18 24 0.266
277 187 18 23 0.171
895 232 17 29 0.150
513 245 19 26 0.129
1003 278 16 20 0.128
227 273 20 25 0.124
213 265 18 24 0.108
220 270 21 26 0.105
281 243 19 28 0.085
664 307 20 26 0.054
336 318 21 30 0.049
653 304 20 33 0.044
668 340 22 31 0.044
241 278 20 26 0.036
901 249 19 25 0.035
150 282 19 24 0.034
557 263 17 23 0.033
1006 282 17 23 0.029
246 285 19 23 0.028
507 247 17 24 0.027
510 240 18 25 0.026
875 390 22 26 0.024
725 342 23 29 0.024
150 246 21 25 0.023
318 284 20 24 0.021
235 281 20 27 0.020
962 424 28 49 0.018
360 283 20 25 0.017
357 271 19 21 0.016
361 292 23 27 0.016
275 245 17 25 0.014
137 202 19 23 0.013
709 233 14 22 0.013
207 263 17 22 0.013
251 287 21 26 0.011
367 290 20 25 0.011
433 277 12 17 0.011
272 236 17 25 0.010
867 292 21 23 0.010
