3_Riot_Riot_3_958
80
109 31 26 32 0.785
236 11 27 35 0.782
136 3 27 33 0.768
924 72 26 35 0.754
13 8 38 45 0.748
403 23 37 50 0.740
864 19 36 44 0.738
68 3 27 33 0.736
566 113 55 64 0.731
520 44 27 35 0.725
667 56 20 26 0.699
53 22 26 33 0.696
708 31 24 33 0.687
209 27 23 27 0.679
775 40 31 36 0.657
335 35 22 29 0.652
825 49 20 24 0.639
314 38 21 26 0.631
953 59 26 34 0.602
606 47 16 19 0.598
499 31 22 26 0.581
373 33 26 33 0.487
463 36 20 26 0.485
969 20 22 26 0.451
305 29 19 25 0.415
753 65 21 26 0.383
185 21 13 17 0.378
290 40 19 23 0.339
0 22 11 28 0.299
486 52 15 20 0.289
963 18 19 25 0.183
1017 42 7 20 0.181
575 52 20 24 0.175
771 43 20 27 0.141
172 34 14 20 0.127
395 20 22 28 0.098
492 41 19 25 0.096
642 58 8 10 0.079
486 46 14 19 0.069
632 59 13 17 0.060
960 14 17 20 0.049
1011 50 13 28 0.048
654 63 9 12 0.047
938 61 32 43 0.042
181 21 19 24 0.041
946 52 20 25 0.039
843 35 18 25 0.038
650 62 8 11 0.036
831 45 19 24 0.034
561 69 31 44 0.032
480 56 17 23 0.031
977 19 18 23 0.030
705 43 16 22 0.026
392 26 28 37 0.025
573 52 14 19 0.025
488 56 16 21 0.024
578 50 14 16 0.024
700 71 17 23 0.023
308 1 16 19 0.022
758 55 15 21 0.022
541 34 20 23 0.022
822 48 16 21 0.021
941 45 20 25 0.021
950 50 25 33 0.020
845 29 24 33 0.020
456 38 18 25 0.019
943 64 23 29 0.017
1006 58 16 26 0.017
964 27 20 24 0.014
285 33 16 19 0.014
694 53 9 13 0.014
182 30 18 22 0.013
61 10 36 42 0.013
972 15 20 22 0.013
998 33 13 24 0.012
688 56 14 18 0.011
584 47 14 19 0.011
473 12 10 11 0.011
910 32 16 21 0.010
809 47 13 15 0.010
