3_Riot_Riot_3_354
52
498 177 22 30 0.733
405 160 22 29 0.719
916 109 18 22 0.664
619 98 15 18 0.663
388 244 27 53 0.651
237 152 21 25 0.411
700 103 16 20 0.363
1007 112 11 15 0.215
430 122 13 18 0.193
737 72 10 12 0.128
811 105 14 18 0.115
115 194 23 32 0.104
209 241 32 50 0.090
954 142 18 29 0.076
653 94 13 20 0.068
168 239 30 46 0.054
807 107 14 24 0.052
496 131 11 19 0.050
656 94 17 21 0.050
668 122 13 15 0.047
427 125 13 17 0.047
786 92 11 14 0.043
564 134 12 22 0.043
789 93 12 15 0.038
793 95 13 14 0.035
535 102 12 14 0.029
796 96 14 16 0.024
663 94 16 19 0.022
741 76 10 14 0.020
539 100 12 14 0.019
949 144 17 28 0.019
806 122 14 24 0.018
691 73 12 14 0.018
600 308 32 60 0.018
451 24 14 18 0.018
224 261 22 42 0.017
704 101 16 19 0.016
985 148 14 24 0.016
710 236 21 22 0.015
806 130 13 24 0.015
542 97 11 16 0.015
815 100 13 17 0.015
692 79 12 14 0.014
651 97 12 14 0.013
797 79 13 14 0.012
495 138 14 25 0.012
698 75 10 12 0.012
110 190 35 46 0.011
225 247 27 45 0.011
248 155 21 25 0.011
687 71 12 14 0.011
209 256 27 46 0.010
