3_Riot_Riot_3_1037
50
57 497 51 65 0.835
675 409 45 59 0.831
1 691 90 112 0.822
679 137 32 44 0.822
300 154 32 46 0.816
971 210 35 42 0.803
771 175 29 34 0.795
603 182 28 34 0.771
719 155 23 27 0.739
318 446 12 14 0.530
447 453 10 12 0.514
331 443 10 11 0.462
434 444 10 12 0.456
323 444 11 14 0.377
421 456 9 11 0.288
275 450 11 15 0.261
412 456 9 10 0.152
596 169 18 23 0.140
71 162 61 60 0.115
470 444 9 14 0.105
468 426 8 10 0.090
471 447 11 15 0.090
760 572 33 82 0.089
479 430 7 10 0.080
447 441 8 10 0.053
600 167 19 21 0.051
274 446 9 13 0.042
470 427 8 11 0.041
409 455 8 9 0.038
385 456 10 11 0.038
439 440 9 11 0.037
511 206 64 72 0.036
378 457 12 13 0.036
388 454 11 12 0.035
476 376 7 8 0.033
79 149 26 26 0.029
481 433 6 10 0.025
311 446 8 11 0.024
476 428 8 12 0.023
84 147 14 15 0.023
123 200 44 49 0.022
376 455 11 13 0.021
96 182 60 61 0.021
45 147 17 18 0.021
212 426 9 11 0.020
465 452 9 13 0.016
142 195 28 35 0.016
399 457 8 9 0.012
318 886 128 136 0.011
786 568 57 78 0.010
