3_Riot_Riot_3_199
378
85 157 18 22 0.736
980 330 27 41 0.733
331 179 19 21 0.718
66 290 36 55 0.702
1011 186 13 23 0.696
195 231 25 30 0.678
896 189 16 20 0.668
529 184 17 20 0.664
846 174 13 16 0.655
93 90 12 16 0.646
605 170 14 18 0.638
772 182 12 18 0.624
817 187 17 21 0.621
923 191 14 21 0.618
661 170 12 18 0.616
116 273 31 42 0.614
858 252 16 29 0.611
114 118 15 18 0.603
396 195 20 23 0.597
958 180 15 19 0.588
853 201 15 21 0.573
484 277 24 32 0.571
429 315 30 40 0.566
973 194 17 20 0.538
782 227 16 22 0.499
715 181 15 19 0.495
793 174 14 16 0.491
636 161 10 14 0.485
64 112 12 14 0.480
874 191 12 15 0.471
882 165 11 13 0.470
411 157 12 16 0.437
422 268 26 29 0.432
476 145 14 16 0.425
24 55 7 8 0.425
677 160 11 17 0.420
998 160 8 11 0.359
162 172 13 18 0.356
716 167 10 13 0.338
137 65 7 8 0.336
756 173 12 15 0.314
537 141 10 13 0.307
52 62 6 7 0.300
722 136 8 9 0.293
897 219 14 19 0.289
137 249 26 40 0.285
393 109 8 10 0.272
388 152 13 16 0.268
374 109 8 10 0.266
148 109 11 12 0.265
581 160 13 15 0.265
848 157 10 11 0.249
507 142 11 14 0.247
80 122 14 17 0.242
811 166 10 12 0.234
364 148 11 13 0.231
220 168 16 20 0.222
992 197 11 15 0.220
980 157 8 9 0.220
145 86 7 10 0.213
531 137 10 14 0.211
851 158 10 12 0.208
167 65 6 8 0.201
673 159 11 18 0.198
963 184 16 20 0.191
827 170 10 12 0.190
681 162 11 15 0.187
556 138 9 11 0.184
253 73 6 7 0.182
578 162 13 16 0.178
391 109 8 9 0.177
206 179 16 22 0.177
276 74 6 7 0.176
611 136 9 11 0.175
496 112 10 12 0.174
215 173 18 23 0.173
464 99 6 7 0.169
308 174 14 17 0.168
742 147 7 9 0.164
635 136 8 10 0.162
910 158 9 12 0.158
983 189 14 18 0.155
498 114 9 12 0.154
670 153 10 14 0.154
830 168 9 12 0.150
736 130 7 9 0.149
346 123 8 10 0.148
449 143 10 13 0.147
934 177 12 16 0.146
277 146 10 14 0.145
179 266 25 35 0.144
372 174 15 21 0.142
913 172 11 13 0.142
982 156 8 9 0.140
199 139 12 15 0.139
188 363 28 61 0.139
712 169 10 13 0.137
373 157 12 14 0.136
585 139 10 12 0.136
840 174 12 14 0.135
527 136 11 14 0.134
67 112 13 17 0.129
406 156 13 16 0.128
153 109 10 13 0.127
251 324 43 65 0.125
350 220 15 20 0.124
598 401 28 40 0.121
296 213 19 23 0.117
223 161 14 19 0.117
880 189 13 17 0.115
182 111 8 9 0.114
371 110 9 10 0.112
581 139 10 12 0.112
261 91 7 9 0.112
276 117 9 10 0.111
34 343 40 34 0.111
609 140 9 12 0.111
613 134 7 9 0.111
824 165 10 11 0.108
701 170 9 13 0.107
124 251 34 45 0.107
807 165 11 12 0.103
430 100 7 9 0.102
438 177 15 19 0.099
658 170 11 16 0.096
465 150 10 13 0.095
547 287 29 36 0.095
396 110 9 10 0.094
108 49 7 8 0.094
434 134 10 12 0.094
106 189 18 26 0.093
257 132 10 14 0.092
347 160 13 15 0.091
785 165 10 12 0.090
633 163 10 14 0.089
758 159 9 12 0.089
146 106 9 13 0.089
792 161 10 12 0.087
344 121 8 10 0.086
570 126 8 9 0.085
252 71 6 8 0.085
615 150 9 13 0.084
213 142 11 13 0.083
1003 164 8 11 0.083
503 143 12 14 0.080
758 156 8 10 0.079
334 113 9 11 0.079
831 158 8 10 0.078
614 156 11 15 0.077
329 322 30 46 0.076
445 138 9 12 0.075
858 204 16 20 0.074
56 63 6 6 0.074
439 135 9 11 0.072
952 169 9 11 0.072
464 182 18 24 0.071
410 113 8 9 0.071
239 120 9 12 0.071
586 146 11 13 0.071
498 108 7 9 0.071
826 162 10 11 0.070
929 182 12 16 0.070
200 61 7 9 0.070
207 111 7 9 0.070
652 140 8 9 0.067
470 147 11 14 0.067
49 85 7 8 0.066
440 180 18 22 0.065
493 114 9 11 0.065
795 159 9 10 0.064
374 131 10 12 0.062
145 111 11 13 0.061
359 145 11 14 0.060
639 135 7 9 0.060
507 339 29 49 0.059
578 156 12 14 0.059
673 151 10 14 0.059
730 163 10 11 0.059
638 158 9 13 0.056
255 72 6 8 0.056
58 98 8 9 0.055
823 191 13 18 0.055
178 125 9 12 0.055
653 138 8 9 0.055
463 132 8 10 0.053
618 136 9 11 0.053
902 161 10 12 0.052
118 80 8 9 0.051
413 113 7 8 0.051
560 139 9 11 0.051
544 161 12 14 0.050
141 86 8 10 0.050
175 124 9 11 0.050
586 164 11 15 0.050
464 101 7 8 0.049
453 100 6 7 0.048
526 133 9 12 0.048
762 159 8 11 0.048
950 168 7 10 0.047
687 202 13 21 0.046
852 155 9 11 0.046
660 136 8 9 0.046
689 136 8 9 0.045
932 168 8 9 0.045
162 114 9 11 0.044
331 113 8 10 0.044
359 150 13 16 0.044
178 119 9 12 0.044
817 229 16 21 0.044
441 163 14 18 0.043
591 136 10 12 0.042
574 130 9 12 0.042
692 135 7 9 0.042
272 142 11 15 0.041
228 66 6 7 0.041
647 137 9 12 0.041
610 134 8 10 0.040
572 163 11 14 0.040
813 224 14 19 0.040
448 98 6 7 0.039
375 119 8 12 0.039
132 67 8 10 0.039
229 67 7 8 0.039
694 133 7 8 0.039
753 134 7 8 0.038
1009 170 8 12 0.038
442 190 19 23 0.037
349 156 12 14 0.037
995 199 12 17 0.037
251 75 6 8 0.037
210 113 8 11 0.037
278 149 12 18 0.037
985 179 11 14 0.037
237 117 8 12 0.036
243 120 8 10 0.036
417 154 12 15 0.036
361 109 7 9 0.036
724 166 11 15 0.035
702 148 9 10 0.035
168 171 13 19 0.035
530 112 7 8 0.035
198 172 16 21 0.035
589 125 8 9 0.034
200 177 16 22 0.034
175 64 5 6 0.034
228 69 6 8 0.034
429 220 17 24 0.034
748 150 9 11 0.034
591 148 12 14 0.033
402 192 17 22 0.033
929 166 8 11 0.033
969 197 16 18 0.032
957 154 7 8 0.032
809 223 13 17 0.031
451 125 7 9 0.030
739 162 9 11 0.030
203 135 10 14 0.030
389 112 9 11 0.030
858 228 12 20 0.029
253 74 8 10 0.029
828 158 8 10 0.029
160 65 6 7 0.029
422 110 7 8 0.029
412 109 6 8 0.028
552 127 9 10 0.028
450 149 11 14 0.028
301 82 7 9 0.028
199 59 7 8 0.027
428 102 8 9 0.027
204 63 6 8 0.027
630 140 8 11 0.026
528 109 7 8 0.026
428 156 13 16 0.026
988 199 13 16 0.026
497 105 7 8 0.026
218 121 9 12 0.025
487 144 10 13 0.025
559 114 7 8 0.024
257 113 7 10 0.024
788 160 7 9 0.023
484 210 19 28 0.023
526 111 8 11 0.022
564 117 7 8 0.022
207 106 7 10 0.022
354 119 9 11 0.022
301 107 8 9 0.022
543 281 26 33 0.022
839 219 16 19 0.022
266 136 10 13 0.022
812 189 14 17 0.021
211 185 15 20 0.021
54 90 7 9 0.021
313 101 7 8 0.021
299 103 8 10 0.020
565 166 10 13 0.020
902 158 8 10 0.020
768 158 8 9 0.020
551 292 34 41 0.019
894 171 12 13 0.019
959 159 7 10 0.018
325 114 8 10 0.018
462 114 10 12 0.018
590 109 5 7 0.018
113 198 17 24 0.018
214 116 8 11 0.018
267 101 8 10 0.017
550 165 12 13 0.017
789 122 7 8 0.017
821 231 17 23 0.017
104 199 18 23 0.017
438 323 26 38 0.017
432 225 19 26 0.017
547 124 7 10 0.017
423 115 8 9 0.016
705 143 7 10 0.016
470 114 7 8 0.016
300 84 7 9 0.016
585 110 6 7 0.016
656 131 7 9 0.015
598 330 38 39 0.015
157 171 15 20 0.015
117 194 18 23 0.015
90 91 11 14 0.015
870 148 8 10 0.015
588 110 6 8 0.015
308 102 7 9 0.015
740 178 11 15 0.014
430 98 6 8 0.014
747 197 12 15 0.014
663 133 7 9 0.014
131 108 12 14 0.014
449 102 6 8 0.014
0 52 5 8 0.014
569 311 39 41 0.014
353 283 28 39 0.014
266 169 13 19 0.014
341 220 16 22 0.013
705 217 15 20 0.013
407 155 19 23 0.013
474 182 18 22 0.013
263 82 9 11 0.013
256 99 6 9 0.013
341 301 34 54 0.013
170 121 11 15 0.013
583 109 5 7 0.013
114 79 8 8 0.013
283 77 7 8 0.013
464 175 14 20 0.013
593 416 29 33 0.012
183 238 32 43 0.012
657 122 5 7 0.012
310 165 14 18 0.012
297 113 9 10 0.012
519 126 9 10 0.012
66 118 12 15 0.012
293 98 7 9 0.012
181 59 5 7 0.012
868 184 10 15 0.012
256 151 11 16 0.012
144 253 26 40 0.012
665 136 9 11 0.012
631 554 23 24 0.011
207 96 6 8 0.011
337 127 9 13 0.011
203 59 7 7 0.011
181 251 24 36 0.011
520 111 8 9 0.011
223 209 16 23 0.011
432 103 7 10 0.011
202 168 13 18 0.011
256 144 11 15 0.011
282 72 5 7 0.010
716 127 6 8 0.010
104 49 6 7 0.010
217 101 8 9 0.010
317 149 12 15 0.010
746 201 11 14 0.010
202 60 9 10 0.010
