9_Press_Conference_Press_Conference_9_655
53
792 239 52 63 0.821
498 221 39 44 0.814
366 226 30 41 0.811
307 200 26 33 0.792
662 217 42 59 0.787
63 205 24 30 0.785
162 203 27 31 0.778
886 209 31 40 0.774
941 182 30 41 0.759
199 190 25 30 0.759
955 212 31 44 0.751
134 222 24 32 0.748
579 212 31 35 0.743
847 187 25 32 0.728
137 199 21 25 0.722
758 205 28 40 0.720
546 184 23 27 0.706
466 191 19 23 0.696
1009 205 15 39 0.689
394 196 21 25 0.652
233 215 24 28 0.644
421 192 22 28 0.627
652 203 21 26 0.596
727 188 23 28 0.552
642 224 17 22 0.527
344 212 22 28 0.384
708 189 18 24 0.355
118 214 19 24 0.353
486 201 20 26 0.284
655 193 18 24 0.075
652 188 18 20 0.070
349 205 22 29 0.065
699 192 21 26 0.063
517 195 21 23 0.056
111 197 19 22 0.055
561 239 23 32 0.045
625 198 16 21 0.043
509 196 22 23 0.037
648 226 16 23 0.032
676 197 19 23 0.029
683 195 18 22 0.023
726 199 20 24 0.020
1018 239 6 38 0.020
112 211 17 23 0.019
495 191 16 19 0.019
468 220 17 22 0.018
486 192 16 20 0.017
850 219 18 25 0.013
343 200 21 27 0.013
504 190 17 18 0.013
569 235 22 34 0.012
719 203 19 24 0.012
421 186 18 24 0.012
