9_Press_Conference_Press_Conference_9_40
48
219 230 38 52 0.839
13 169 18 22 0.774
751 117 28 35 0.770
108 186 17 19 0.758
528 168 20 26 0.754
369 234 20 25 0.751
463 177 19 24 0.746
717 160 29 37 0.741
51 225 19 23 0.732
187 178 17 20 0.727
246 169 15 17 0.727
424 165 16 22 0.725
460 156 16 20 0.716
373 177 14 16 0.715
897 171 36 45 0.713
513 167 15 20 0.692
206 171 15 18 0.685
590 127 26 32 0.684
405 162 16 21 0.682
300 176 15 19 0.681
353 168 14 17 0.668
974 169 48 49 0.661
334 179 12 15 0.657
262 216 18 24 0.648
323 227 23 49 0.620
694 160 21 27 0.618
665 172 18 26 0.581
910 128 42 43 0.474
597 168 15 22 0.261
565 168 15 21 0.206
860 173 15 19 0.172
520 166 18 24 0.053
465 234 22 24 0.048
569 165 16 21 0.042
855 172 13 19 0.038
899 131 40 43 0.030
447 176 11 14 0.028
452 235 26 25 0.026
711 144 22 33 0.025
470 229 20 24 0.023
590 165 18 23 0.020
893 143 24 27 0.019
250 171 14 17 0.017
561 161 13 18 0.016
417 275 15 38 0.015
828 186 14 22 0.013
327 216 18 40 0.011
863 176 20 24 0.011
