17_Ceremony_Ceremony_17_220
29
485 299 12 16 0.661
582 288 12 15 0.659
378 302 11 14 0.649
650 284 12 17 0.604
428 311 9 13 0.494
955 395 12 14 0.418
900 394 12 17 0.345
57 369 11 15 0.115
164 383 10 15 0.061
344 372 9 14 0.058
933 393 13 16 0.056
90 376 11 19 0.054
307 387 13 19 0.051
905 396 12 16 0.031
6 390 9 12 0.028
654 286 12 16 0.027
756 435 6 7 0.027
54 373 11 17 0.027
709 283 10 16 0.026
212 378 10 16 0.024
342 370 9 14 0.021
646 285 11 15 0.019
62 364 8 11 0.018
458 394 11 17 0.016
736 425 6 7 0.014
48 391 11 15 0.013
431 311 9 14 0.013
214 381 9 15 0.012
96 372 11 16 0.012
