17_Ceremony_Ceremony_17_765
31
89 472 38 55 0.787
377 399 19 31 0.687
715 286 13 17 0.669
669 288 12 17 0.669
876 298 13 19 0.667
794 286 13 19 0.663
326 295 11 14 0.658
398 291 11 14 0.651
925 296 13 19 0.648
81 304 11 15 0.645
240 305 12 14 0.639
137 308 12 13 0.638
557 276 10 16 0.634
375 288 11 14 0.622
186 314 10 14 0.598
831 311 12 17 0.555
454 285 9 14 0.407
422 289 9 12 0.266
179 437 14 35 0.183
15 399 10 21 0.084
457 284 9 15 0.072
426 289 8 11 0.060
83 410 13 23 0.047
111 405 14 19 0.032
230 391 10 22 0.030
159 401 14 20 0.027
863 305 8 13 0.013
419 294 8 12 0.012
372 289 10 13 0.011
65 428 12 25 0.011
0 433 7 24 0.010
