17_Ceremony_Ceremony_17_113
25
355 214 112 126 0.888
611 171 118 154 0.887
954 292 17 23 0.707
763 249 22 36 0.680
530 285 21 34 0.665
245 307 18 29 0.662
831 303 28 40 0.650
741 274 20 31 0.625
854 270 20 31 0.606
817 294 15 21 0.411
285 289 21 44 0.182
564 275 10 12 0.103
1009 287 14 32 0.085
564 294 15 19 0.080
756 299 15 21 0.058
567 274 9 11 0.051
564 286 11 17 0.045
986 311 17 27 0.041
1014 286 10 23 0.040
567 278 9 14 0.016
1001 296 19 27 0.015
562 277 12 16 0.015
819 297 18 24 0.013
292 291 21 44 0.011
905 282 12 18 0.010
