45_Balloonist_Balloonist_45_531
53
341 138 61 62 0.407
816 450 7 8 0.385
630 403 7 8 0.361
759 416 6 8 0.333
871 439 7 9 0.291
658 391 7 8 0.285
912 484 7 8 0.269
632 404 6 8 0.202
733 415 7 8 0.190
703 430 7 7 0.173
623 298 8 9 0.155
874 440 7 8 0.132
942 494 7 8 0.112
736 551 6 7 0.109
692 430 6 8 0.109
655 391 7 8 0.089
940 495 7 8 0.084
694 429 6 8 0.078
759 562 7 8 0.063
583 367 7 8 0.054
625 514 8 9 0.052
736 432 7 8 0.050
657 335 7 8 0.043
658 289 7 8 0.040
680 290 7 8 0.035
658 404 7 9 0.035
626 298 9 10 0.033
813 450 7 10 0.032
806 470 8 9 0.031
910 486 7 9 0.029
804 468 7 9 0.025
761 564 7 8 0.023
777 450 6 8 0.022
658 389 7 7 0.020
662 290 7 8 0.019
849 593 9 11 0.017
760 561 7 8 0.016
658 400 8 10 0.015
660 397 7 9 0.015
738 551 6 8 0.015
585 406 6 8 0.014
719 444 7 8 0.013
337 156 47 48 0.013
705 427 6 8 0.013
665 428 7 9 0.013
619 510 9 10 0.013
655 335 6 8 0.012
774 451 6 7 0.012
710 429 7 8 0.011
621 419 7 9 0.011
829 477 7 8 0.010
694 427 6 7 0.010
586 366 6 9 0.010
