45_Balloonist_Balloonist_45_118
26
527 200 55 70 0.848
449 260 58 81 0.821
715 81 75 96 0.812
331 212 76 109 0.761
202 287 61 88 0.751
370 336 53 86 0.659
154 24 12 17 0.636
503 99 14 17 0.379
852 138 42 51 0.375
652 201 18 34 0.327
915 205 9 12 0.319
716 437 34 77 0.317
432 216 50 66 0.256
554 104 10 14 0.161
723 173 15 27 0.121
888 207 10 12 0.082
861 510 40 52 0.036
247 64 6 7 0.034
247 63 9 10 0.028
62 11 11 14 0.016
844 150 42 50 0.016
872 501 33 50 0.016
872 180 21 27 0.014
842 519 51 49 0.014
957 382 19 23 0.012
712 459 40 82 0.010
