45_Balloonist_Balloonist_45_1028
84
323 636 16 25 0.614
193 552 18 20 0.469
478 180 75 88 0.437
994 541 12 15 0.309
582 607 11 13 0.300
389 620 16 19 0.245
677 535 14 19 0.236
0 566 16 21 0.221
836 519 21 26 0.218
97 661 10 11 0.218
589 608 12 14 0.212
656 604 9 11 0.163
769 531 13 15 0.149
166 661 14 16 0.143
423 558 10 13 0.132
66 642 10 12 0.096
765 530 12 14 0.089
9 631 12 14 0.087
25 635 14 18 0.082
11 626 14 18 0.079
126 664 8 9 0.076
265 678 8 10 0.072
163 648 15 21 0.069
729 518 19 24 0.068
798 536 17 24 0.062
865 516 21 23 0.060
653 604 9 11 0.057
394 617 14 17 0.052
560 627 10 12 0.049
421 595 8 11 0.048
735 512 16 24 0.046
367 634 12 14 0.044
163 655 15 20 0.043
161 638 15 19 0.043
159 604 6 9 0.043
846 519 22 25 0.041
405 609 10 14 0.038
382 627 16 17 0.038
374 552 14 18 0.037
773 535 12 16 0.036
81 652 12 14 0.035
161 631 11 16 0.032
1001 538 14 19 0.031
852 514 20 25 0.030
789 46 25 28 0.028
6 635 10 13 0.026
16 620 14 18 0.026
21 627 16 21 0.025
897 530 13 18 0.025
915 599 24 25 0.023
804 522 12 16 0.022
329 643 14 20 0.022
991 538 12 16 0.021
833 524 18 23 0.020
794 543 15 21 0.020
691 539 14 18 0.020
220 597 13 24 0.019
6 605 11 13 0.018
421 561 11 14 0.017
683 610 11 14 0.017
502 627 10 13 0.017
531 618 9 11 0.016
387 631 15 20 0.016
689 601 11 15 0.016
685 531 13 18 0.015
373 546 12 18 0.014
627 642 11 15 0.014
317 637 17 23 0.014
873 518 17 22 0.013
725 522 17 22 0.013
4 599 11 15 0.012
634 553 12 16 0.012
8 638 11 15 0.012
581 604 10 13 0.012
800 530 12 17 0.011
223 611 10 19 0.011
693 597 10 14 0.011
529 615 9 11 0.011
696 539 12 17 0.011
505 629 9 12 0.011
269 677 11 11 0.011
342 659 10 13 0.011
594 613 9 12 0.010
158 637 13 16 0.010
