45_Balloonist_Balloonist_45_273
31
108 315 72 82 0.860
709 203 59 79 0.860
624 195 50 62 0.827
429 38 32 40 0.826
378 157 30 37 0.817
466 160 38 43 0.796
725 313 104 136 0.786
121 168 58 74 0.785
167 206 35 48 0.725
868 103 14 21 0.661
820 120 13 16 0.655
201 117 18 18 0.519
744 100 12 18 0.455
153 191 46 63 0.355
610 228 11 18 0.084
1016 122 8 17 0.063
564 136 13 18 0.057
955 199 20 24 0.057
545 214 12 15 0.051
670 153 9 12 0.045
582 139 9 11 0.024
996 129 11 14 0.021
596 209 5 7 0.018
776 161 14 21 0.018
613 226 9 16 0.016
593 207 7 8 0.016
1005 124 12 16 0.016
599 211 6 7 0.013
970 128 8 10 0.012
612 218 25 34 0.011
392 485 50 47 0.010
