21_Festival_Festival_21_42
866
800 1286 14 19 0.688
3 1185 15 19 0.645
698 1319 14 17 0.641
901 1324 16 21 0.636
19 1164 13 17 0.622
639 1259 13 17 0.619
899 1205 14 19 0.616
775 1316 15 19 0.615
105 1330 15 21 0.609
774 1223 13 17 0.607
141 1278 15 18 0.603
537 1284 13 17 0.594
703 1290 14 18 0.590
626 1334 13 17 0.586
875 1330 14 17 0.586
765 1195 12 16 0.572
769 1276 14 17 0.570
602 1266 11 15 0.563
159 1266 14 17 0.552
753 1315 15 17 0.550
595 1163 12 16 0.548
574 1200 11 15 0.543
858 1223 12 16 0.538
49 1209 13 17 0.536
21 1104 11 14 0.534
729 1176 12 15 0.530
98 1166 13 18 0.529
593 1207 12 15 0.529
727 1273 13 18 0.529
917 1134 12 14 0.525
254 1324 15 17 0.521
742 1193 12 14 0.516
76 1271 14 19 0.514
670 1289 15 17 0.514
386 1294 11 17 0.503
451 1006 10 13 0.497
869 1173 12 15 0.497
147 1150 13 15 0.496
110 1113 11 15 0.490
709 1215 12 15 0.490
219 1122 10 13 0.481
839 1054 10 13 0.481
701 1191 12 15 0.481
974 1048 10 13 0.476
688 1050 10 13 0.474
124 1095 11 14 0.474
987 1163 10 17 0.472
142 1173 12 16 0.470
660 1327 13 16 0.470
82 1224 12 15 0.468
96 1095 12 15 0.465
724 1340 14 21 0.463
654 1190 11 15 0.461
697 1074 11 14 0.452
150 1115 11 15 0.452
793 1013 10 12 0.452
770 939 9 10 0.450
229 1054 11 13 0.450
364 993 11 13 0.447
122 1160 13 17 0.443
630 1234 12 16 0.441
112 1231 13 17 0.439
646 1151 11 14 0.438
167 1201 14 17 0.437
835 1091 10 14 0.437
802 872 7 9 0.434
78 1325 15 18 0.434
94 1068 11 15 0.432
38 1071 11 14 0.430
542 862 8 11 0.421
701 1010 9 10 0.421
203 1279 12 17 0.421
1 1320 13 20 0.421
160 1086 11 14 0.420
720 1123 10 13 0.420
120 1189 12 15 0.416
683 1268 13 16 0.416
647 1044 10 13 0.409
190 1150 12 15 0.409
40 1279 15 20 0.408
769 955 8 10 0.407
43 970 9 12 0.405
103 1290 13 17 0.405
0 1265 9 17 0.402
629 1024 9 12 0.397
666 1347 13 15 0.391
91 1046 11 14 0.390
100 991 10 13 0.389
39 1269 14 20 0.384
64 1225 14 19 0.384
888 1025 8 12 0.381
708 896 8 10 0.379
262 1027 11 14 0.379
61 963 10 13 0.372
847 974 8 11 0.372
35 793 7 10 0.369
185 854 8 10 0.365
250 1347 14 16 0.364
159 1242 13 16 0.363
92 1352 17 16 0.362
777 901 7 10 0.357
826 868 7 9 0.355
873 902 9 11 0.355
248 1142 11 14 0.355
36 1351 15 15 0.355
441 963 10 12 0.352
71 1025 11 13 0.352
165 1048 11 13 0.350
39 1096 11 15 0.347
111 1254 12 17 0.345
310 929 9 12 0.343
624 1194 11 14 0.340
536 909 7 9 0.338
104 951 10 12 0.338
752 914 7 9 0.337
690 1000 8 10 0.337
702 1347 14 17 0.337
602 947 9 11 0.335
475 1013 9 12 0.335
649 996 9 11 0.333
144 867 9 11 0.333
664 1258 11 15 0.332
747 949 9 11 0.330
172 1110 10 14 0.330
174 1218 13 17 0.330
643 1174 11 14 0.328
151 1017 10 13 0.321
608 1077 10 11 0.320
395 1145 10 14 0.319
691 1022 10 11 0.316
53 1057 10 13 0.316
124 879 8 11 0.311
530 804 7 7 0.309
178 1010 11 13 0.309
286 893 9 11 0.309
178 1136 11 14 0.308
611 1228 11 14 0.308
58 1265 14 18 0.302
127 990 10 12 0.301
589 1056 10 13 0.295
880 999 8 11 0.294
129 1133 12 13 0.294
255 916 10 12 0.291
341 1136 9 14 0.288
643 939 8 11 0.285
507 803 8 9 0.282
832 947 8 10 0.281
571 1003 10 12 0.280
441 1142 9 14 0.280
829 1001 9 11 0.279
198 1085 10 13 0.277
47 1232 13 17 0.277
672 1223 11 16 0.276
73 956 9 12 0.268
924 988 9 11 0.268
178 821 7 9 0.267
120 924 9 12 0.267
328 828 8 11 0.264
800 968 8 10 0.257
308 1318 11 17 0.251
205 934 9 12 0.249
121 1045 10 13 0.249
194 1065 11 13 0.249
601 988 9 11 0.247
668 1138 10 13 0.247
576 983 9 11 0.247
704 1263 12 16 0.246
734 875 7 9 0.244
649 888 7 9 0.243
16 754 7 8 0.243
98 874 8 10 0.242
104 1015 9 13 0.242
530 999 9 11 0.240
255 1006 10 13 0.239
945 1158 9 13 0.239
23 1046 11 14 0.239
64 845 8 10 0.238
260 960 9 11 0.238
608 990 8 11 0.238
621 977 9 11 0.234
31 824 7 10 0.234
655 1306 12 17 0.233
736 1104 10 13 0.231
696 1245 12 14 0.230
829 946 9 10 0.228
31 1349 16 15 0.226
462 775 6 8 0.226
750 1263 10 13 0.225
893 881 7 8 0.221
789 945 8 10 0.221
177 979 9 11 0.221
846 958 8 10 0.221
812 1012 9 11 0.221
717 1216 12 15 0.220
43 1333 13 18 0.219
253 942 10 12 0.217
0 1077 7 14 0.216
0 1259 11 19 0.214
127 1069 11 13 0.212
659 1059 9 12 0.211
698 1007 9 11 0.209
403 1012 10 11 0.209
624 980 9 11 0.208
318 1165 11 14 0.207
694 878 8 10 0.205
605 1131 10 12 0.204
102 895 9 11 0.204
101 1099 12 15 0.202
197 964 10 12 0.201
665 940 7 10 0.199
111 1055 10 14 0.195
252 1005 10 13 0.192
320 1314 12 16 0.190
634 867 7 9 0.189
132 1066 10 13 0.189
617 935 8 11 0.188
107 1293 13 16 0.188
595 1245 11 14 0.187
593 1079 10 12 0.185
837 1057 10 12 0.184
510 803 7 9 0.183
276 920 8 11 0.183
610 1042 9 12 0.183
162 1183 12 14 0.183
143 914 9 10 0.182
796 1349 14 16 0.181
8 1050 10 14 0.179
723 1218 12 13 0.179
124 1224 12 16 0.177
227 933 9 11 0.176
323 1005 10 12 0.176
349 743 7 8 0.176
662 1133 10 13 0.176
206 980 10 13 0.174
200 793 8 9 0.173
193 911 8 11 0.172
256 999 11 14 0.172
162 1066 10 14 0.171
53 966 10 13 0.171
617 1022 9 12 0.170
175 1035 10 14 0.170
230 803 8 10 0.169
614 1024 9 12 0.169
111 1208 12 16 0.168
257 985 9 12 0.168
185 993 9 12 0.168
311 835 8 10 0.166
232 858 8 10 0.166
199 910 9 11 0.165
202 910 9 11 0.165
76 1052 10 14 0.163
633 899 8 9 0.162
242 999 9 13 0.162
94 1163 12 17 0.161
553 1329 12 17 0.161
218 973 10 13 0.156
237 1031 9 13 0.156
182 853 8 11 0.155
754 1096 11 12 0.155
316 1316 12 16 0.155
212 1010 10 13 0.154
625 1213 11 14 0.153
74 1026 11 13 0.151
125 1047 10 12 0.150
273 941 9 12 0.148
148 823 7 9 0.147
653 918 7 10 0.147
169 1046 10 13 0.147
649 841 8 9 0.145
228 824 8 10 0.143
435 1299 11 17 0.143
715 859 7 9 0.142
276 850 8 10 0.142
105 1054 11 14 0.142
113 916 9 12 0.142
334 810 7 9 0.141
318 786 7 9 0.140
199 795 7 9 0.138
266 888 8 11 0.138
538 1025 9 11 0.138
628 895 8 10 0.137
821 1060 9 12 0.135
830 1088 10 14 0.135
293 1223 10 15 0.134
202 1126 12 15 0.134
67 1224 15 18 0.134
287 871 9 10 0.133
210 1123 11 14 0.133
100 873 8 10 0.132
204 795 7 9 0.131
576 955 9 11 0.131
615 1225 11 14 0.131
45 1322 14 17 0.131
224 824 8 10 0.130
120 436 7 9 0.130
8 875 8 10 0.129
257 849 7 10 0.129
110 1012 10 13 0.129
200 1044 10 13 0.129
349 780 6 8 0.128
429 698 7 8 0.128
699 842 7 9 0.128
209 1013 10 13 0.128
654 1052 10 13 0.125
245 784 6 9 0.125
567 911 8 10 0.125
110 914 9 11 0.123
181 440 8 10 0.121
693 1002 9 11 0.119
709 1157 10 13 0.119
277 1185 10 13 0.119
238 932 9 11 0.119
210 1033 9 13 0.119
177 1163 11 15 0.118
562 964 8 10 0.117
1 1099 8 15 0.117
111 1201 13 17 0.117
666 672 6 7 0.117
307 863 8 10 0.116
551 1325 11 19 0.116
591 825 7 8 0.116
102 947 11 13 0.115
671 1140 10 14 0.115
693 795 6 8 0.114
190 911 8 11 0.113
568 966 8 11 0.113
490 769 7 8 0.112
22 1042 10 13 0.111
599 904 8 10 0.111
237 961 9 12 0.111
633 1238 13 17 0.110
667 1157 10 14 0.109
160 1324 12 15 0.109
51 444 8 10 0.109
25 1103 12 15 0.108
255 979 10 12 0.108
578 743 6 7 0.108
75 1251 13 16 0.106
533 908 7 11 0.106
342 1043 9 12 0.106
264 798 8 10 0.106
298 800 8 10 0.106
558 678 6 8 0.104
294 913 8 11 0.104
106 902 10 13 0.104
562 950 8 9 0.104
305 861 8 10 0.103
696 1352 15 15 0.103
170 936 9 12 0.102
115 918 11 13 0.102
598 1308 14 18 0.101
123 1012 9 13 0.101
305 1218 10 15 0.101
747 1192 11 15 0.100
282 755 7 8 0.099
605 1002 9 12 0.099
29 1335 13 18 0.098
65 963 10 13 0.097
146 822 7 8 0.096
818 1006 11 13 0.096
277 831 8 10 0.096
247 817 7 10 0.095
616 962 8 11 0.094
845 968 8 11 0.094
582 880 7 9 0.094
636 1234 12 15 0.094
159 984 8 12 0.093
200 446 8 10 0.093
277 878 9 11 0.093
555 713 6 8 0.092
582 857 7 9 0.092
589 919 7 10 0.091
100 1342 15 18 0.091
587 882 7 9 0.090
28 825 8 9 0.090
162 434 7 9 0.089
86 1195 12 15 0.089
928 987 8 12 0.089
482 1246 11 16 0.089
323 1169 11 15 0.088
825 1062 10 12 0.087
118 1010 10 13 0.087
38 1345 15 17 0.086
578 984 9 12 0.086
81 1251 13 18 0.086
623 1161 11 14 0.086
536 1029 9 11 0.085
478 700 6 8 0.085
206 1039 10 13 0.084
863 876 7 9 0.083
978 1048 10 13 0.083
672 849 7 9 0.083
793 953 8 11 0.083
594 755 7 8 0.083
701 732 7 8 0.082
146 862 9 10 0.082
56 1126 10 14 0.082
87 1158 12 15 0.082
675 883 7 8 0.082
673 740 6 8 0.081
145 776 7 9 0.080
123 1192 12 16 0.080
125 1219 12 15 0.080
107 992 11 13 0.079
331 775 7 8 0.078
238 997 9 12 0.078
169 1062 11 14 0.078
7 873 7 10 0.078
179 785 7 8 0.076
746 1098 10 13 0.076
442 1198 10 14 0.076
361 993 10 13 0.076
532 1034 9 12 0.075
595 908 7 10 0.075
606 865 7 9 0.074
269 1002 9 12 0.074
305 818 7 9 0.074
244 1040 10 12 0.074
635 676 6 7 0.074
633 927 8 11 0.074
84 1191 12 16 0.074
598 945 9 11 0.073
264 991 10 12 0.073
877 902 7 10 0.073
18 1106 10 13 0.072
650 785 6 8 0.072
606 886 7 11 0.071
119 926 9 13 0.071
185 438 7 9 0.071
292 779 6 9 0.070
231 831 7 10 0.070
215 846 8 10 0.069
236 838 8 10 0.069
420 1131 9 12 0.069
705 1010 8 11 0.069
297 751 6 9 0.068
716 855 7 9 0.068
684 1073 10 13 0.068
663 793 7 8 0.068
608 840 7 8 0.068
609 864 6 9 0.068
726 822 7 8 0.068
257 953 10 14 0.067
276 789 7 9 0.067
726 935 7 9 0.067
258 761 7 8 0.067
439 964 9 11 0.067
192 1145 13 15 0.066
531 702 6 8 0.065
586 860 7 9 0.064
214 784 7 10 0.064
77 999 10 13 0.064
893 1025 9 12 0.064
397 698 7 8 0.063
513 809 7 8 0.063
546 1325 13 20 0.063
96 994 12 14 0.063
560 973 9 11 0.063
102 439 7 9 0.062
220 766 7 9 0.062
18 882 8 10 0.062
573 1021 9 11 0.062
407 1012 10 12 0.061
98 437 7 9 0.060
941 1157 10 14 0.060
315 1236 12 16 0.060
313 1162 12 15 0.059
168 1113 12 16 0.059
257 819 8 11 0.058
154 1243 13 16 0.058
179 1027 10 14 0.058
199 1241 12 15 0.058
393 664 6 8 0.057
725 1146 10 13 0.057
722 1168 11 14 0.057
649 788 6 7 0.057
601 1079 10 12 0.057
203 939 10 14 0.057
646 808 6 8 0.056
594 1355 14 11 0.056
332 811 7 9 0.056
705 787 6 8 0.056
331 1177 11 16 0.056
516 1130 10 13 0.055
820 942 9 10 0.054
215 746 7 7 0.054
252 1142 11 14 0.054
327 751 6 8 0.054
468 714 6 9 0.054
235 892 8 11 0.054
644 1259 13 16 0.054
583 843 7 9 0.053
103 905 10 12 0.053
570 1006 10 13 0.053
316 900 7 10 0.053
686 999 8 11 0.053
397 678 6 8 0.053
720 896 7 9 0.053
302 1221 12 16 0.052
459 1337 13 16 0.052
627 785 6 8 0.052
141 442 8 9 0.052
650 838 7 10 0.052
177 1113 11 14 0.052
583 770 6 7 0.051
730 1106 9 12 0.051
274 1142 10 13 0.051
277 780 7 9 0.051
232 891 8 11 0.051
212 851 8 10 0.050
296 753 6 8 0.050
257 1010 10 15 0.049
34 1226 12 16 0.049
679 1207 10 14 0.049
696 675 6 8 0.049
35 754 7 8 0.049
626 780 6 8 0.048
671 816 7 9 0.048
499 726 6 7 0.048
641 828 7 8 0.048
614 909 7 10 0.048
726 820 6 8 0.047
603 1126 11 14 0.047
560 677 6 8 0.047
665 1287 13 17 0.047
538 1317 11 19 0.046
629 808 6 8 0.046
34 1267 14 18 0.046
265 873 8 10 0.045
520 1127 9 13 0.045
454 665 6 8 0.045
631 870 7 9 0.045
32 774 7 9 0.044
686 786 6 8 0.044
325 1009 10 14 0.044
573 979 10 13 0.044
229 906 9 11 0.044
636 1070 9 12 0.044
590 1080 10 13 0.044
354 778 7 8 0.043
671 814 6 8 0.043
285 809 8 10 0.042
381 713 7 8 0.042
204 905 9 11 0.042
749 882 7 9 0.042
235 757 7 9 0.042
430 730 6 7 0.042
169 1208 14 19 0.042
308 814 7 10 0.041
237 739 6 8 0.041
298 846 8 11 0.041
866 1173 11 14 0.040
585 770 6 8 0.040
0 840 5 9 0.040
645 788 6 7 0.039
283 885 11 14 0.039
494 768 6 8 0.039
78 442 8 9 0.039
566 962 10 12 0.039
316 870 9 10 0.039
340 1221 11 14 0.039
273 1352 14 13 0.039
139 443 8 10 0.038
402 1009 9 12 0.038
65 808 7 9 0.038
530 942 8 11 0.038
482 664 6 7 0.038
768 949 10 12 0.037
537 681 6 8 0.037
268 735 6 7 0.037
473 721 6 8 0.037
734 850 7 9 0.037
462 772 6 8 0.036
526 1063 9 11 0.036
651 1125 9 13 0.036
291 1155 11 16 0.036
290 968 7 11 0.036
126 875 10 12 0.036
324 847 8 11 0.036
599 1129 10 13 0.036
570 718 5 7 0.036
857 872 7 8 0.035
436 1141 10 15 0.035
479 726 5 7 0.035
643 807 7 8 0.035
595 930 8 11 0.035
798 873 7 8 0.035
220 1118 11 14 0.034
232 758 6 8 0.034
585 1025 9 11 0.034
30 774 7 9 0.034
421 734 6 7 0.034
671 737 7 8 0.034
454 727 6 8 0.034
366 789 7 9 0.033
715 1246 11 14 0.033
27 821 8 11 0.033
760 831 6 8 0.033
35 856 8 10 0.033
271 983 9 12 0.033
84 1159 11 14 0.032
331 728 7 8 0.032
362 786 7 8 0.032
318 1239 11 15 0.032
259 1322 13 17 0.032
208 435 7 8 0.032
444 705 6 8 0.032
699 674 6 8 0.032
601 657 6 7 0.031
250 871 7 10 0.031
790 942 8 10 0.030
37 454 8 10 0.030
328 1182 11 15 0.030
461 728 6 7 0.030
317 896 8 10 0.030
623 811 6 8 0.030
604 734 6 8 0.030
125 848 8 10 0.030
629 778 6 8 0.030
298 855 8 11 0.029
289 1068 10 12 0.029
362 791 7 9 0.029
78 1310 12 16 0.029
698 820 7 8 0.029
276 834 10 13 0.029
604 991 10 12 0.029
130 1352 16 14 0.029
561 679 7 8 0.029
248 814 10 12 0.029
642 990 9 11 0.028
44 1239 13 17 0.028
313 721 6 8 0.028
213 869 8 11 0.028
644 742 7 8 0.028
147 913 9 12 0.028
591 768 7 8 0.028
95 440 8 9 0.028
466 681 6 8 0.028
313 718 7 7 0.028
514 1130 8 14 0.027
591 1240 11 15 0.027
690 680 6 7 0.027
308 909 9 11 0.027
619 1306 11 16 0.027
116 957 10 13 0.027
370 1026 10 12 0.027
367 774 7 8 0.027
298 712 6 7 0.026
575 744 6 7 0.026
537 1044 9 12 0.026
363 674 6 8 0.026
642 946 8 11 0.026
466 956 8 10 0.026
362 1023 10 12 0.026
96 990 10 13 0.026
314 738 7 8 0.025
154 980 9 11 0.025
492 708 6 7 0.025
729 1218 11 14 0.025
818 966 8 10 0.025
636 1092 10 14 0.025
615 938 10 12 0.025
400 719 6 8 0.025
265 1141 12 14 0.025
373 632 6 8 0.025
629 757 6 8 0.025
531 1038 8 11 0.025
560 1138 9 12 0.025
36 451 7 9 0.024
851 957 7 11 0.024
640 1092 10 12 0.024
370 1211 9 15 0.024
497 724 6 7 0.024
185 967 10 12 0.024
624 1326 12 17 0.024
245 1345 16 19 0.024
633 894 9 13 0.024
456 724 6 8 0.024
317 903 8 11 0.024
657 1187 11 15 0.023
385 737 6 8 0.023
511 1002 10 12 0.023
379 1223 9 13 0.023
366 723 6 8 0.023
336 676 6 7 0.023
700 727 6 8 0.023
704 1102 10 12 0.022
633 758 6 8 0.022
634 722 6 7 0.022
853 1221 11 15 0.022
477 1250 10 16 0.022
596 1301 13 18 0.022
423 730 6 7 0.022
12 753 6 8 0.022
240 736 6 8 0.022
376 1022 8 12 0.022
281 1021 9 12 0.022
2 1339 11 17 0.022
706 706 6 7 0.021
306 755 6 8 0.021
803 876 7 9 0.021
668 670 6 7 0.021
694 881 9 12 0.021
528 1057 10 13 0.021
172 791 7 9 0.021
656 916 7 9 0.021
847 855 6 8 0.021
376 1219 11 15 0.021
700 806 7 8 0.021
683 941 8 10 0.021
762 830 6 8 0.021
0 837 8 9 0.020
127 955 9 13 0.020
374 618 6 7 0.020
346 629 6 8 0.020
690 829 7 9 0.020
568 1065 9 12 0.020
710 707 7 8 0.020
699 1104 10 13 0.020
680 857 7 9 0.019
816 1012 9 11 0.019
507 504 7 8 0.019
835 1096 11 13 0.019
44 441 8 9 0.019
52 1127 10 14 0.019
636 1107 10 14 0.019
666 944 7 10 0.019
379 734 6 8 0.018
889 1028 9 11 0.018
533 748 6 8 0.018
622 661 5 7 0.018
639 740 6 8 0.018
456 776 7 8 0.018
140 776 7 9 0.018
363 770 6 9 0.017
346 696 6 8 0.017
667 770 6 8 0.017
210 784 10 14 0.017
636 717 6 8 0.017
102 920 10 13 0.017
672 744 6 8 0.017
619 746 6 8 0.017
615 1120 10 12 0.017
657 1063 9 13 0.017
371 632 6 8 0.017
66 815 7 10 0.017
691 1104 10 13 0.017
187 1207 12 15 0.017
287 1066 10 12 0.017
502 692 5 7 0.017
272 1058 10 12 0.017
600 652 6 7 0.016
172 749 6 8 0.016
843 858 7 9 0.016
401 675 6 8 0.016
780 901 10 12 0.016
447 1005 10 13 0.016
647 723 6 8 0.016
438 1298 12 17 0.016
395 1201 9 13 0.016
511 997 9 12 0.016
286 1217 10 16 0.016
392 671 6 8 0.016
847 1354 15 11 0.016
196 792 10 12 0.015
340 723 6 7 0.015
241 448 8 10 0.015
338 675 6 8 0.015
1 1134 7 17 0.015
354 1018 9 13 0.015
277 734 6 8 0.015
238 1334 12 15 0.015
518 676 6 7 0.015
505 807 8 10 0.015
559 760 7 8 0.015
445 1232 10 15 0.015
556 1326 12 18 0.015
622 725 6 7 0.015
86 1091 11 15 0.015
574 897 7 9 0.014
292 802 10 13 0.014
208 1278 12 17 0.014
590 712 6 7 0.014
204 449 7 9 0.014
374 709 6 7 0.014
552 1336 14 16 0.014
791 1007 8 11 0.014
424 901 9 10 0.014
631 901 10 13 0.014
583 647 6 7 0.014
422 903 9 11 0.014
372 619 7 8 0.014
198 449 8 9 0.014
6 1251 11 16 0.014
637 893 10 13 0.014
588 717 6 8 0.014
163 804 7 9 0.014
43 773 7 9 0.014
645 1124 9 13 0.013
748 913 8 10 0.013
693 958 8 10 0.013
906 1324 16 21 0.013
361 611 6 8 0.013
332 733 6 8 0.013
203 897 9 11 0.013
299 716 6 8 0.013
587 679 6 7 0.013
158 887 7 12 0.013
71 1062 10 15 0.013
652 751 6 8 0.013
163 965 9 11 0.013
623 1238 12 15 0.013
602 663 6 7 0.013
589 682 5 7 0.013
322 1000 10 14 0.013
368 1209 9 15 0.013
528 1313 12 17 0.013
378 665 6 7 0.013
167 1300 14 17 0.013
75 1354 15 12 0.012
589 783 6 8 0.012
443 1192 10 15 0.012
716 719 6 8 0.012
523 651 6 7 0.012
136 818 6 9 0.012
705 1075 10 13 0.012
63 813 7 10 0.012
282 939 8 11 0.012
345 631 7 8 0.012
932 914 7 9 0.012
699 927 7 9 0.012
487 669 7 8 0.012
582 515 6 8 0.012
288 1074 10 13 0.012
157 1326 16 19 0.012
244 783 10 13 0.012
657 718 5 7 0.012
461 688 6 8 0.012
87 894 8 12 0.012
844 1014 8 10 0.012
344 1218 12 16 0.011
844 1349 13 12 0.011
494 806 7 9 0.011
160 435 10 12 0.011
375 615 6 8 0.011
702 707 6 9 0.011
228 438 7 9 0.011
187 1202 10 14 0.011
27 889 9 11 0.011
903 844 6 7 0.011
493 1200 10 15 0.011
334 921 8 11 0.011
618 710 6 7 0.011
297 955 11 14 0.011
411 1006 9 13 0.011
203 1176 10 14 0.011
363 1031 9 11 0.011
186 773 7 9 0.010
397 1199 9 13 0.010
536 805 7 7 0.010
357 657 6 8 0.010
462 665 6 7 0.010
281 1013 9 12 0.010
613 685 6 7 0.010
503 721 6 8 0.010
278 1353 13 11 0.010
