21_Festival_Festival_21_275
67
967 330 16 18 0.709
252 263 35 56 0.664
998 343 17 19 0.627
686 229 11 13 0.602
752 227 10 13 0.586
921 350 8 10 0.531
0 186 32 102 0.446
883 342 8 9 0.416
903 348 7 9 0.364
868 346 10 11 0.338
354 292 21 45 0.172
636 335 13 18 0.137
315 332 27 33 0.136
751 103 7 9 0.135
864 344 9 11 0.123
789 98 9 10 0.115
690 106 7 9 0.113
743 334 11 14 0.110
922 348 9 10 0.097
964 333 13 13 0.086
948 351 7 9 0.085
571 341 20 22 0.079
645 106 7 8 0.076
137 209 22 36 0.068
947 353 7 10 0.058
516 322 17 23 0.058
738 97 8 10 0.051
835 347 6 8 0.047
710 252 7 8 0.043
857 344 7 9 0.041
649 165 7 9 0.041
859 341 7 10 0.038
740 337 11 13 0.037
746 332 11 13 0.035
742 99 8 10 0.035
809 94 7 10 0.031
707 251 8 10 0.027
4 195 66 105 0.026
648 104 7 9 0.026
735 97 8 11 0.024
832 393 6 7 0.021
656 98 6 8 0.019
713 337 13 16 0.019
810 353 7 9 0.019
765 402 8 9 0.018
647 166 7 10 0.018
746 337 10 12 0.018
852 346 6 8 0.018
112 328 28 46 0.018
645 224 8 10 0.017
906 350 9 10 0.017
659 98 6 8 0.016
927 346 7 9 0.014
647 162 8 9 0.014
776 384 7 9 0.013
647 108 6 8 0.013
458 339 20 24 0.013
871 341 8 9 0.013
710 92 6 9 0.012
870 352 9 11 0.012
725 124 6 8 0.012
651 166 7 9 0.012
642 106 6 8 0.011
565 340 18 21 0.011
816 362 6 8 0.011
579 345 17 19 0.011
124 201 34 50 0.010
