21_Festival_Festival_21_585
174
122 333 22 27 0.723
201 316 17 23 0.683
59 348 20 24 0.670
181 337 19 23 0.659
114 284 17 20 0.653
214 290 17 20 0.643
16 302 18 20 0.642
26 258 15 18 0.627
255 339 18 23 0.602
309 322 16 20 0.584
22 235 13 15 0.567
142 263 12 15 0.540
8 206 10 13 0.518
20 325 18 22 0.514
52 233 10 13 0.496
263 231 11 13 0.492
267 262 12 16 0.489
60 259 13 14 0.488
93 198 8 11 0.463
51 206 9 11 0.455
100 214 9 11 0.455
132 280 14 18 0.454
248 406 21 25 0.431
0 392 8 26 0.427
94 257 14 16 0.420
199 243 13 16 0.414
79 283 14 18 0.400
154 194 9 11 0.398
31 208 10 12 0.395
130 204 8 10 0.382
310 279 15 19 0.372
0 346 13 25 0.369
68 229 9 12 0.367
111 239 12 14 0.358
197 193 8 10 0.355
115 198 8 9 0.348
46 288 15 18 0.335
315 225 11 13 0.332
181 256 12 14 0.329
74 202 9 10 0.325
61 280 14 16 0.325
251 278 14 16 0.322
174 190 9 10 0.319
175 229 11 12 0.309
29 184 8 9 0.270
232 246 12 15 0.254
129 178 8 9 0.230
159 241 10 13 0.217
292 244 12 16 0.214
55 314 17 22 0.211
232 186 7 8 0.208
71 200 8 11 0.200
261 253 10 14 0.189
34 207 10 12 0.189
33 203 10 13 0.184
164 180 7 9 0.181
365 57 25 36 0.178
36 196 9 11 0.178
321 279 14 17 0.176
205 176 6 9 0.168
78 220 8 11 0.162
270 181 7 8 0.162
91 165 7 8 0.162
61 183 7 8 0.154
233 241 12 15 0.146
98 229 11 13 0.141
384 383 26 28 0.134
306 172 7 9 0.131
140 200 9 10 0.122
557 49 30 39 0.113
0 257 6 17 0.111
78 171 6 8 0.109
254 188 6 9 0.103
130 302 17 21 0.103
143 245 10 13 0.102
230 187 7 9 0.099
49 295 16 21 0.098
191 170 6 8 0.098
0 287 7 20 0.093
322 267 12 15 0.091
26 181 8 9 0.091
79 237 9 11 0.089
256 311 16 20 0.089
167 234 11 13 0.088
167 166 6 7 0.087
177 189 8 9 0.086
26 189 8 10 0.086
320 215 9 10 0.084
222 242 11 14 0.083
177 254 12 15 0.083
314 203 6 9 0.080
76 169 7 8 0.079
76 158 7 7 0.078
0 283 9 19 0.078
0 297 8 20 0.073
249 273 12 17 0.072
201 230 11 12 0.072
251 188 7 8 0.071
122 160 7 9 0.069
320 212 7 10 0.068
243 182 7 8 0.065
58 181 7 9 0.062
292 192 7 9 0.061
133 178 7 9 0.059
265 181 6 8 0.055
204 160 6 7 0.051
320 264 11 13 0.048
95 164 6 8 0.048
286 176 6 8 0.046
285 179 7 8 0.043
267 300 13 16 0.042
148 230 10 12 0.040
166 216 8 11 0.039
19 352 19 23 0.039
313 323 17 21 0.039
237 181 8 10 0.034
187 333 18 24 0.034
320 180 7 8 0.034
123 158 6 8 0.034
259 175 6 8 0.033
201 159 6 7 0.032
294 194 7 8 0.032
27 141 6 6 0.031
99 235 10 12 0.031
747 189 32 44 0.030
442 351 27 28 0.028
294 239 10 12 0.027
140 243 10 12 0.027
224 194 7 9 0.026
288 195 7 9 0.024
96 11 6 7 0.024
547 265 29 39 0.024
21 175 6 8 0.024
327 280 12 16 0.023
243 176 6 7 0.022
277 183 9 9 0.021
73 315 17 21 0.020
205 223 9 13 0.020
302 243 11 14 0.020
270 199 7 9 0.020
364 303 16 19 0.019
136 303 16 20 0.019
313 197 8 11 0.018
272 301 13 17 0.017
346 222 10 11 0.017
294 311 17 19 0.017
272 164 6 7 0.017
355 218 11 13 0.016
52 160 6 7 0.016
255 405 18 24 0.016
361 219 11 12 0.016
124 302 17 19 0.016
351 57 31 42 0.015
252 157 6 7 0.015
317 232 11 14 0.015
226 158 6 7 0.015
229 157 6 7 0.015
112 280 16 20 0.014
270 168 6 7 0.014
231 254 12 15 0.014
251 303 16 20 0.013
321 185 7 8 0.013
264 340 17 23 0.013
486 338 19 24 0.013
241 225 10 11 0.012
297 161 7 8 0.012
284 239 9 11 0.012
167 255 11 14 0.012
359 222 11 12 0.012
203 194 7 9 0.012
58 155 6 8 0.012
68 264 12 15 0.011
64 150 6 7 0.010
38 170 7 8 0.010
