21_Festival_Festival_21_373
59
79 181 38 52 0.823
873 180 16 20 0.709
399 247 30 30 0.693
833 170 15 21 0.691
934 168 19 22 0.690
597 271 33 29 0.672
401 203 18 23 0.672
861 221 21 18 0.648
748 189 9 12 0.563
728 187 9 10 0.485
550 220 13 20 0.479
645 193 9 11 0.450
686 222 14 14 0.443
566 192 9 11 0.402
606 213 11 14 0.388
801 184 11 14 0.366
372 196 12 15 0.354
693 198 8 9 0.324
40 196 9 11 0.321
3 191 7 9 0.270
850 182 12 15 0.184
603 194 7 9 0.167
554 189 8 10 0.154
562 191 9 11 0.149
584 181 7 9 0.129
651 213 11 17 0.129
511 203 11 14 0.122
544 203 11 15 0.081
673 201 7 8 0.080
726 187 7 10 0.078
706 187 8 9 0.075
371 192 10 14 0.061
699 191 7 9 0.060
68 198 9 13 0.059
486 190 12 14 0.045
799 180 10 13 0.039
393 178 8 10 0.039
703 187 8 10 0.034
693 222 12 13 0.033
72 185 30 36 0.027
552 188 7 10 0.026
649 193 8 11 0.026
515 205 10 13 0.025
853 186 10 11 0.024
350 185 8 9 0.024
676 199 7 10 0.022
528 223 11 14 0.020
6 190 6 8 0.018
510 186 8 10 0.017
347 184 9 11 0.014
642 193 8 10 0.012
462 184 10 14 0.012
792 182 9 11 0.012
690 196 11 13 0.011
818 182 11 17 0.011
440 197 11 14 0.011
431 206 11 14 0.011
490 190 10 13 0.010
852 175 12 15 0.010
