21_Festival_Festival_21_943
90
113 194 11 15 0.545
738 190 9 12 0.545
102 179 10 14 0.543
294 189 16 18 0.534
353 178 10 13 0.510
760 185 9 11 0.496
831 195 10 12 0.481
806 189 10 15 0.465
939 198 7 9 0.416
496 192 7 9 0.416
710 195 11 14 0.362
189 196 10 12 0.357
69 191 11 14 0.345
882 177 9 15 0.291
421 189 7 8 0.289
169 194 9 10 0.270
543 190 8 11 0.267
388 185 7 8 0.258
494 192 7 8 0.257
157 198 10 11 0.255
571 194 8 9 0.243
324 195 9 11 0.236
262 196 9 11 0.232
518 187 7 9 0.206
545 189 8 11 0.194
551 185 8 10 0.170
835 194 9 12 0.107
936 198 8 9 0.104
386 185 7 8 0.102
228 187 8 11 0.086
520 189 7 9 0.081
400 220 9 11 0.081
224 187 9 11 0.076
651 193 7 9 0.076
574 194 8 10 0.076
870 203 5 7 0.073
216 191 9 12 0.064
567 192 8 9 0.063
213 193 9 11 0.061
142 196 8 10 0.059
147 195 8 11 0.058
72 191 11 13 0.049
886 179 10 14 0.049
978 208 6 8 0.048
152 199 9 11 0.045
643 196 6 8 0.039
256 193 8 10 0.037
138 197 7 10 0.036
265 197 8 11 0.035
134 198 7 9 0.033
652 196 7 8 0.031
222 184 9 12 0.030
56 183 9 11 0.027
641 228 6 8 0.027
644 194 8 10 0.027
88 185 8 11 0.027
279 185 9 12 0.026
182 190 8 10 0.025
640 197 6 8 0.025
326 192 7 10 0.024
1005 220 7 8 0.023
211 190 9 11 0.022
209 195 9 10 0.020
232 192 8 11 0.019
648 192 7 9 0.019
1004 221 6 7 0.019
930 250 8 8 0.019
998 206 6 8 0.019
391 190 7 9 0.018
256 189 7 10 0.018
975 209 5 7 0.018
868 201 5 8 0.017
979 206 6 7 0.017
174 263 12 14 0.017
832 192 9 11 0.016
252 187 8 10 0.016
231 183 9 11 0.015
692 221 9 11 0.014
71 195 11 13 0.014
145 192 7 10 0.013
1017 215 5 9 0.013
486 191 5 7 0.013
238 209 9 12 0.013
527 197 6 8 0.013
878 176 8 14 0.012
928 250 8 10 0.011
498 195 6 8 0.011
156 192 8 10 0.010
494 195 7 8 0.010
740 193 8 12 0.010
