21_Festival_Festival_21_331
39
151 408 89 101 0.842
353 295 45 56 0.834
743 224 59 72 0.833
61 366 39 43 0.796
162 280 20 24 0.788
989 264 36 48 0.773
663 275 42 50 0.756
264 271 32 39 0.745
237 278 27 33 0.738
306 390 35 43 0.718
865 234 42 51 0.659
521 297 30 32 0.647
142 315 27 33 0.629
463 271 10 13 0.600
0 297 16 35 0.433
492 289 24 28 0.384
577 270 9 10 0.359
957 278 25 34 0.226
637 280 23 32 0.167
863 330 29 36 0.128
479 281 13 18 0.110
428 304 19 27 0.101
563 261 9 11 0.034
868 297 34 44 0.030
561 260 8 11 0.029
862 314 37 47 0.022
435 304 17 22 0.021
502 315 19 26 0.017
674 280 43 52 0.017
485 282 14 18 0.016
423 303 17 27 0.015
494 316 22 27 0.015
1 309 19 28 0.013
124 308 14 20 0.012
994 277 29 44 0.012
631 284 26 35 0.011
277 417 26 40 0.011
715 293 30 42 0.011
494 285 34 43 0.010
