21_Festival_Festival_21_201
73
771 307 34 49 0.736
718 378 24 29 0.720
41 378 30 44 0.711
392 368 26 31 0.687
905 307 19 25 0.680
553 311 21 27 0.677
678 297 23 33 0.667
291 343 18 24 0.651
507 348 22 31 0.650
611 327 18 24 0.610
217 424 23 28 0.539
276 362 16 21 0.456
640 295 15 23 0.441
10 434 16 20 0.321
401 339 15 22 0.319
438 337 13 16 0.300
11 398 16 20 0.248
329 404 26 35 0.173
649 325 16 22 0.135
573 341 19 25 0.131
589 375 19 23 0.128
0 251 20 33 0.097
619 362 18 24 0.084
733 318 14 21 0.082
663 312 16 21 0.073
673 68 26 34 0.067
658 320 18 23 0.065
476 329 18 22 0.062
313 412 26 31 0.061
752 288 15 19 0.061
433 330 12 18 0.060
198 385 20 23 0.054
950 391 20 28 0.045
486 326 17 21 0.039
335 477 40 45 0.035
338 409 22 29 0.031
738 317 15 23 0.031
453 332 13 19 0.029
858 384 13 18 0.029
337 98 50 67 0.029
453 316 13 18 0.026
472 326 17 22 0.026
636 421 23 29 0.025
136 375 21 26 0.020
35 387 23 34 0.020
411 333 17 20 0.019
377 338 16 21 0.019
135 428 20 28 0.019
573 361 16 21 0.019
495 326 15 19 0.018
757 289 15 20 0.018
488 320 16 20 0.018
494 319 14 19 0.018
337 359 16 21 0.017
344 410 25 33 0.017
644 325 15 21 0.016
590 322 16 18 0.015
648 384 19 22 0.015
596 320 16 20 0.015
304 411 25 31 0.014
438 348 15 19 0.013
773 252 16 23 0.013
594 238 20 20 0.012
146 364 21 26 0.012
667 290 16 22 0.012
300 344 18 22 0.012
626 315 13 18 0.012
428 326 13 17 0.011
463 298 21 25 0.011
571 351 17 23 0.011
525 321 15 20 0.010
435 334 19 23 0.010
518 323 18 21 0.010
