21_Festival_Festival_21_219
117
563 280 83 113 0.846
583 436 9 11 0.527
559 446 9 11 0.522
610 438 8 10 0.509
644 442 8 11 0.490
633 452 8 11 0.430
731 164 14 17 0.403
66 397 14 17 0.384
670 446 8 11 0.372
529 436 9 10 0.301
696 441 8 10 0.297
710 447 10 11 0.270
691 452 9 11 0.258
542 445 8 10 0.255
319 538 8 10 0.220
827 138 9 13 0.138
525 437 9 10 0.128
359 465 7 9 0.120
397 532 6 7 0.102
808 362 7 9 0.099
635 449 10 11 0.092
509 454 8 9 0.089
356 464 8 10 0.081
194 545 9 10 0.078
258 554 10 12 0.057
144 384 9 11 0.056
826 341 7 9 0.056
450 540 8 9 0.056
963 411 11 12 0.055
659 416 7 10 0.054
1005 410 13 17 0.054
869 142 13 15 0.050
14 561 9 11 0.050
230 541 7 11 0.047
836 153 9 11 0.045
25 562 10 12 0.044
278 547 9 12 0.044
469 541 7 9 0.042
353 465 7 8 0.041
513 484 8 11 0.040
486 427 8 10 0.035
785 369 10 11 0.035
175 538 7 10 0.034
671 420 8 9 0.034
708 450 10 12 0.033
971 384 8 9 0.032
505 521 8 9 0.030
863 138 10 14 0.030
169 540 9 11 0.029
771 364 8 11 0.029
53 395 9 10 0.028
144 545 8 10 0.028
374 546 7 9 0.028
641 441 8 10 0.027
606 453 8 10 0.026
810 360 8 9 0.025
172 536 8 9 0.024
261 551 10 12 0.024
255 553 9 11 0.024
357 530 7 9 0.023
632 415 8 9 0.023
197 543 8 10 0.023
352 521 5 7 0.022
198 547 8 10 0.022
331 562 8 10 0.022
148 540 8 9 0.021
977 142 10 13 0.020
449 455 7 8 0.020
413 543 6 8 0.020
220 549 8 12 0.019
368 449 8 10 0.019
768 363 8 10 0.019
792 358 7 9 0.019
355 529 6 8 0.018
366 449 7 9 0.018
429 535 7 7 0.017
149 562 8 10 0.017
247 544 8 10 0.017
178 536 7 9 0.017
789 361 9 11 0.016
22 560 10 12 0.016
335 525 6 8 0.016
580 453 7 9 0.016
689 454 8 11 0.016
663 416 7 9 0.015
897 422 13 13 0.015
775 339 6 8 0.014
390 541 7 8 0.014
222 553 9 11 0.014
784 367 9 11 0.014
671 450 8 11 0.014
710 176 13 17 0.014
694 441 12 14 0.013
387 543 7 9 0.013
714 450 8 11 0.013
253 549 9 11 0.012
864 337 7 8 0.012
516 434 7 9 0.012
403 532 6 7 0.011
224 543 10 11 0.011
707 433 8 9 0.011
65 551 9 11 0.011
449 471 8 9 0.011
133 544 8 9 0.011
692 458 9 11 0.011
33 562 9 11 0.011
449 456 9 11 0.011
569 434 7 9 0.011
535 435 8 10 0.011
763 347 6 8 0.011
181 542 8 10 0.011
472 541 7 9 0.010
465 539 9 9 0.010
822 143 9 12 0.010
350 461 7 8 0.010
112 546 7 10 0.010
311 520 7 8 0.010
