12_Group_Team_Organized_Group_12_Group_Team_Organized_Group_12_412
30
578 398 44 60 0.841
388 218 38 49 0.834
705 199 40 44 0.822
604 330 36 51 0.821
555 233 35 44 0.819
494 225 39 51 0.812
781 58 31 37 0.809
762 178 33 41 0.808
234 199 37 53 0.805
117 189 34 44 0.805
329 215 38 48 0.803
890 219 39 52 0.791
967 133 39 52 0.780
662 224 33 38 0.777
141 215 35 51 0.776
495 172 30 39 0.743
4 205 43 44 0.734
594 223 25 40 0.664
907 205 34 42 0.289
636 229 24 32 0.274
815 235 28 36 0.264
471 234 25 37 0.208
496 194 35 51 0.137
204 201 24 29 0.055
861 263 23 25 0.024
622 223 37 45 0.021
875 3 33 34 0.020
914 209 23 29 0.017
901 213 36 45 0.017
918 1 33 36 0.011
