12_Group_Large_Group_12_Group_Large_Group_12_736
36
937 455 25 29 0.763
397 389 18 23 0.700
141 388 25 31 0.643
571 397 34 41 0.639
423 389 19 27 0.629
71 311 11 13 0.598
12 358 22 30 0.582
300 383 26 28 0.568
154 334 19 29 0.517
634 355 17 28 0.481
229 367 17 22 0.416
21 304 8 10 0.215
414 390 20 26 0.209
746 381 17 23 0.204
226 396 19 25 0.164
934 376 14 19 0.123
753 385 14 25 0.106
630 353 16 27 0.104
314 384 24 26 0.075
183 363 18 26 0.075
103 373 17 22 0.073
1 336 9 19 0.068
159 331 17 28 0.062
-1 353 10 22 0.053
326 386 19 24 0.047
2 309 6 12 0.043
297 377 17 21 0.034
447 391 12 18 0.034
639 354 17 27 0.031
450 392 13 18 0.026
18 352 23 31 0.025
106 376 17 24 0.023
759 392 15 26 0.018
966 413 17 23 0.012
98 370 17 22 0.011
922 395 12 17 0.011
