12_Group_Team_Organized_Group_12_Group_Team_Organized_Group_12_418
145
634 363 23 29 0.806
301 369 26 31 0.798
394 402 23 29 0.793
404 260 24 31 0.791
470 375 24 33 0.780
28 209 22 24 0.775
515 288 21 27 0.774
316 282 23 29 0.773
559 369 24 26 0.772
149 215 19 24 0.768
658 304 21 27 0.766
306 204 18 24 0.764
806 181 19 24 0.756
667 211 16 21 0.753
257 223 17 21 0.753
168 353 23 29 0.752
564 220 16 22 0.750
237 352 23 25 0.748
456 218 17 20 0.747
599 193 17 21 0.743
509 211 17 20 0.742
620 216 17 20 0.741
717 213 18 22 0.740
205 203 18 23 0.740
361 227 16 20 0.740
248 184 17 19 0.739
188 186 17 20 0.738
403 190 16 18 0.731
698 187 15 18 0.730
407 220 16 20 0.729
154 170 16 21 0.727
268 134 14 17 0.724
135 191 17 21 0.724
648 186 15 19 0.723
91 186 17 20 0.723
451 187 15 19 0.721
94 227 18 20 0.716
121 139 17 19 0.715
499 189 14 19 0.709
207 167 15 18 0.708
552 184 15 19 0.701
307 160 14 16 0.696
325 140 13 16 0.679
578 171 14 17 0.676
283 87 13 16 0.675
411 74 13 16 0.674
651 107 13 16 0.672
462 139 13 15 0.672
407 163 14 17 0.672
356 190 16 18 0.672
310 181 14 18 0.669
319 83 15 18 0.668
379 144 14 17 0.666
191 70 13 16 0.648
266 66 11 16 0.648
484 155 13 16 0.647
293 34 14 16 0.646
359 137 14 17 0.644
579 141 12 14 0.642
605 96 13 16 0.641
450 159 15 17 0.638
598 161 13 15 0.636
610 143 12 15 0.634
618 168 16 18 0.630
522 176 13 17 0.629
374 79 13 16 0.626
271 158 13 16 0.626
645 157 13 15 0.613
494 166 15 17 0.601
751 199 14 20 0.591
428 143 12 14 0.583
514 155 13 16 0.579
102 174 16 19 0.565
531 143 12 16 0.561
217 59 12 15 0.539
307 142 13 15 0.530
241 77 12 15 0.528
551 159 13 15 0.503
504 145 11 14 0.499
387 45 12 15 0.473
358 176 15 17 0.416
670 166 13 17 0.412
254 164 12 16 0.401
222 155 13 17 0.345
556 96 12 14 0.339
178 149 13 17 0.300
487 159 13 16 0.262
409 49 11 14 0.261
142 187 17 22 0.249
562 160 12 14 0.247
340 150 12 15 0.209
434 159 12 14 0.175
550 136 10 13 0.159
298 51 13 15 0.131
485 28 10 12 0.129
517 87 12 15 0.098
295 39 14 16 0.097
453 38 11 15 0.094
497 183 14 19 0.082
492 60 12 15 0.079
538 139 12 16 0.077
671 158 9 14 0.076
218 142 12 14 0.071
481 45 11 14 0.068
93 32 11 13 0.068
578 86 11 13 0.067
412 162 15 17 0.053
591 160 13 16 0.048
341 158 12 14 0.045
484 41 11 16 0.043
299 270 19 22 0.040
573 171 15 18 0.037
512 86 14 16 0.034
373 95 12 13 0.033
305 81 10 12 0.031
523 325 14 17 0.030
463 92 13 15 0.027
491 65 12 15 0.027
506 88 14 16 0.027
267 103 11 13 0.025
128 53 13 16 0.025
646 79 10 13 0.023
527 176 13 16 0.022
449 34 12 15 0.021
456 40 12 14 0.021
234 78 14 16 0.020
124 52 13 15 0.019
183 100 8 10 0.018
220 139 12 14 0.018
247 293 20 20 0.017
643 185 15 18 0.017
370 83 13 15 0.016
747 203 14 17 0.015
119 51 13 15 0.015
223 82 13 16 0.015
495 65 12 15 0.015
213 152 13 15 0.014
499 92 13 15 0.014
370 97 11 14 0.013
521 85 11 15 0.013
466 96 13 15 0.012
497 88 12 14 0.012
755 199 14 19 0.011
240 93 11 13 0.011
857 312 15 19 0.010
