12_Group_Group_12_Group_Group_12_522
23
792 282 45 53 0.861
655 397 44 55 0.855
372 301 37 48 0.853
505 390 44 55 0.852
491 245 43 55 0.851
265 291 39 51 0.850
724 294 39 50 0.850
360 403 44 55 0.848
886 288 44 56 0.839
599 263 41 47 0.838
189 228 41 51 0.836
398 227 37 48 0.835
686 229 39 46 0.834
113 227 42 52 0.829
302 231 36 44 0.829
819 241 41 52 0.791
584 745 25 22 0.191
800 271 43 53 0.159
864 755 20 13 0.148
589 740 29 26 0.021
386 690 20 24 0.014
422 698 18 25 0.013
609 715 20 23 0.011
