12_Group_Team_Organized_Group_12_Group_Team_Organized_Group_12_461
48
908 423 23 26 0.754
39 294 31 41 0.739
248 282 30 34 0.734
635 288 29 41 0.710
402 282 26 34 0.701
487 292 49 65 0.688
181 316 16 21 0.685
314 307 10 11 0.573
346 410 21 41 0.565
287 300 10 14 0.562
360 311 13 15 0.547
908 326 10 14 0.530
156 309 12 14 0.489
1015 323 8 10 0.303
122 311 10 14 0.259
932 328 9 12 0.180
944 439 19 23 0.154
1009 294 6 8 0.124
636 276 40 60 0.103
330 326 15 20 0.087
919 429 22 25 0.068
1013 322 7 10 0.067
186 317 14 18 0.059
550 487 22 32 0.059
153 308 11 13 0.058
963 344 7 9 0.055
1006 294 7 9 0.039
357 308 10 12 0.036
1012 326 8 9 0.033
291 301 9 12 0.032
995 291 6 8 0.028
368 316 11 14 0.027
1009 302 9 12 0.026
966 344 7 9 0.021
829 414 14 26 0.021
1002 292 6 7 0.019
926 327 10 12 0.019
634 294 21 29 0.017
1001 292 8 11 0.015
365 311 12 15 0.015
654 258 34 66 0.015
384 678 77 22 0.014
610 292 10 14 0.013
481 311 46 55 0.012
1010 292 7 8 0.011
1013 321 11 14 0.010
357 308 18 23 0.010
378 328 7 9 0.010
