12_Group_Team_Organized_Group_12_Group_Team_Organized_Group_12_778
77
646 298 24 30 0.821
586 297 25 32 0.820
467 293 24 30 0.818
782 301 25 31 0.816
893 165 23 30 0.815
517 292 24 32 0.813
931 148 31 37 0.810
709 302 25 31 0.809
235 219 22 28 0.807
441 225 21 28 0.807
343 289 25 29 0.805
406 307 23 29 0.805
495 223 21 27 0.804
413 55 20 25 0.801
288 291 23 27 0.801
581 98 23 28 0.799
171 283 24 30 0.798
108 281 25 30 0.797
653 228 22 28 0.797
663 89 22 27 0.797
849 190 25 29 0.796
164 92 21 26 0.796
294 100 22 27 0.796
227 278 24 30 0.795
819 139 23 29 0.795
231 96 20 25 0.794
436 82 21 27 0.793
612 228 21 26 0.793
276 226 22 27 0.791
384 227 20 25 0.790
623 90 20 24 0.787
689 74 21 26 0.787
330 227 20 25 0.787
766 115 23 29 0.786
556 227 21 26 0.786
61 282 23 28 0.786
467 64 20 25 0.786
178 211 21 27 0.786
210 49 21 27 0.776
346 54 20 24 0.775
580 58 20 25 0.771
717 87 21 26 0.771
788 93 21 24 0.770
539 66 21 25 0.767
389 66 21 27 0.766
748 92 22 27 0.766
499 87 23 28 0.763
283 61 20 24 0.761
806 75 21 27 0.761
319 72 20 25 0.760
877 132 23 27 0.758
369 79 22 30 0.758
512 58 21 26 0.752
251 76 20 25 0.749
694 120 21 27 0.742
597 75 18 24 0.730
743 66 20 25 0.730
830 97 23 28 0.723
847 129 26 30 0.718
805 114 21 26 0.717
707 52 21 27 0.698
643 78 19 23 0.691
905 138 22 28 0.648
719 119 23 28 0.602
660 71 17 20 0.590
798 80 22 27 0.292
430 66 21 27 0.154
745 73 23 27 0.115
634 89 21 24 0.108
398 207 14 17 0.061
571 57 20 26 0.042
793 146 18 20 0.030
734 202 23 22 0.016
235 91 21 26 0.012
892 74 16 20 0.012
732 81 20 24 0.012
585 89 20 25 0.011
