12_Group_Large_Group_12_Group_Large_Group_12_143
45
468 228 31 40 0.802
303 164 32 45 0.796
80 206 27 34 0.774
257 217 33 47 0.771
390 230 29 40 0.726
618 337 33 50 0.711
355 252 30 38 0.689
167 189 37 45 0.681
581 216 29 33 0.561
38 226 20 33 0.445
138 210 17 20 0.358
59 212 12 16 0.277
226 225 16 20 0.198
372 238 33 43 0.167
575 220 37 47 0.133
560 250 36 45 0.074
607 228 20 25 0.064
178 203 27 35 0.064
2 219 13 31 0.060
432 245 16 20 0.059
103 198 14 16 0.050
551 250 30 43 0.045
107 223 19 22 0.044
186 214 20 25 0.042
1 217 6 20 0.035
225 220 21 31 0.032
425 242 19 23 0.029
574 240 37 41 0.026
4 224 18 27 0.026
134 207 16 20 0.025
231 226 17 22 0.025
525 351 23 36 0.024
408 235 27 34 0.022
57 200 11 16 0.022
56 208 20 27 0.021
0 214 5 14 0.018
548 242 20 31 0.017
596 229 30 34 0.016
75 319 22 28 0.016
57 196 11 13 0.014
30 223 24 37 0.013
221 220 16 20 0.012
9 227 20 26 0.011
803 356 27 35 0.011
568 253 47 51 0.011
