12_Group_Group_12_Group_Group_12_367
26
696 350 26 34 0.821
566 322 23 30 0.820
324 363 27 33 0.816
293 261 21 28 0.812
383 270 22 26 0.811
519 337 24 30 0.811
352 294 23 28 0.809
259 365 27 33 0.809
203 339 26 32 0.806
520 285 24 29 0.805
471 282 21 25 0.803
635 264 22 29 0.802
653 322 25 31 0.799
627 354 25 33 0.798
214 297 26 31 0.798
394 343 24 29 0.796
200 258 23 27 0.795
458 356 26 30 0.791
561 280 21 27 0.786
424 281 24 31 0.781
438 331 23 29 0.781
611 291 23 31 0.781
286 306 22 28 0.781
548 368 26 33 0.763
443 341 24 29 0.287
-1 708 269 59 0.016
