12_Group_Team_Organized_Group_12_Group_Team_Organized_Group_12_83
55
728 376 170 237 0.861
808 223 60 71 0.818
301 240 33 46 0.798
145 283 28 37 0.759
400 244 32 40 0.748
29 322 23 27 0.727
110 237 24 32 0.668
906 243 19 26 0.667
0 343 16 35 0.662
91 280 28 34 0.654
732 224 16 19 0.649
960 192 15 20 0.649
556 270 36 34 0.647
39 257 22 26 0.646
998 191 17 22 0.639
957 245 15 18 0.631
9 261 19 24 0.601
917 205 14 15 0.564
209 270 20 25 0.510
63 264 15 19 0.437
1003 239 14 17 0.412
183 254 20 26 0.412
1000 242 13 17 0.364
200 291 20 32 0.361
15 294 18 26 0.354
141 260 20 24 0.344
996 245 12 18 0.220
760 253 27 46 0.203
760 210 12 17 0.095
205 300 20 33 0.091
190 251 18 23 0.077
127 250 20 26 0.072
149 256 19 24 0.058
751 261 26 38 0.043
929 197 9 10 0.038
196 250 16 22 0.035
761 225 18 35 0.031
897 211 13 17 0.030
722 222 11 16 0.030
194 285 19 25 0.029
765 210 12 15 0.028
66 261 15 19 0.026
704 259 26 34 0.025
912 207 14 16 0.023
992 246 12 17 0.019
200 247 15 19 0.018
872 184 11 14 0.018
718 223 10 14 0.016
774 252 20 40 0.013
949 236 13 18 0.012
759 209 20 26 0.012
715 222 10 13 0.011
764 259 20 30 0.010
968 284 16 22 0.010
217 235 13 15 0.010
