12_Group_Large_Group_12_Group_Large_Group_12_213
52
485 346 26 33 0.744
850 266 17 23 0.716
293 286 14 16 0.704
837 350 29 28 0.702
246 302 16 23 0.700
762 305 15 17 0.686
166 411 39 30 0.669
698 311 15 18 0.664
470 297 18 21 0.660
669 278 11 15 0.657
584 284 14 15 0.636
279 316 21 23 0.621
739 276 11 14 0.621
350 360 29 31 0.602
403 290 14 16 0.596
0 383 20 38 0.586
720 379 27 23 0.521
944 317 25 22 0.520
585 320 15 16 0.388
886 280 12 16 0.317
426 317 17 19 0.223
550 306 9 12 0.176
764 288 9 11 0.162
478 299 14 17 0.149
554 305 9 12 0.072
761 301 11 15 0.061
511 333 18 24 0.043
785 298 7 8 0.039
582 322 13 15 0.036
651 280 7 10 0.033
369 351 22 31 0.032
424 314 14 17 0.031
432 314 14 18 0.031
358 354 25 33 0.031
545 305 9 11 0.030
952 314 18 20 0.029
490 299 9 11 0.028
411 295 13 16 0.025
414 292 11 15 0.024
654 278 9 12 0.022
380 349 18 26 0.021
255 423 17 17 0.020
890 288 13 20 0.018
591 282 11 14 0.018
451 293 11 14 0.016
504 331 17 23 0.016
518 336 15 21 0.016
404 287 18 22 0.013
510 332 14 19 0.013
270 319 17 19 0.011
675 279 11 13 0.011
860 265 15 19 0.010
