12_Group_Large_Group_12_Group_Large_Group_12_315
151
600 302 27 31 0.849
580 405 32 45 0.831
693 411 35 41 0.830
794 258 28 34 0.819
808 387 37 47 0.814
754 267 32 38 0.814
258 410 24 31 0.807
480 330 21 27 0.801
535 331 23 28 0.799
335 381 22 28 0.793
182 409 24 29 0.793
117 424 26 31 0.792
927 409 20 25 0.791
429 347 21 25 0.790
682 274 27 35 0.788
229 333 21 26 0.783
293 358 21 26 0.783
505 314 20 26 0.780
648 304 30 36 0.778
119 345 22 26 0.774
884 418 20 25 0.768
266 337 19 24 0.764
157 341 21 26 0.763
949 449 22 27 0.763
406 296 17 21 0.757
371 319 19 24 0.757
192 316 19 22 0.754
500 271 17 20 0.750
312 278 16 20 0.750
187 341 20 26 0.750
489 304 17 20 0.750
882 392 20 25 0.749
954 385 17 20 0.745
386 288 16 20 0.745
898 351 17 21 0.745
287 315 17 21 0.744
537 253 14 18 0.743
863 411 20 25 0.737
382 269 14 17 0.732
453 282 16 19 0.727
347 308 19 22 0.726
436 225 14 16 0.725
320 322 18 22 0.724
447 329 19 23 0.722
397 257 14 17 0.721
495 380 30 36 0.720
429 314 18 20 0.720
368 359 25 30 0.719
321 350 19 22 0.712
414 266 15 18 0.711
354 278 16 21 0.710
475 260 16 20 0.707
390 313 16 22 0.706
420 240 14 17 0.702
445 260 14 17 0.697
481 219 13 17 0.688
133 328 19 21 0.683
210 339 18 24 0.683
496 242 13 16 0.672
554 236 15 18 0.662
571 237 13 19 0.660
456 214 12 15 0.649
526 233 14 17 0.647
457 233 13 15 0.639
498 213 11 14 0.638
580 219 13 16 0.637
476 242 13 15 0.630
566 200 10 12 0.628
658 183 12 14 0.610
519 209 12 14 0.605
507 229 12 15 0.590
554 212 12 13 0.590
657 162 8 11 0.585
535 210 11 13 0.573
753 131 9 11 0.572
609 203 11 14 0.567
723 135 9 11 0.567
707 144 10 12 0.548
613 217 11 14 0.546
772 138 9 11 0.541
665 144 9 11 0.540
611 184 10 13 0.530
595 188 9 12 0.529
695 142 9 11 0.529
679 147 9 12 0.508
612 167 9 11 0.505
729 148 9 11 0.480
840 60 10 12 0.467
693 172 9 13 0.467
798 136 9 11 0.467
811 129 9 11 0.463
680 163 10 12 0.392
565 238 15 18 0.389
669 166 10 11 0.388
827 126 10 11 0.374
597 215 11 14 0.352
839 62 9 13 0.294
570 199 10 12 0.271
833 77 9 11 0.265
695 170 10 12 0.264
830 123 10 12 0.237
975 433 16 21 0.228
824 126 10 12 0.201
574 197 10 12 0.195
800 135 10 11 0.190
517 210 11 16 0.176
199 338 22 25 0.159
693 195 10 12 0.155
599 193 10 13 0.151
612 163 8 11 0.128
664 163 10 12 0.118
564 200 9 11 0.112
654 160 9 12 0.106
582 205 12 13 0.100
837 114 10 11 0.086
778 158 9 10 0.085
718 191 9 11 0.084
573 233 14 17 0.067
792 153 9 10 0.063
577 213 12 16 0.054
663 185 11 13 0.051
911 396 15 20 0.050
500 226 14 17 0.049
749 136 9 11 0.047
676 152 10 13 0.045
653 165 9 12 0.045
738 170 9 11 0.038
691 177 10 12 0.037
750 129 10 12 0.033
444 325 18 22 0.031
710 167 9 11 0.028
743 147 9 11 0.027
742 172 9 10 0.026
835 98 8 12 0.025
834 91 9 12 0.023
725 169 10 13 0.023
687 159 9 12 0.020
608 254 15 19 0.020
773 159 10 11 0.019
444 281 14 18 0.018
904 400 17 20 0.017
839 111 9 11 0.017
249 333 15 19 0.017
663 146 8 11 0.016
846 419 16 20 0.016
707 141 9 11 0.015
836 93 9 12 0.014
678 197 10 13 0.014
452 257 12 18 0.014
832 141 9 10 0.013
118 324 16 18 0.012
