12_Group_Group_12_Group_Group_12_268
29
343 354 42 55 0.845
458 325 37 48 0.843
708 383 38 45 0.840
444 216 36 44 0.836
246 348 37 45 0.830
486 190 35 45 0.828
702 190 34 43 0.828
219 209 35 40 0.828
587 363 37 47 0.823
369 207 34 42 0.823
726 261 36 44 0.819
810 393 41 49 0.819
625 217 36 47 0.818
915 318 36 47 0.818
757 210 34 44 0.813
853 228 35 43 0.812
896 208 36 50 0.810
151 261 31 39 0.806
105 244 36 45 0.804
156 346 40 50 0.800
571 220 34 46 0.790
305 243 30 35 0.789
808 223 30 39 0.769
240 91 23 26 0.733
604 197 33 42 0.698
747 218 36 47 0.280
840 227 34 43 0.198
425 163 28 33 0.045
1001 403 23 48 0.033
