12_Group_Large_Group_12_Group_Large_Group_12_286
54
803 230 67 97 0.848
88 157 45 65 0.815
285 156 42 56 0.794
1004 264 19 26 0.775
1 194 28 37 0.770
492 240 29 37 0.754
417 257 46 83 0.717
970 255 18 21 0.714
724 247 18 24 0.691
596 246 24 33 0.672
919 260 14 19 0.650
269 222 29 59 0.560
747 239 48 62 0.545
488 215 19 24 0.508
403 216 23 27 0.446
572 255 14 17 0.441
903 256 13 19 0.285
276 172 39 66 0.278
323 194 13 17 0.230
612 271 37 49 0.187
159 210 19 22 0.152
140 198 28 34 0.136
406 734 41 34 0.125
722 242 26 35 0.091
567 257 14 18 0.069
320 187 17 26 0.062
896 256 18 24 0.060
610 272 27 40 0.058
645 219 11 15 0.057
540 264 9 12 0.053
150 203 21 25 0.050
903 261 15 20 0.045
944 250 6 8 0.040
131 204 34 38 0.040
481 215 16 22 0.034
147 210 30 35 0.030
993 252 12 18 0.029
107 179 31 44 0.028
141 192 20 25 0.027
617 276 48 58 0.027
711 248 9 13 0.025
907 255 9 13 0.022
947 250 6 8 0.020
167 212 15 20 0.019
750 243 30 39 0.019
570 261 15 18 0.019
474 211 14 18 0.016
717 248 14 19 0.015
329 231 31 45 0.013
129 200 25 31 0.013
649 218 11 15 0.012
744 282 32 41 0.011
537 266 11 14 0.010
954 262 8 11 0.010
