12_Group_Group_12_Group_Group_12_519
103
568 198 37 48 0.835
449 207 40 51 0.834
823 203 31 40 0.821
713 222 35 47 0.820
903 207 28 36 0.810
824 94 12 14 0.318
1002 62 10 13 0.292
759 72 12 14 0.206
721 79 12 14 0.197
746 99 12 15 0.190
927 37 12 14 0.188
524 187 27 35 0.181
708 48 12 15 0.159
998 102 12 14 0.151
965 56 13 17 0.149
918 72 12 16 0.136
747 45 14 16 0.122
800 66 12 14 0.115
823 41 12 13 0.108
772 28 12 15 0.100
980 37 11 15 0.100
801 177 25 32 0.097
779 54 12 15 0.077
893 16 10 12 0.074
857 41 12 15 0.071
737 88 12 15 0.067
703 100 13 16 0.067
685 123 15 17 0.064
801 129 14 19 0.055
467 23 15 18 0.054
998 61 11 14 0.052
484 75 15 19 0.048
247 93 15 18 0.046
935 56 14 17 0.042
689 41 14 19 0.034
498 23 17 22 0.033
792 114 14 18 0.032
722 137 22 26 0.031
619 100 11 13 0.031
788 112 14 18 0.030
687 29 14 20 0.028
930 20 11 13 0.028
712 49 12 15 0.026
856 85 13 16 0.025
802 66 13 17 0.025
776 45 12 17 0.025
590 94 10 13 0.025
863 1 13 14 0.024
741 97 13 18 0.022
427 191 25 32 0.022
938 3 11 13 0.022
718 139 17 22 0.021
805 139 15 20 0.021
1014 80 10 15 0.020
861 47 12 14 0.020
843 82 11 15 0.020
586 162 20 26 0.020
667 8 13 16 0.019
790 229 26 33 0.019
742 3 13 15 0.019
885 71 12 15 0.019
464 182 21 22 0.018
527 193 31 40 0.018
886 47 11 15 0.018
991 17 11 13 0.017
883 37 11 15 0.017
900 88 11 14 0.017
833 62 14 18 0.017
307 85 21 29 0.017
848 85 11 14 0.017
902 60 13 15 0.017
887 66 12 16 0.016
804 14 13 16 0.016
610 109 57 77 0.015
647 122 12 15 0.015
802 79 17 21 0.015
588 97 9 16 0.015
276 72 16 21 0.014
878 27 11 13 0.014
405 277 25 49 0.014
952 85 11 14 0.014
728 29 12 14 0.014
795 134 17 23 0.014
954 31 12 14 0.014
631 128 27 38 0.013
603 135 14 16 0.013
806 170 22 29 0.013
1001 29 12 15 0.013
687 0 17 18 0.013
619 132 33 43 0.013
430 17 14 19 0.012
534 187 32 41 0.012
434 63 14 18 0.012
909 54 11 14 0.012
686 190 19 24 0.012
946 108 11 16 0.012
927 17 11 14 0.011
978 88 12 14 0.011
963 63 13 18 0.011
594 145 19 22 0.011
721 187 22 28 0.011
532 181 26 36 0.011
662 148 21 30 0.010
