12_Group_Group_12_Group_Group_12_112
40
487 261 38 44 0.833
852 244 35 43 0.832
182 306 38 44 0.830
320 458 35 41 0.829
257 313 36 45 0.828
258 116 38 43 0.828
862 152 33 40 0.826
86 300 34 41 0.822
581 253 34 44 0.821
924 318 34 40 0.821
366 152 33 39 0.820
741 317 36 41 0.819
543 479 36 42 0.819
456 477 37 43 0.817
149 232 33 40 0.814
581 142 31 38 0.812
233 271 37 41 0.810
787 456 36 39 0.810
787 120 32 45 0.809
792 198 36 38 0.805
468 147 34 39 0.804
186 483 36 38 0.802
721 452 35 38 0.800
673 275 33 36 0.799
642 485 33 37 0.796
526 214 35 39 0.796
701 203 33 43 0.789
369 317 35 36 0.789
144 171 34 39 0.788
728 247 33 38 0.788
449 236 32 37 0.774
364 262 32 40 0.774
397 252 31 38 0.752
263 239 35 38 0.707
609 236 33 38 0.703
703 161 33 38 0.690
582 212 30 33 0.690
702 182 33 44 0.267
452 243 35 43 0.133
424 241 36 42 0.078
