12_Group_Large_Group_12_Group_Large_Group_12_849
27
780 340 17 22 0.679
211 219 15 17 0.604
435 303 13 20 0.567
399 324 15 20 0.533
648 355 16 19 0.491
654 356 15 17 0.268
644 356 14 18 0.159
299 327 15 17 0.139
306 325 14 17 0.100
139 258 16 20 0.087
423 340 17 23 0.065
810 353 11 14 0.049
390 325 16 20 0.046
386 325 15 18 0.040
290 328 15 19 0.039
375 375 34 44 0.036
155 149 12 15 0.032
310 323 13 17 0.020
811 348 11 16 0.020
307 368 22 25 0.018
181 262 12 15 0.015
139 151 12 15 0.012
811 343 19 21 0.012
304 365 18 22 0.012
138 228 13 17 0.011
218 218 14 17 0.011
381 328 13 18 0.010
