12_Group_Large_Group_12_Group_Large_Group_12_43
31
223 231 42 49 0.846
566 270 36 46 0.839
100 236 44 48 0.833
896 280 40 43 0.828
743 252 30 34 0.825
186 208 36 41 0.824
385 280 33 41 0.822
778 293 32 36 0.820
452 223 27 35 0.816
341 216 29 36 0.816
474 268 32 38 0.813
704 268 33 40 0.809
815 251 31 33 0.807
684 214 24 31 0.800
616 233 27 35 0.783
648 272 33 42 0.782
547 207 19 24 0.775
488 207 22 26 0.772
405 203 21 26 0.758
545 246 28 35 0.748
641 220 18 23 0.671
332 198 14 19 0.323
327 209 15 20 0.053
462 237 32 42 0.050
306 191 13 16 0.033
300 192 15 18 0.029
296 194 13 17 0.021
862 291 12 16 0.020
314 188 15 17 0.012
632 221 23 29 0.012
292 197 12 17 0.010
