12_Group_Group_12_Group_Group_12_249
36
404 392 48 58 0.850
493 565 72 77 0.843
457 195 44 47 0.831
141 18 72 71 0.796
939 553 35 37 0.795
555 249 45 47 0.793
467 133 37 44 0.793
343 284 54 55 0.792
885 477 31 36 0.777
826 418 33 36 0.776
618 372 50 51 0.767
883 530 33 36 0.766
740 359 31 34 0.763
590 307 42 45 0.758
764 411 27 29 0.743
518 200 43 46 0.735
981 607 39 41 0.702
718 331 28 32 0.664
471 159 44 48 0.119
386 143 31 40 0.115
640 575 33 40 0.035
334 123 34 33 0.034
652 477 25 33 0.033
359 161 37 43 0.032
561 633 49 59 0.025
622 542 30 41 0.024
366 143 36 42 0.024
286 186 38 41 0.021
346 222 33 39 0.019
678 581 36 43 0.016
663 582 39 43 0.015
632 575 29 41 0.013
154 226 44 50 0.013
647 579 38 41 0.011
650 466 41 52 0.011
391 207 34 45 0.010
