12_Group_Large_Group_12_Group_Large_Group_12_228
25
484 397 17 21 0.768
743 407 18 22 0.768
782 410 17 22 0.764
564 404 17 20 0.763
203 409 16 19 0.762
699 414 17 22 0.758
607 412 16 21 0.755
827 406 18 21 0.753
526 408 16 20 0.752
869 420 17 20 0.750
337 411 17 20 0.748
654 418 17 22 0.744
430 414 16 20 0.741
907 413 16 20 0.740
294 406 17 21 0.737
111 410 17 20 0.735
248 410 17 20 0.735
156 414 15 19 0.723
393 412 16 19 0.697
464 502 14 16 0.586
305 475 17 19 0.405
122 273 13 16 0.111
777 95 16 18 0.086
468 500 13 16 0.025
793 94 14 17 0.012
