12_Group_Large_Group_12_Group_Large_Group_12_107
26
298 324 35 43 0.852
469 377 36 43 0.851
188 376 42 55 0.850
644 214 32 38 0.850
717 371 40 48 0.848
758 196 34 46 0.844
161 201 36 46 0.842
433 239 34 41 0.842
591 204 32 44 0.841
386 313 37 47 0.838
233 174 35 46 0.838
838 191 37 47 0.835
302 201 32 40 0.833
636 311 34 45 0.826
510 204 35 42 0.820
466 200 31 36 0.810
411 204 29 36 0.803
346 213 30 39 0.798
617 179 29 34 0.772
550 191 27 39 0.764
545 294 35 46 0.760
79 211 46 56 0.735
699 193 32 41 0.716
914 204 14 16 0.020
1016 232 8 53 0.013
250 90 33 46 0.011
