12_Group_Team_Organized_Group_12_Group_Team_Organized_Group_12_707
34
601 272 40 50 0.849
720 298 37 49 0.849
180 270 39 49 0.848
491 281 33 42 0.834
388 269 32 42 0.832
209 151 36 49 0.831
502 135 33 48 0.823
299 157 33 45 0.822
279 254 34 50 0.818
683 148 37 47 0.814
389 163 35 42 0.796
792 125 41 47 0.790
605 137 31 44 0.790
54 189 7 9 0.107
276 170 5 6 0.045
850 38 5 6 0.034
30 188 6 7 0.033
121 163 6 9 0.033
966 137 8 10 0.033
946 75 8 9 0.028
22 168 6 7 0.025
1003 73 7 7 0.018
848 38 5 6 0.016
799 75 6 7 0.014
608 10 5 6 0.014
787 41 6 6 0.014
60 157 6 8 0.014
729 77 5 7 0.013
626 108 19 32 0.013
30 186 9 12 0.013
970 137 8 9 0.012
117 164 7 8 0.011
454 112 5 7 0.011
805 74 5 6 0.010
