12_Group_Team_Organized_Group_12_Group_Team_Organized_Group_12_583
61
813 295 60 72 0.843
525 278 39 55 0.821
922 247 38 44 0.817
991 155 27 31 0.781
434 215 26 33 0.764
829 226 28 32 0.762
143 44 34 38 0.762
362 75 20 25 0.735
829 175 25 29 0.726
702 143 22 28 0.725
255 225 56 59 0.723
571 221 24 32 0.723
535 137 24 28 0.711
394 177 19 23 0.711
666 194 27 31 0.691
260 64 20 23 0.644
566 73 20 26 0.511
485 59 22 28 0.463
457 236 31 37 0.418
547 225 22 26 0.355
757 141 23 27 0.352
614 154 28 27 0.288
612 125 25 27 0.171
690 289 38 40 0.135
902 146 26 29 0.117
787 209 24 32 0.098
692 322 38 36 0.085
421 87 23 28 0.070
660 68 22 25 0.068
853 199 20 24 0.062
651 137 20 22 0.044
823 36 22 26 0.044
761 132 21 25 0.038
872 162 20 25 0.035
342 175 17 21 0.031
706 151 22 28 0.029
718 166 19 25 0.028
836 165 24 28 0.025
443 273 27 32 0.025
630 255 32 38 0.025
248 234 43 50 0.024
371 6 23 29 0.023
755 288 37 40 0.021
497 2 20 23 0.021
694 244 32 36 0.021
842 137 21 25 0.020
255 53 25 28 0.020
748 280 36 39 0.017
930 177 26 30 0.016
850 193 21 24 0.016
659 290 35 41 0.016
932 200 24 27 0.015
869 168 21 28 0.015
651 255 30 35 0.014
745 274 32 34 0.013
444 283 22 25 0.013
610 116 26 28 0.012
480 53 20 25 0.011
822 129 15 18 0.011
933 186 28 32 0.011
750 217 28 33 0.010
