12_Group_Large_Group_12_Group_Large_Group_12_86
138
461 352 13 23 0.528
620 393 9 12 0.524
824 395 9 11 0.475
572 459 9 11 0.473
701 436 10 12 0.472
872 400 8 10 0.464
577 390 8 10 0.422
674 396 8 10 0.409
702 395 9 11 0.361
964 407 9 11 0.357
914 393 7 9 0.336
47 359 9 12 0.327
902 407 10 12 0.322
749 398 8 10 0.319
599 392 7 10 0.315
769 397 7 8 0.286
404 377 6 8 0.276
718 400 8 11 0.228
960 394 8 10 0.220
690 436 9 11 0.220
962 404 9 11 0.213
504 408 10 13 0.205
305 390 6 8 0.204
779 397 7 9 0.202
920 406 8 11 0.189
983 407 8 10 0.188
596 391 8 10 0.182
705 396 9 11 0.178
766 396 8 9 0.171
213 379 6 7 0.156
275 387 7 7 0.155
874 401 10 11 0.151
167 375 5 6 0.149
800 400 8 9 0.139
165 374 6 7 0.139
336 370 12 18 0.138
856 395 8 9 0.126
303 391 6 8 0.123
941 394 8 9 0.113
730 397 7 9 0.113
385 380 6 6 0.107
654 394 7 8 0.107
739 414 8 10 0.105
865 400 8 10 0.097
961 408 9 11 0.094
911 408 9 11 0.092
558 396 6 7 0.089
985 404 8 10 0.084
338 374 13 17 0.084
908 400 10 11 0.084
686 436 8 11 0.082
272 385 8 9 0.081
932 407 7 10 0.078
861 396 8 10 0.075
630 393 8 9 0.074
858 393 7 8 0.072
678 394 8 9 0.069
240 383 7 7 0.069
570 456 9 12 0.064
655 396 7 10 0.063
277 361 5 7 0.059
180 377 5 6 0.059
693 393 7 9 0.058
238 381 6 8 0.055
843 403 7 9 0.054
233 378 5 7 0.054
248 387 6 7 0.053
511 404 10 14 0.052
978 404 9 10 0.051
674 393 7 10 0.051
640 393 8 9 0.049
126 385 5 7 0.049
547 410 6 8 0.049
800 403 7 9 0.048
699 439 10 12 0.048
256 389 6 7 0.046
607 393 9 10 0.046
268 386 7 8 0.046
128 385 5 6 0.044
628 395 8 10 0.043
666 393 9 11 0.042
574 457 9 11 0.042
557 393 6 8 0.038
933 412 7 10 0.035
148 377 5 7 0.033
305 389 8 11 0.033
278 389 6 7 0.033
949 380 7 8 0.031
545 410 7 9 0.030
977 409 8 10 0.030
168 374 8 9 0.028
307 386 9 11 0.028
218 377 6 7 0.027
1009 392 7 10 0.027
157 367 5 6 0.027
237 384 6 7 0.026
698 396 8 9 0.026
244 381 5 7 0.025
56 394 10 13 0.024
516 405 9 10 0.024
553 401 8 10 0.023
464 402 12 15 0.022
275 363 8 9 0.022
509 408 10 13 0.022
832 416 7 8 0.021
442 377 6 9 0.021
335 363 11 17 0.021
732 393 6 9 0.021
981 405 12 14 0.020
158 375 6 7 0.020
581 459 7 10 0.019
499 409 10 13 0.019
913 392 11 14 0.019
510 398 9 12 0.018
567 392 6 8 0.018
53 375 10 13 0.017
1016 404 7 10 0.017
342 366 12 17 0.016
921 392 8 10 0.016
465 358 13 20 0.015
279 361 5 7 0.014
211 378 8 9 0.014
66 369 9 11 0.014
531 391 6 7 0.014
333 369 9 12 0.014
759 394 7 8 0.013
70 370 7 10 0.013
235 379 9 10 0.013
541 390 6 7 0.013
220 367 5 6 0.013
536 392 7 7 0.012
800 416 8 10 0.012
838 385 7 7 0.011
601 396 7 9 0.011
13 370 6 9 0.011
750 394 7 9 0.011
210 367 5 5 0.011
698 421 8 12 0.011
