12_Group_Team_Organized_Group_12_Group_Team_Organized_Group_12_685
137
648 981 64 74 0.834
405 160 63 79 0.814
425 986 60 62 0.762
537 987 48 65 0.758
855 858 26 33 0.713
646 774 27 32 0.699
729 758 25 31 0.696
604 718 25 30 0.695
327 758 25 32 0.683
756 864 28 31 0.682
166 763 26 31 0.678
643 871 25 29 0.676
802 769 25 31 0.668
681 717 23 31 0.656
91 631 25 31 0.652
754 713 24 29 0.650
306 859 26 31 0.646
625 657 22 27 0.642
278 640 25 29 0.639
28 638 22 29 0.639
78 753 24 31 0.639
706 663 22 28 0.637
360 644 23 29 0.632
565 765 26 33 0.626
566 651 23 29 0.614
538 716 24 27 0.607
484 652 23 28 0.596
659 606 21 27 0.595
945 614 25 29 0.587
962 565 22 27 0.560
493 862 25 32 0.552
591 606 22 28 0.551
193 596 22 27 0.503
519 607 20 26 0.450
1005 675 19 30 0.386
395 761 24 30 0.377
426 614 24 30 0.319
904 567 21 27 0.301
583 841 24 28 0.273
853 757 26 33 0.245
152 485 20 24 0.220
938 765 27 29 0.213
47 739 22 28 0.195
577 712 26 30 0.193
133 525 17 20 0.189
359 721 22 29 0.164
555 890 29 32 0.159
1007 556 17 27 0.157
435 902 33 44 0.155
188 490 18 22 0.107
912 575 20 27 0.106
930 661 22 26 0.099
271 1008 38 57 0.097
239 750 22 28 0.095
91 523 17 21 0.091
306 601 20 24 0.090
559 876 26 32 0.085
170 1031 64 64 0.085
156 1043 64 60 0.065
165 476 20 24 0.064
180 487 20 23 0.064
927 584 18 21 0.063
643 704 18 24 0.062
408 625 27 30 0.062
491 651 22 28 0.059
16 750 19 25 0.056
656 701 21 27 0.055
745 868 25 28 0.054
464 624 19 25 0.050
36 740 21 27 0.047
1006 871 16 30 0.046
115 829 21 27 0.046
432 783 23 31 0.043
519 815 24 29 0.042
713 669 21 26 0.042
208 677 24 30 0.040
1007 891 16 34 0.040
443 809 26 33 0.039
424 776 25 31 0.039
439 797 24 29 0.036
434 613 25 30 0.033
66 614 17 21 0.032
753 646 22 28 0.032
780 897 22 27 0.032
434 792 24 30 0.031
104 733 21 28 0.030
128 746 22 29 0.029
954 834 28 35 0.026
881 560 22 26 0.026
105 584 17 24 0.026
760 652 22 26 0.025
474 757 22 28 0.024
733 867 22 29 0.024
872 553 23 26 0.024
603 888 24 28 0.023
1000 866 19 29 0.023
487 681 22 26 0.022
946 876 31 36 0.022
883 580 20 26 0.022
118 741 24 30 0.022
1010 550 17 28 0.021
243 1043 59 77 0.020
144 485 19 24 0.019
8 596 16 23 0.018
171 486 19 25 0.018
585 832 24 30 0.017
1006 520 14 23 0.017
389 766 25 32 0.017
155 1063 52 49 0.017
127 702 22 27 0.016
454 825 29 36 0.016
206 461 18 22 0.016
449 802 23 30 0.015
89 810 21 23 0.015
661 697 21 27 0.015
896 805 28 32 0.015
3 594 16 23 0.014
444 834 27 34 0.014
107 831 22 30 0.014
203 504 17 21 0.012
631 745 19 25 0.012
324 681 22 28 0.012
350 847 23 30 0.012
510 604 22 28 0.012
1001 632 19 28 0.012
443 683 19 30 0.012
197 488 17 23 0.011
632 877 23 28 0.011
744 707 23 28 0.011
74 812 21 23 0.011
1008 452 11 21 0.011
216 603 21 27 0.011
514 767 20 25 0.011
1001 877 24 37 0.011
426 1042 57 56 0.010
883 609 23 28 0.010
136 521 21 27 0.010
