12_Group_Large_Group_12_Group_Large_Group_12_662
34
808 296 43 46 0.670
231 230 14 20 0.605
397 209 23 30 0.576
442 275 22 22 0.511
22 200 24 40 0.244
120 252 5 6 0.243
447 397 14 25 0.188
265 222 16 21 0.177
59 220 17 32 0.149
403 215 23 29 0.126
435 275 20 22 0.121
118 251 5 7 0.111
555 294 22 25 0.094
392 209 20 26 0.063
62 218 13 23 0.054
329 282 13 16 0.048
357 242 16 23 0.048
54 227 18 32 0.039
549 299 21 23 0.032
563 297 18 21 0.024
167 257 5 5 0.023
1005 203 19 32 0.022
170 257 5 6 0.021
12 197 27 41 0.021
448 277 22 22 0.019
51 235 16 24 0.017
431 272 17 22 0.014
169 258 4 5 0.013
410 224 18 23 0.013
258 226 16 20 0.012
67 226 9 16 0.012
320 190 20 27 0.011
324 245 13 18 0.011
324 237 15 21 0.011
