12_Group_Team_Organized_Group_12_Group_Team_Organized_Group_12_101
63
910 509 20 25 0.629
850 509 22 28 0.489
690 509 24 32 0.452
792 523 21 24 0.425
740 513 23 29 0.350
596 446 23 26 0.235
693 480 25 28 0.225
598 513 24 29 0.206
529 544 15 19 0.168
841 512 21 26 0.113
578 500 22 27 0.112
760 528 19 24 0.106
597 544 18 20 0.098
695 494 25 32 0.095
601 534 20 25 0.094
610 518 20 26 0.087
832 517 21 25 0.076
258 366 60 77 0.062
495 455 18 21 0.059
639 485 21 25 0.057
879 436 23 26 0.051
858 512 21 27 0.038
748 489 18 22 0.037
686 519 21 26 0.036
670 536 18 21 0.034
1004 494 14 23 0.027
968 487 16 24 0.027
524 515 16 20 0.027
144 371 68 95 0.027
676 573 20 23 0.024
525 508 17 20 0.024
807 552 21 24 0.024
665 436 25 28 0.022
254 313 50 40 0.021
953 520 16 20 0.021
725 423 28 30 0.020
668 547 18 24 0.020
673 527 20 25 0.020
530 552 14 17 0.017
265 364 47 51 0.017
253 385 57 81 0.017
528 568 15 21 0.017
702 518 21 27 0.016
999 504 16 22 0.016
671 557 20 25 0.016
843 470 16 19 0.016
477 564 14 19 0.016
774 399 29 35 0.016
428 454 20 27 0.015
1005 482 16 22 0.015
157 947 54 70 0.014
752 495 16 20 0.014
723 522 20 24 0.014
528 574 17 24 0.014
661 444 23 24 0.013
928 493 16 20 0.013
927 510 18 24 0.013
974 492 19 24 0.012
952 451 17 22 0.012
730 415 25 31 0.012
819 526 18 23 0.012
961 518 16 20 0.011
883 424 30 34 0.011
