12_Group_Large_Group_12_Group_Large_Group_12_103
34
311 189 42 53 0.839
915 294 52 62 0.832
500 189 40 48 0.819
490 319 75 102 0.786
509 127 20 25 0.785
822 165 23 32 0.782
774 190 31 40 0.775
405 203 26 40 0.771
108 150 40 49 0.770
637 141 28 31 0.762
739 130 22 29 0.760
533 173 27 34 0.755
362 135 19 23 0.708
399 149 22 27 0.706
296 160 21 30 0.677
646 222 30 59 0.664
921 178 18 33 0.650
319 123 18 26 0.649
667 130 19 24 0.607
2 207 28 69 0.378
447 146 14 23 0.374
197 493 98 91 0.361
525 178 34 42 0.194
251 455 73 111 0.150
159 171 31 39 0.141
267 433 68 111 0.078
825 363 42 58 0.069
284 253 24 59 0.048
12 222 25 64 0.047
699 186 25 30 0.037
0 202 20 59 0.027
442 143 16 22 0.012
335 157 15 19 0.012
621 147 11 15 0.010
