12_Group_Group_12_Group_Group_12_179
26
786 253 54 70 0.871
492 204 56 70 0.861
636 247 55 66 0.856
893 246 56 68 0.856
308 195 47 59 0.854
228 233 52 69 0.852
355 233 47 61 0.851
448 140 47 60 0.846
269 159 39 48 0.838
88 221 59 68 0.835
723 200 51 61 0.832
145 202 47 53 0.795
999 286 10 13 0.627
981 247 11 13 0.608
978 287 10 11 0.564
1004 247 10 12 0.537
1000 327 11 14 0.385
978 324 10 12 0.285
328 208 51 63 0.253
452 148 56 70 0.084
956 272 9 12 0.062
955 274 8 13 0.040
1018 371 6 13 0.028
951 281 8 12 0.024
962 273 8 13 0.012
1003 286 8 10 0.011
