12_Group_Group_12_Group_Group_12_935
581
942 420 23 31 0.792
807 662 21 27 0.780
242 661 21 28 0.775
52 190 20 26 0.775
904 557 21 29 0.774
944 685 21 24 0.773
412 349 20 25 0.772
861 486 19 25 0.772
940 373 23 28 0.771
216 61 19 25 0.768
22 455 21 24 0.768
500 63 20 24 0.767
552 667 21 24 0.767
412 165 19 23 0.765
543 488 21 24 0.765
300 154 18 23 0.765
112 183 20 25 0.764
411 523 21 24 0.764
561 421 21 25 0.764
782 561 21 25 0.763
831 605 20 24 0.762
950 611 19 26 0.762
427 114 19 24 0.762
854 21 18 24 0.762
251 630 20 25 0.760
532 525 20 27 0.760
821 91 21 26 0.760
655 115 19 24 0.760
648 560 22 27 0.760
756 176 20 25 0.759
752 663 22 29 0.759
65 154 20 26 0.759
98 354 21 27 0.758
580 606 21 25 0.758
435 490 20 26 0.757
702 388 20 26 0.757
174 665 21 24 0.756
19 561 20 27 0.756
961 563 22 27 0.756
617 218 21 26 0.756
21 603 21 29 0.755
719 348 19 24 0.755
205 601 20 26 0.755
891 318 22 26 0.754
513 183 22 26 0.754
574 391 22 26 0.754
144 598 21 27 0.754
738 453 20 25 0.754
304 283 20 26 0.752
112 670 21 25 0.752
762 419 22 28 0.752
357 278 18 23 0.752
430 289 19 23 0.751
599 528 22 27 0.750
784 285 20 24 0.749
889 662 21 29 0.749
405 558 20 28 0.749
135 278 20 26 0.749
848 221 20 23 0.748
442 406 21 25 0.748
975 524 21 26 0.748
38 351 19 24 0.748
280 562 20 25 0.747
759 377 23 27 0.747
356 350 21 27 0.747
988 194 20 23 0.746
74 600 20 26 0.746
512 627 20 26 0.746
113 533 19 25 0.746
464 561 21 26 0.746
122 629 21 27 0.745
869 460 21 26 0.745
363 116 20 27 0.745
242 451 20 24 0.745
607 91 18 21 0.744
793 490 19 23 0.744
0 634 19 27 0.744
635 190 20 25 0.744
681 5 20 23 0.744
357 150 20 26 0.743
285 346 21 26 0.743
62 636 21 27 0.742
689 185 19 24 0.742
742 -3 19 21 0.742
1 46 16 25 0.742
718 129 19 24 0.742
226 346 21 25 0.742
771 603 20 24 0.742
686 452 21 26 0.742
772 126 19 26 0.741
263 410 21 27 0.741
587 562 21 25 0.741
1000 675 20 26 0.741
894 634 21 26 0.741
912 24 19 23 0.741
364 0 18 23 0.741
719 30 18 23 0.740
156 350 21 25 0.740
951 317 21 25 0.739
596 348 20 25 0.739
614 285 19 24 0.738
280 385 20 25 0.738
168 535 19 25 0.738
695 593 23 29 0.738
533 121 21 25 0.738
881 115 20 25 0.737
298 190 18 24 0.737
831 383 20 25 0.737
614 254 20 22 0.736
49 524 21 24 0.736
149 388 22 24 0.736
902 60 20 26 0.735
69 317 20 28 0.735
549 90 19 24 0.735
765 639 20 25 0.735
218 568 19 24 0.735
553 255 21 26 0.734
33 88 18 24 0.733
846 527 20 26 0.733
614 457 21 26 0.732
649 158 18 22 0.732
898 361 21 27 0.732
719 557 21 26 0.732
341 381 21 27 0.731
398 379 21 28 0.731
507 455 20 28 0.731
977 491 22 25 0.731
556 285 20 26 0.730
830 351 21 25 0.730
39 267 20 24 0.730
235 318 19 24 0.730
276 597 19 24 0.730
1005 461 19 30 0.729
742 257 19 24 0.729
328 59 17 23 0.729
218 381 21 28 0.728
84 571 20 25 0.728
571 219 17 23 0.728
442 645 21 25 0.727
152 563 21 27 0.727
688 217 20 25 0.726
511 423 21 24 0.726
295 491 20 26 0.726
685 669 18 23 0.726
789 25 19 23 0.725
222 158 18 23 0.724
613 491 23 29 0.724
590 158 20 25 0.724
483 113 20 24 0.724
945 112 19 23 0.723
221 523 22 27 0.723
1003 88 18 24 0.722
177 314 21 26 0.722
655 310 20 26 0.721
374 654 23 30 0.721
1007 119 18 26 0.721
231 194 20 26 0.721
456 0 19 26 0.721
543 319 20 25 0.721
804 -1 19 20 0.720
36 216 19 24 0.720
263 251 18 21 0.720
204 288 19 24 0.720
620 425 21 26 0.719
296 320 19 21 0.719
367 90 20 23 0.718
809 454 21 27 0.718
668 354 19 25 0.718
0 485 15 26 0.718
535 353 20 26 0.718
462 529 22 26 0.718
726 509 21 27 0.718
122 152 21 27 0.717
145 81 19 27 0.717
52 674 23 27 0.717
305 125 20 22 0.716
246 132 17 20 0.716
319 423 19 24 0.715
457 189 21 25 0.715
523 390 20 25 0.715
9 158 19 25 0.715
192 636 20 26 0.715
772 321 19 23 0.714
631 377 23 28 0.714
631 604 22 26 0.714
357 322 20 22 0.714
340 560 19 25 0.714
925 243 19 25 0.713
262 109 18 23 0.713
379 418 20 26 0.713
625 663 21 27 0.713
799 228 19 23 0.712
695 148 19 24 0.711
393 58 22 27 0.711
959 63 18 22 0.711
828 639 21 25 0.711
960 350 21 24 0.710
568 642 19 23 0.710
705 285 21 24 0.709
234 487 20 24 0.708
356 190 19 23 0.708
987 245 21 25 0.707
382 610 21 23 0.707
920 215 20 24 0.707
662 537 20 23 0.706
469 158 20 25 0.706
676 489 22 28 0.705
431 454 21 24 0.704
17 106 21 27 0.704
895 609 20 24 0.704
524 609 20 23 0.703
206 92 18 23 0.703
553 64 19 23 0.703
475 319 20 22 0.702
56 32 19 22 0.701
115 315 19 23 0.701
912 530 20 25 0.701
874 424 22 27 0.700
442 58 18 25 0.698
949 91 18 23 0.697
736 232 18 23 0.696
863 -4 19 18 0.696
596 314 19 25 0.695
462 383 20 28 0.695
77 490 18 23 0.695
817 428 21 27 0.694
777 348 18 23 0.693
419 95 20 23 0.692
628 2 18 22 0.692
361 483 20 25 0.692
284 29 20 24 0.690
92 85 20 25 0.690
979 150 17 24 0.689
662 60 18 24 0.689
1011 386 13 28 0.688
631 638 20 26 0.688
490 288 21 24 0.688
400 19 19 25 0.686
488 259 20 25 0.686
668 89 18 24 0.686
938 466 22 28 0.684
387 639 20 26 0.684
326 620 21 26 0.683
123 14 19 26 0.683
935 147 20 23 0.681
972 291 21 26 0.680
613 62 20 25 0.678
967 30 18 23 0.677
136 118 21 24 0.673
689 425 21 23 0.673
215 0 16 20 0.672
44 425 18 24 0.671
304 92 19 22 0.669
532 164 20 24 0.669
975 224 19 22 0.666
834 316 20 25 0.666
77 290 19 24 0.665
433 591 22 27 0.665
476 346 21 27 0.664
569 199 19 23 0.663
316 536 21 25 0.662
890 86 18 25 0.661
747 492 20 25 0.661
190 -2 18 18 0.660
697 645 21 22 0.660
39 391 21 25 0.657
781 528 21 24 0.657
8 -3 18 17 0.656
115 483 17 25 0.651
563 463 19 23 0.648
182 172 19 25 0.648
845 555 21 26 0.648
925 -3 19 20 0.646
595 134 17 21 0.645
338 22 21 28 0.644
902 290 20 23 0.643
326 597 19 24 0.640
23 291 19 23 0.636
499 493 20 24 0.635
437 256 18 22 0.618
509 -2 22 22 0.613
819 179 20 25 0.607
421 328 18 22 0.599
823 66 18 22 0.598
0 185 9 24 0.598
372 453 19 25 0.596
134 -3 17 15 0.594
294 -3 17 14 0.593
0 22 11 21 0.589
63 -3 17 17 0.588
486 94 18 21 0.564
306 668 21 24 0.559
918 499 22 26 0.557
0 667 11 27 0.554
525 568 22 25 0.551
323 252 17 20 0.534
459 51 18 22 0.534
385 199 21 25 0.523
1017 322 7 26 0.485
403 131 18 20 0.483
837 284 20 23 0.469
167 21 16 19 0.469
508 659 19 24 0.424
797 260 19 22 0.419
0 316 9 26 0.416
211 26 18 21 0.408
449 53 20 24 0.360
189 441 19 22 0.342
241 528 19 23 0.336
141 508 17 21 0.335
348 553 18 24 0.326
542 11 18 24 0.323
543 -4 17 12 0.315
316 455 19 23 0.310
167 184 16 21 0.299
761 428 22 28 0.299
1017 46 7 25 0.298
715 136 19 25 0.294
518 618 20 26 0.288
304 472 17 20 0.284
463 631 19 24 0.248
426 102 19 24 0.236
1016 0 8 21 0.236
955 73 18 23 0.229
409 170 19 25 0.227
622 210 20 28 0.227
560 569 18 23 0.219
201 27 15 18 0.215
664 67 17 26 0.215
262 5 19 20 0.214
382 643 22 30 0.211
583 567 22 28 0.206
882 190 17 23 0.205
311 460 19 23 0.193
983 236 19 25 0.188
820 170 19 24 0.184
971 3 16 19 0.183
507 137 17 22 0.183
162 0 14 14 0.172
1014 623 10 28 0.171
402 199 17 23 0.170
200 167 19 24 0.168
876 411 20 25 0.155
229 700 21 11 0.153
594 121 18 21 0.151
905 129 16 19 0.147
782 86 14 18 0.146
110 507 19 27 0.144
91 -3 15 13 0.141
997 62 16 21 0.134
516 570 21 25 0.133
186 432 18 22 0.133
127 81 16 20 0.129
126 8 19 25 0.129
257 85 16 18 0.126
640 380 18 22 0.123
578 694 21 17 0.121
436 206 17 23 0.116
1017 7 7 22 0.112
458 623 17 22 0.109
211 36 19 22 0.107
66 114 17 22 0.106
0 562 7 22 0.106
69 -3 16 16 0.103
391 321 16 20 0.099
447 641 20 26 0.098
689 661 19 23 0.094
832 158 19 23 0.093
474 72 15 19 0.089
537 322 19 24 0.088
169 119 16 21 0.087
478 699 20 12 0.084
820 160 19 20 0.084
665 305 19 24 0.080
146 6 17 19 0.078
99 -3 13 14 0.076
333 482 16 21 0.076
1014 276 9 24 0.074
14 228 17 20 0.070
896 295 20 25 0.068
510 147 18 23 0.067
416 334 18 22 0.065
303 464 18 23 0.065
824 81 19 24 0.063
2 185 12 22 0.063
215 51 19 24 0.061
490 8 16 21 0.060
358 596 17 23 0.058
979 246 20 25 0.057
513 664 17 22 0.057
677 256 18 23 0.054
444 615 17 20 0.053
185 447 20 24 0.053
20 -4 16 15 0.050
825 173 21 26 0.048
135 507 17 21 0.047
794 257 17 20 0.047
947 -3 14 14 0.047
910 131 16 20 0.047
179 431 20 23 0.047
1015 377 9 27 0.046
951 249 17 21 0.046
832 281 19 23 0.046
802 257 18 21 0.046
1012 56 11 24 0.045
899 214 14 19 0.044
324 146 15 20 0.044
815 150 19 21 0.043
1013 495 9 19 0.043
114 -1 18 17 0.042
165 88 16 24 0.042
1 274 11 21 0.041
970 10 18 22 0.040
649 435 16 23 0.039
98 550 16 21 0.039
655 224 16 21 0.039
511 266 18 22 0.038
0 341 6 24 0.037
224 260 16 19 0.037
901 137 16 21 0.037
869 139 16 19 0.035
899 140 14 21 0.035
176 475 19 24 0.034
1018 368 6 22 0.033
457 330 16 22 0.033
261 91 18 19 0.033
539 17 17 23 0.032
219 499 17 22 0.032
258 106 18 23 0.032
451 626 18 22 0.031
289 81 16 21 0.031
202 135 18 20 0.031
90 35 15 19 0.030
662 476 17 22 0.030
325 488 18 23 0.030
512 394 17 22 0.030
897 287 20 23 0.030
444 490 20 26 0.029
517 43 17 22 0.029
365 246 17 22 0.028
315 529 18 25 0.028
1012 324 10 22 0.028
169 26 17 22 0.028
0 533 8 23 0.027
311 473 18 23 0.027
316 52 15 20 0.026
845 270 19 22 0.026
408 143 18 25 0.026
2 163 10 23 0.026
560 353 17 22 0.026
870 -2 17 14 0.025
1018 33 6 23 0.025
295 460 17 21 0.025
326 8 12 16 0.025
1010 3 13 19 0.024
435 -1 16 18 0.024
339 484 14 20 0.024
0 328 6 31 0.024
812 615 15 19 0.024
615 -2 16 19 0.024
177 483 18 23 0.024
464 624 17 22 0.023
838 161 18 23 0.023
1015 348 8 34 0.023
842 265 17 20 0.023
1017 632 7 25 0.023
674 273 17 21 0.023
807 261 17 20 0.023
480 690 19 20 0.022
157 339 21 25 0.022
140 65 14 21 0.022
210 607 19 24 0.021
504 388 16 22 0.021
312 664 20 25 0.021
178 466 18 22 0.021
488 554 17 23 0.020
1 250 9 20 0.020
396 226 16 20 0.020
525 323 17 22 0.020
1000 121 17 23 0.019
612 0 14 14 0.019
884 410 16 22 0.019
118 470 18 23 0.019
633 181 20 26 0.019
183 456 18 23 0.019
842 383 20 25 0.019
517 263 16 19 0.019
608 -2 16 12 0.018
824 152 19 21 0.018
822 289 18 22 0.018
20 533 16 20 0.018
727 82 17 21 0.018
161 323 16 22 0.018
657 232 14 19 0.018
321 462 18 23 0.018
850 386 16 22 0.018
0 561 15 26 0.018
956 84 18 22 0.018
189 423 17 20 0.017
2 276 16 21 0.017
12 533 15 26 0.017
455 327 15 21 0.017
236 256 20 20 0.017
481 107 18 24 0.017
473 148 19 24 0.017
873 701 19 11 0.017
274 490 15 22 0.016
219 -2 17 16 0.016
380 215 18 22 0.016
481 141 15 20 0.016
153 523 17 22 0.016
919 383 17 21 0.016
430 -3 17 11 0.016
119 12 16 23 0.015
489 2 14 14 0.015
460 326 18 21 0.015
6 47 18 25 0.015
401 211 18 23 0.015
563 219 19 24 0.015
315 523 17 20 0.015
625 71 14 18 0.015
953 -2 15 13 0.015
512 140 17 22 0.015
814 294 15 20 0.015
3 377 13 22 0.015
298 82 18 23 0.015
466 489 17 23 0.014
77 585 20 27 0.014
610 57 18 24 0.014
508 574 20 23 0.014
579 97 13 16 0.014
532 52 16 20 0.014
629 487 21 27 0.014
862 146 17 21 0.014
722 401 14 18 0.013
634 447 19 26 0.013
192 427 17 21 0.013
485 560 17 23 0.013
1000 460 17 26 0.013
993 27 16 23 0.013
237 190 18 24 0.013
507 121 12 17 0.013
181 488 18 22 0.013
552 701 19 11 0.012
607 197 16 22 0.012
170 187 18 23 0.012
807 63 18 22 0.012
667 284 17 20 0.012
690 0 17 19 0.012
745 58 17 23 0.012
435 2 18 24 0.012
225 626 16 20 0.012
854 156 17 21 0.012
4 245 15 25 0.012
975 -1 16 13 0.012
145 519 15 21 0.012
759 387 22 29 0.012
440 -2 15 14 0.011
395 326 16 20 0.011
876 461 19 26 0.011
1016 245 9 21 0.011
258 2 16 18 0.011
996 493 16 22 0.011
363 237 18 22 0.011
432 600 22 26 0.011
156 306 16 21 0.011
112 481 16 22 0.011
268 109 16 22 0.011
487 102 18 24 0.011
441 454 20 25 0.011
209 49 17 22 0.011
370 547 12 17 0.010
893 -3 15 16 0.010
364 326 16 19 0.010
879 185 16 23 0.010
849 261 17 23 0.010
375 215 17 20 0.010
402 248 16 20 0.010
714 396 18 23 0.010
225 702 19 10 0.010
829 486 17 23 0.010
