12_Group_Group_12_Group_Group_12_28
26
128 124 45 56 0.859
614 97 40 54 0.851
386 196 41 55 0.849
260 149 41 52 0.847
704 82 43 56 0.843
209 100 36 52 0.839
521 253 38 48 0.837
108 69 37 46 0.833
247 254 42 52 0.832
461 232 34 45 0.828
169 35 33 46 0.827
551 109 39 47 0.826
304 132 35 46 0.825
178 197 36 47 0.823
73 21 38 48 0.817
664 54 38 53 0.814
515 56 35 46 0.814
906 108 43 53 0.812
791 74 38 54 0.811
800 131 44 58 0.786
234 76 35 47 0.782
617 46 36 44 0.753
919 68 40 46 0.741
909 91 44 57 0.495
184 48 37 48 0.245
87 39 40 50 0.199
