12_Group_Large_Group_12_Group_Large_Group_12_94
40
205 110 72 91 0.872
405 135 72 88 0.870
647 193 64 86 0.865
655 111 55 66 0.860
827 106 56 73 0.849
698 54 45 61 0.834
709 -3 43 49 0.822
376 63 58 75 0.815
869 51 53 73 0.780
359 7 48 58 0.773
170 78 46 65 0.762
330 0 27 34 0.679
1010 108 14 83 0.360
527 5 46 54 0.302
845 75 56 76 0.208
0 9 60 73 0.202
132 0 37 49 0.157
459 23 40 49 0.121
658 -8 45 18 0.092
469 -7 39 26 0.067
279 -7 38 23 0.065
167 -4 55 39 0.061
279 67 32 44 0.059
508 83 57 68 0.053
247 -8 37 17 0.050
509 0 32 33 0.044
414 4 25 38 0.036
571 3 45 54 0.028
1005 117 19 110 0.028
248 -8 34 34 0.023
0 73 21 73 0.022
561 13 40 52 0.019
869 33 48 64 0.015
868 4 47 49 0.014
753 48 43 62 0.013
346 7 43 53 0.012
83 -3 46 45 0.012
991 103 33 69 0.012
509 10 43 55 0.012
271 81 35 46 0.010
