42_Car_Racing_Nascar_42_650
34
381 155 34 44 0.777
109 127 42 65 0.768
688 191 19 24 0.707
782 141 16 30 0.647
909 175 12 20 0.604
981 192 9 13 0.502
654 217 13 17 0.489
263 163 31 35 0.345
629 214 15 20 0.294
227 175 29 40 0.201
176 186 24 33 0.191
846 202 13 16 0.099
582 182 22 28 0.074
750 206 12 14 0.065
238 170 37 45 0.059
839 202 14 16 0.054
151 188 26 33 0.050
221 163 28 38 0.047
637 225 15 19 0.033
853 203 12 14 0.032
624 212 16 19 0.029
900 209 7 9 0.021
756 204 13 15 0.021
18 175 26 31 0.019
260 166 23 29 0.017
159 187 27 33 0.017
226 190 29 38 0.014
628 208 15 19 0.014
5 181 18 26 0.013
759 198 13 17 0.013
765 197 14 18 0.011
550 206 18 23 0.010
867 223 13 17 0.010
630 224 14 17 0.010
