12_Group_Team_Organized_Group_12_Group_Team_Organized_Group_12_28
29
217 0 54 46 0.845
520 254 41 52 0.821
683 51 43 60 0.813
601 269 27 33 0.763
432 261 29 38 0.759
927 239 27 36 0.757
986 285 31 41 0.753
467 259 25 29 0.748
141 267 25 31 0.659
870 274 25 30 0.647
825 274 22 33 0.633
13 219 26 28 0.628
999 243 19 30 0.538
332 250 25 31 0.529
676 257 18 31 0.498
965 253 25 31 0.431
109 206 18 31 0.361
777 268 21 30 0.338
979 276 31 40 0.221
153 240 19 24 0.110
65 232 17 21 0.049
973 250 26 31 0.028
105 212 17 27 0.027
161 160 19 28 0.026
683 258 21 32 0.020
666 257 19 29 0.020
886 274 19 25 0.016
1004 361 17 36 0.012
327 261 26 32 0.011
