12_Group_Large_Group_12_Group_Large_Group_12_120
507
886 450 12 15 0.655
396 417 11 14 0.652
881 358 12 14 0.636
548 389 12 16 0.634
625 384 12 16 0.633
406 446 12 16 0.632
432 322 11 14 0.631
641 376 10 13 0.631
78 450 13 15 0.625
258 453 12 15 0.625
244 324 10 13 0.624
717 346 11 14 0.624
849 418 11 14 0.624
113 419 12 15 0.622
550 293 10 14 0.622
113 355 11 14 0.621
678 385 10 14 0.621
830 450 11 15 0.619
596 422 11 15 0.618
509 410 12 15 0.617
270 322 10 15 0.615
328 351 11 14 0.615
511 452 12 15 0.614
467 354 11 14 0.613
424 415 11 15 0.612
442 447 11 14 0.612
912 296 11 13 0.610
150 327 11 12 0.610
589 267 10 13 0.607
691 347 11 13 0.607
450 291 11 14 0.607
346 268 9 13 0.605
449 420 11 14 0.605
579 449 11 15 0.605
762 453 11 14 0.605
309 422 10 13 0.604
546 452 12 15 0.604
539 265 10 14 0.603
474 288 10 13 0.603
495 353 11 13 0.603
57 420 11 15 0.603
278 393 11 14 0.601
292 446 12 16 0.601
335 321 11 14 0.600
159 394 11 14 0.600
296 321 10 14 0.598
546 419 11 15 0.598
477 455 11 15 0.598
413 323 10 13 0.596
716 414 12 15 0.596
853 450 12 15 0.596
628 267 10 13 0.595
765 426 11 14 0.595
507 390 12 14 0.593
764 268 10 13 0.593
884 297 10 12 0.591
820 325 10 13 0.591
584 390 12 14 0.591
960 424 11 14 0.590
181 327 10 13 0.589
251 418 11 14 0.589
364 448 12 16 0.588
352 350 11 14 0.588
387 390 12 15 0.588
272 294 10 13 0.586
101 300 11 13 0.586
131 301 9 13 0.586
209 326 10 13 0.586
451 380 11 15 0.586
621 418 10 15 0.586
336 425 11 14 0.586
739 293 9 13 0.584
230 268 11 13 0.583
888 279 10 13 0.582
411 385 11 14 0.582
877 417 12 15 0.582
332 245 9 13 0.581
564 263 10 14 0.580
28 388 11 14 0.580
94 328 10 14 0.579
738 419 11 14 0.579
797 450 10 13 0.577
324 292 10 13 0.577
927 386 12 16 0.577
597 295 10 13 0.577
223 420 11 14 0.577
757 243 10 13 0.575
626 323 10 13 0.575
122 326 10 13 0.575
148 458 12 14 0.575
691 454 11 14 0.574
194 418 11 14 0.574
470 390 12 14 0.572
749 379 11 14 0.572
903 392 10 12 0.572
904 327 9 12 0.570
370 271 9 13 0.568
498 300 10 14 0.568
880 331 10 12 0.568
477 422 12 14 0.568
716 385 10 13 0.568
528 323 10 13 0.567
944 348 10 14 0.567
427 358 10 14 0.567
407 347 11 14 0.566
776 390 10 14 0.566
227 456 12 15 0.566
253 298 10 13 0.565
822 353 10 14 0.564
654 453 12 14 0.564
384 245 10 13 0.563
152 277 10 13 0.563
515 296 11 13 0.563
228 385 11 14 0.562
638 298 11 13 0.561
798 324 10 13 0.561
426 388 12 14 0.561
649 419 11 14 0.561
675 266 10 13 0.559
565 325 10 14 0.559
198 394 11 14 0.559
359 220 10 12 0.558
527 344 10 14 0.558
169 422 12 14 0.558
693 421 11 15 0.558
412 246 10 12 0.557
348 391 12 15 0.557
79 241 10 13 0.556
819 244 10 13 0.556
743 350 10 13 0.556
86 425 12 14 0.556
62 268 10 13 0.555
217 299 11 13 0.555
122 396 11 14 0.555
842 296 10 13 0.554
694 324 10 13 0.554
337 221 9 12 0.554
694 266 10 13 0.554
791 384 11 14 0.554
314 397 11 14 0.554
719 447 12 15 0.552
718 303 11 13 0.552
369 386 11 15 0.552
453 318 10 14 0.550
436 246 10 12 0.548
347 294 11 13 0.548
280 419 11 15 0.548
605 345 11 13 0.547
549 324 10 13 0.547
356 322 10 13 0.545
798 242 9 13 0.543
669 421 10 15 0.543
671 326 10 13 0.543
355 243 10 13 0.543
89 282 10 12 0.541
117 243 10 12 0.541
765 292 10 13 0.541
646 268 10 12 0.541
539 217 10 13 0.540
232 219 9 12 0.536
408 291 10 12 0.536
770 327 10 12 0.534
633 347 10 14 0.534
611 450 12 15 0.534
531 235 10 13 0.534
172 249 10 12 0.534
618 218 9 12 0.533
171 299 10 12 0.533
730 325 10 12 0.533
337 383 11 14 0.533
620 241 9 12 0.532
806 419 10 13 0.532
847 278 11 12 0.530
653 324 10 13 0.530
29 364 10 13 0.529
778 351 11 12 0.529
642 218 9 12 0.527
191 272 10 13 0.525
798 350 11 13 0.523
457 239 10 13 0.522
489 217 9 13 0.521
803 228 9 11 0.521
715 267 9 11 0.521
464 266 10 13 0.520
47 362 11 13 0.520
703 387 10 14 0.520
372 352 11 14 0.519
737 390 11 14 0.519
121 451 12 14 0.519
511 235 9 12 0.518
593 239 9 13 0.518
695 225 9 11 0.516
52 298 9 12 0.516
362 294 11 13 0.516
71 328 11 13 0.515
221 355 12 14 0.515
43 398 11 14 0.514
489 317 11 14 0.514
733 242 10 13 0.512
610 324 10 14 0.512
588 324 10 13 0.510
572 296 11 15 0.509
652 347 10 13 0.509
664 392 11 14 0.509
310 246 9 12 0.508
573 240 10 13 0.508
621 297 11 14 0.508
722 221 9 12 0.506
384 293 10 12 0.506
663 242 10 12 0.505
413 218 9 11 0.505
827 224 9 11 0.505
642 238 9 12 0.503
376 218 10 12 0.501
271 271 10 14 0.501
154 239 10 13 0.501
445 268 10 13 0.501
74 301 10 13 0.499
141 356 11 13 0.499
193 220 8 12 0.499
501 263 10 12 0.497
235 297 10 13 0.497
155 223 9 11 0.497
809 273 9 13 0.497
599 220 9 11 0.496
41 327 10 13 0.496
221 245 9 11 0.494
156 300 9 12 0.494
702 300 9 13 0.494
686 300 10 12 0.494
448 218 9 11 0.491
804 294 10 13 0.489
117 225 9 12 0.489
282 221 10 12 0.488
324 270 10 12 0.487
213 223 9 12 0.485
745 222 9 11 0.485
918 271 10 12 0.485
852 330 10 13 0.485
678 243 10 12 0.481
396 220 8 11 0.480
378 321 10 13 0.479
671 347 11 13 0.479
842 350 10 14 0.479
838 249 10 12 0.479
563 379 11 14 0.479
241 357 10 12 0.478
958 446 11 14 0.476
411 271 10 13 0.476
813 388 12 14 0.476
81 390 11 14 0.474
187 457 12 14 0.473
553 238 9 12 0.472
280 355 11 13 0.472
426 268 11 13 0.470
93 361 11 13 0.470
427 216 10 12 0.470
826 274 11 13 0.470
302 223 10 12 0.468
753 327 10 13 0.468
527 380 11 15 0.467
83 222 10 13 0.466
582 349 11 14 0.465
290 297 10 13 0.463
309 272 9 11 0.463
186 388 10 13 0.463
737 270 10 12 0.462
855 250 9 12 0.459
429 296 10 13 0.459
203 355 11 13 0.457
250 249 9 12 0.455
364 419 12 15 0.455
293 249 9 11 0.454
142 419 11 14 0.452
390 269 9 12 0.450
391 349 11 14 0.447
182 358 9 12 0.445
265 218 10 12 0.444
769 221 9 11 0.443
494 235 10 13 0.443
475 246 9 12 0.441
607 268 10 13 0.439
700 245 10 12 0.439
258 381 10 15 0.438
486 268 9 11 0.436
784 418 10 13 0.436
103 279 10 12 0.435
762 347 10 13 0.434
852 385 10 14 0.434
165 357 10 11 0.434
101 224 8 11 0.432
200 302 9 11 0.432
864 297 10 13 0.430
55 327 11 14 0.427
139 222 9 11 0.427
776 240 9 12 0.427
786 223 9 11 0.425
489 381 11 15 0.425
853 226 8 10 0.425
720 248 8 11 0.423
394 321 10 13 0.422
248 220 10 11 0.420
465 214 10 12 0.417
276 248 9 12 0.417
658 297 11 14 0.416
121 277 10 13 0.414
512 321 9 13 0.412
519 265 10 13 0.411
175 221 10 12 0.409
866 386 10 14 0.402
136 270 10 12 0.400
293 271 9 11 0.395
172 271 9 12 0.395
902 347 11 13 0.393
574 421 10 14 0.393
886 391 11 14 0.391
716 325 10 12 0.390
918 449 11 14 0.386
239 393 11 14 0.382
532 294 9 12 0.379
524 217 9 12 0.379
825 414 11 14 0.377
790 270 9 13 0.377
555 345 10 14 0.376
608 373 11 15 0.375
250 269 9 11 0.375
318 219 9 12 0.374
200 245 10 12 0.374
210 272 10 13 0.369
573 219 9 11 0.368
303 352 10 13 0.357
555 218 9 11 0.355
241 245 9 12 0.352
505 214 10 13 0.350
184 247 9 12 0.342
875 252 9 11 0.342
254 353 11 14 0.340
570 219 9 12 0.333
678 223 9 11 0.330
929 420 11 15 0.324
136 243 9 12 0.321
237 245 9 11 0.317
825 294 10 13 0.316
866 276 10 12 0.314
470 320 9 13 0.314
107 393 10 14 0.309
303 294 9 12 0.308
866 357 10 12 0.306
147 388 10 13 0.295
902 251 9 11 0.295
267 353 11 14 0.295
336 450 11 14 0.292
103 243 9 12 0.274
303 383 10 13 0.271
662 219 8 10 0.268
788 294 9 12 0.253
560 262 10 13 0.208
353 320 10 13 0.194
669 388 12 15 0.187
584 218 10 12 0.185
66 364 11 13 0.181
824 387 11 14 0.165
877 241 10 11 0.161
849 452 12 14 0.157
106 243 10 13 0.157
367 421 11 14 0.154
671 461 9 12 0.151
876 247 9 12 0.146
365 218 10 13 0.146
842 249 9 12 0.140
518 385 12 14 0.137
216 222 10 12 0.129
268 274 11 14 0.125
80 360 10 13 0.125
611 268 9 12 0.124
580 415 11 14 0.114
107 460 10 12 0.113
800 238 10 13 0.109
887 294 9 13 0.107
405 440 13 16 0.106
781 229 9 12 0.105
116 236 10 13 0.094
310 459 10 13 0.092
446 353 10 12 0.091
450 413 12 16 0.091
150 385 10 13 0.088
794 447 10 15 0.087
937 416 10 13 0.085
1012 223 9 11 0.084
441 267 10 14 0.081
870 250 11 12 0.080
39 332 10 14 0.080
363 350 12 13 0.079
962 444 11 16 0.078
600 380 11 14 0.078
338 410 10 13 0.076
587 400 12 16 0.075
773 374 10 13 0.075
154 235 10 13 0.071
146 411 12 15 0.069
136 222 9 12 0.069
443 248 10 13 0.068
422 269 11 13 0.068
235 356 10 13 0.067
333 447 10 12 0.066
659 397 11 16 0.065
304 355 11 13 0.063
415 244 10 12 0.063
333 248 11 13 0.060
324 286 10 14 0.060
863 275 10 12 0.059
590 261 10 14 0.057
570 422 11 13 0.056
868 271 9 13 0.054
561 324 11 14 0.054
75 387 11 14 0.054
256 248 10 12 0.052
691 414 11 14 0.050
397 450 11 14 0.049
198 398 12 16 0.049
58 267 9 12 0.048
173 219 9 11 0.047
148 348 11 14 0.046
858 204 8 10 0.044
585 403 11 15 0.044
235 255 10 14 0.043
70 384 10 14 0.043
179 248 10 12 0.042
96 241 9 12 0.042
431 216 9 12 0.041
797 294 10 13 0.041
908 228 8 10 0.040
386 243 10 13 0.038
838 350 11 14 0.038
681 384 10 14 0.037
468 210 10 13 0.037
877 230 9 10 0.036
511 482 12 14 0.036
140 242 10 12 0.035
739 411 11 14 0.034
396 444 10 13 0.031
609 345 10 14 0.031
735 414 10 14 0.031
213 324 10 13 0.031
1007 231 10 12 0.030
516 227 10 13 0.029
791 317 10 13 0.029
1004 236 10 11 0.027
169 461 10 12 0.027
876 225 8 10 0.027
291 452 12 14 0.027
913 453 11 13 0.027
548 353 10 13 0.025
367 485 11 12 0.025
1003 238 9 12 0.025
395 454 10 13 0.024
137 220 9 11 0.024
447 379 11 13 0.024
223 458 11 14 0.024
196 458 10 13 0.024
673 323 10 14 0.023
576 448 11 14 0.023
954 445 11 15 0.023
617 452 11 14 0.022
795 224 8 11 0.022
639 393 11 14 0.021
595 405 10 14 0.021
297 447 11 15 0.021
607 452 12 14 0.020
900 440 10 14 0.020
795 441 10 14 0.020
474 454 11 15 0.019
894 263 9 11 0.019
543 416 11 15 0.019
710 346 11 14 0.019
754 247 10 14 0.018
116 390 11 13 0.018
905 250 9 12 0.018
514 408 11 16 0.018
948 488 10 12 0.018
743 219 9 11 0.018
630 316 10 12 0.017
67 268 10 12 0.016
657 447 10 14 0.016
501 451 11 15 0.015
623 416 10 14 0.015
442 452 12 13 0.015
824 419 10 14 0.014
198 307 9 12 0.014
1011 221 9 9 0.013
471 307 9 13 0.013
688 406 10 14 0.013
822 215 8 11 0.013
926 448 10 14 0.013
59 295 9 13 0.012
494 368 11 15 0.012
955 329 10 12 0.012
176 299 10 12 0.012
235 352 10 12 0.012
376 428 9 13 0.011
243 353 10 13 0.011
492 457 12 14 0.011
86 389 10 14 0.011
31 387 11 14 0.011
509 213 10 11 0.010
99 482 12 13 0.010
227 449 11 14 0.010
