12_Group_Team_Organized_Group_12_Group_Team_Organized_Group_12_927
36
167 174 37 47 0.808
584 274 27 36 0.804
404 195 27 33 0.803
512 284 29 37 0.794
605 210 22 28 0.785
911 150 29 35 0.784
745 153 26 32 0.782
668 372 27 35 0.780
289 170 27 34 0.777
555 206 24 31 0.777
725 340 27 31 0.773
479 153 24 28 0.772
215 197 27 33 0.772
442 172 26 32 0.771
1001 197 24 33 0.770
970 165 26 30 0.768
678 174 25 31 0.766
864 339 24 28 0.765
633 157 25 29 0.762
714 154 22 27 0.760
845 167 27 32 0.757
669 292 26 31 0.752
796 187 24 31 0.751
123 187 29 40 0.743
797 161 22 25 0.739
582 180 22 29 0.738
785 316 23 29 0.737
739 424 24 28 0.736
548 175 21 26 0.736
347 179 28 34 0.725
812 339 21 24 0.716
402 166 26 30 0.709
504 179 24 32 0.692
364 165 21 28 0.596
526 182 22 29 0.552
755 329 17 23 0.418
