12_Group_Large_Group_12_Group_Large_Group_12_286
41
803 229 67 99 0.846
87 156 47 68 0.810
284 156 43 58 0.806
1002 263 21 27 0.766
493 239 29 38 0.763
1 194 29 39 0.757
415 250 47 91 0.743
970 255 19 21 0.723
723 247 18 24 0.681
596 246 22 30 0.658
918 261 13 18 0.646
265 222 33 59 0.629
572 254 14 17 0.584
403 216 25 29 0.537
487 215 19 25 0.477
901 255 14 20 0.423
134 193 33 43 0.252
753 239 44 57 0.249
323 193 14 22 0.170
568 254 13 17 0.098
149 206 27 38 0.089
609 273 35 47 0.048
944 249 7 9 0.038
993 252 13 17 0.038
942 250 7 9 0.035
180 239 23 34 0.028
906 260 15 21 0.027
974 219 15 19 0.026
315 190 22 30 0.023
158 209 23 31 0.023
399 213 34 45 0.021
612 270 52 57 0.021
755 252 31 39 0.018
327 231 31 37 0.018
419 214 20 24 0.017
990 252 11 14 0.017
647 217 9 13 0.016
541 263 9 12 0.015
433 237 21 40 0.015
131 208 37 41 0.014
310 194 21 25 0.011
