12_Group_Large_Group_12_Group_Large_Group_12_276
25
849 87 60 66 0.870
667 260 69 77 0.870
570 203 61 73 0.867
437 232 60 76 0.865
594 92 55 67 0.855
218 239 56 69 0.855
696 153 58 76 0.852
325 225 56 70 0.849
356 37 53 72 0.841
520 79 50 60 0.841
225 62 52 63 0.838
438 69 51 64 0.833
581 24 42 53 0.830
491 -1 47 55 0.829
0 71 33 65 0.823
709 76 49 55 0.822
296 5 45 53 0.819
650 66 46 50 0.818
106 292 69 71 0.817
138 10 49 51 0.803
979 24 20 27 0.534
1016 62 8 36 0.112
68 -4 27 15 0.047
1007 91 17 55 0.026
309 6 65 73 0.023
