12_Group_Team_Organized_Group_12_Group_Team_Organized_Group_12_418
133
392 402 25 30 0.792
301 369 26 31 0.788
470 375 26 34 0.785
150 215 18 24 0.783
316 283 23 28 0.781
404 260 23 31 0.779
634 362 23 29 0.779
515 288 21 27 0.773
205 204 18 22 0.764
237 348 24 29 0.764
169 353 21 29 0.756
559 370 24 26 0.756
806 181 19 25 0.755
305 204 18 24 0.752
407 220 17 21 0.744
658 304 22 28 0.742
247 184 18 20 0.740
257 223 17 21 0.739
28 209 20 24 0.738
457 217 16 22 0.737
403 190 16 18 0.736
563 220 16 22 0.736
361 227 16 20 0.732
667 210 17 22 0.731
598 193 17 20 0.730
509 209 17 24 0.729
188 185 17 22 0.727
717 212 17 23 0.727
621 217 17 20 0.717
93 227 19 20 0.717
306 160 15 17 0.714
135 191 17 22 0.714
379 144 14 18 0.708
268 134 14 17 0.705
154 171 16 19 0.702
697 186 15 20 0.701
91 185 17 22 0.700
521 175 14 17 0.698
552 184 15 19 0.698
451 186 15 20 0.696
498 188 15 19 0.693
649 187 15 19 0.692
577 171 14 17 0.689
121 139 16 20 0.685
407 162 14 18 0.679
207 167 15 18 0.678
651 107 13 16 0.675
270 156 15 18 0.672
411 74 13 16 0.670
461 137 13 17 0.661
240 76 14 16 0.659
266 65 12 17 0.657
310 181 15 18 0.653
282 87 13 16 0.652
306 141 14 17 0.652
597 161 13 15 0.651
294 33 14 18 0.643
326 140 13 17 0.641
485 155 13 17 0.641
360 136 13 17 0.634
450 159 15 18 0.631
670 166 13 17 0.631
217 59 13 16 0.627
610 143 12 15 0.624
514 154 13 17 0.616
356 189 16 19 0.609
645 157 13 16 0.606
319 83 15 18 0.598
578 141 13 14 0.598
503 144 12 14 0.588
429 143 11 14 0.580
606 97 12 15 0.579
619 168 14 18 0.570
531 143 12 15 0.561
495 166 13 17 0.555
191 70 13 17 0.529
102 174 17 19 0.527
373 80 14 15 0.518
552 158 12 16 0.514
247 295 20 19 0.510
358 177 15 18 0.506
748 198 16 20 0.477
558 95 13 16 0.432
341 150 13 16 0.414
222 155 14 17 0.335
410 49 11 14 0.291
254 165 13 16 0.274
500 61 12 15 0.254
269 146 14 19 0.205
372 141 15 17 0.199
550 137 11 13 0.191
484 27 11 14 0.172
177 150 13 16 0.162
306 80 12 14 0.136
386 46 12 15 0.134
562 160 11 14 0.115
369 17 13 17 0.102
454 153 14 18 0.101
591 160 12 15 0.078
352 143 12 16 0.071
579 84 10 15 0.056
203 14 14 18 0.053
585 128 11 13 0.052
478 42 12 15 0.051
452 36 12 15 0.051
216 144 13 17 0.048
373 94 11 14 0.046
670 156 11 13 0.042
530 128 9 12 0.035
301 273 17 19 0.034
388 51 11 13 0.028
210 145 14 15 0.028
311 64 12 14 0.028
433 160 12 15 0.024
414 160 13 16 0.024
471 40 12 14 0.023
601 96 13 16 0.020
200 12 14 17 0.019
370 84 13 15 0.017
345 196 13 18 0.016
110 177 14 18 0.015
421 12 12 15 0.014
411 16 12 15 0.014
213 140 13 17 0.014
578 90 10 14 0.012
427 13 11 14 0.012
640 179 12 17 0.012
400 15 11 14 0.011
207 18 13 16 0.011
422 120 12 15 0.011
322 103 12 14 0.011
636 157 11 14 0.011
475 11 11 13 0.010
