12_Group_Large_Group_12_Group_Large_Group_12_94
33
647 190 66 91 0.876
205 112 72 90 0.865
405 135 70 86 0.863
826 104 60 76 0.859
698 53 46 62 0.845
655 110 55 69 0.832
374 62 60 75 0.829
710 0 43 45 0.796
870 50 52 75 0.790
170 75 48 68 0.750
329 0 29 36 0.746
359 7 47 58 0.738
1011 108 13 73 0.437
533 -3 53 36 0.280
470 -3 41 21 0.260
292 -3 27 25 0.174
850 70 59 79 0.166
131 0 38 48 0.128
575 -4 48 37 0.075
251 -7 33 23 0.071
340 -1 40 48 0.061
171 -5 54 35 0.057
281 65 28 42 0.051
412 0 32 39 0.041
509 0 32 30 0.032
0 72 31 72 0.025
543 -5 64 52 0.022
320 0 27 30 0.016
1007 92 17 76 0.014
1 82 50 83 0.014
835 332 10 14 0.011
891 -4 36 24 0.011
256 -5 44 46 0.010
