12_Group_Team_Organized_Group_12_Group_Team_Organized_Group_12_340
33
37 0 51 55 0.875
325 112 58 78 0.849
286 2 53 69 0.848
477 0 41 48 0.833
135 0 47 60 0.832
611 32 51 69 0.830
530 29 50 70 0.795
0 60 35 72 0.793
384 0 46 57 0.779
932 43 37 48 0.769
88 -2 39 41 0.762
359 -3 38 48 0.742
848 71 38 48 0.708
27 80 30 47 0.589
687 -2 21 31 0.450
241 -3 38 24 0.222
427 -2 40 23 0.220
406 -4 42 46 0.125
229 -3 37 29 0.067
215 -2 32 23 0.065
689 67 21 52 0.061
260 -1 29 29 0.048
99 0 41 51 0.029
407 20 32 46 0.029
6 35 32 52 0.027
656 41 21 37 0.026
0 13 29 57 0.022
523 -3 40 26 0.022
0 0 31 46 0.015
181 -1 35 25 0.014
661 33 21 40 0.013
694 63 25 51 0.011
693 -3 27 30 0.010
