12_Group_Large_Group_12_Group_Large_Group_12_662
31
807 296 44 47 0.730
395 208 26 30 0.622
231 230 14 19 0.541
444 397 17 26 0.508
558 295 22 22 0.488
442 275 23 23 0.345
20 204 24 33 0.288
438 272 20 24 0.247
119 251 6 7 0.204
266 223 15 19 0.129
326 283 16 20 0.111
54 229 17 25 0.111
448 278 23 23 0.046
46 229 21 28 0.042
435 396 22 27 0.037
1009 197 15 38 0.034
1 216 17 30 0.034
550 299 19 18 0.034
9 204 23 34 0.033
59 226 15 19 0.025
400 213 27 31 0.023
370 269 17 22 0.021
328 269 16 21 0.019
357 244 15 16 0.018
430 270 19 24 0.016
28 200 24 34 0.015
46 217 19 25 0.015
35 215 21 28 0.015
508 350 18 21 0.013
256 228 14 17 0.013
60 238 14 19 0.010
