12_Group_Team_Organized_Group_12_Group_Team_Organized_Group_12_461
37
38 293 32 42 0.751
403 283 25 33 0.742
634 293 27 36 0.731
908 423 23 27 0.709
247 283 31 34 0.695
181 317 16 22 0.683
490 289 42 64 0.681
286 301 11 14 0.629
345 409 24 42 0.609
314 305 10 13 0.582
359 309 13 17 0.576
908 326 11 15 0.510
158 309 10 13 0.357
123 310 8 15 0.322
944 438 18 24 0.272
1015 323 8 10 0.251
931 328 10 12 0.091
1012 321 8 11 0.082
438 277 20 33 0.072
996 291 9 11 0.040
1007 293 8 9 0.039
154 308 10 13 0.030
925 326 11 14 0.023
329 325 14 19 0.020
290 301 10 13 0.018
961 345 7 9 0.018
1011 293 6 10 0.016
820 311 7 10 0.015
1004 292 10 11 0.015
1002 293 9 10 0.013
483 305 39 51 0.012
902 327 10 14 0.011
863 438 14 17 0.011
939 443 16 22 0.011
654 273 27 49 0.011
991 291 9 11 0.011
980 348 8 10 0.010
