12_Group_Team_Organized_Group_12_Group_Team_Organized_Group_12_583
53
814 292 60 75 0.837
922 247 38 44 0.825
256 223 53 62 0.797
526 282 38 49 0.796
435 214 25 33 0.751
830 224 28 34 0.748
991 154 27 31 0.743
393 177 21 24 0.736
667 191 26 31 0.725
572 220 23 32 0.721
830 173 25 30 0.706
702 144 22 27 0.697
363 76 20 24 0.681
536 137 23 27 0.677
259 63 22 24 0.654
485 62 19 23 0.626
689 307 44 47 0.561
144 43 34 42 0.557
759 140 21 25 0.401
691 297 40 40 0.377
464 237 26 34 0.290
616 152 26 26 0.187
548 226 21 25 0.160
924 353 55 34 0.110
537 179 26 22 0.104
530 180 24 24 0.090
496 123 17 20 0.048
929 200 23 25 0.047
904 192 23 28 0.043
444 260 29 30 0.027
659 65 21 23 0.027
935 195 22 24 0.025
503 26 17 20 0.025
757 135 19 22 0.024
766 141 20 25 0.024
925 205 21 25 0.023
496 3 20 21 0.021
508 192 19 23 0.021
489 49 19 24 0.019
691 286 38 34 0.018
612 137 25 28 0.017
619 143 25 25 0.016
497 10 20 24 0.016
545 168 25 27 0.016
470 155 20 25 0.016
249 16 31 32 0.014
408 90 21 24 0.014
437 220 32 42 0.014
767 152 21 23 0.013
725 333 31 34 0.012
447 224 33 45 0.012
903 178 25 26 0.011
571 76 19 22 0.010
