12_Group_Team_Organized_Group_12_Group_Team_Organized_Group_12_503
33
882 112 35 41 0.855
430 186 37 49 0.855
543 178 41 52 0.849
629 49 29 39 0.841
328 87 36 42 0.838
156 49 31 35 0.836
491 73 34 41 0.835
576 79 34 41 0.835
26 178 43 49 0.831
656 77 33 42 0.829
136 172 39 46 0.829
796 91 37 43 0.829
756 201 39 45 0.827
409 75 34 40 0.824
867 198 38 46 0.824
267 103 32 40 0.822
951 203 40 45 0.821
243 195 35 44 0.819
645 207 34 40 0.819
95 103 37 40 0.816
298 54 29 35 0.815
191 94 33 43 0.812
489 25 30 33 0.810
748 63 28 35 0.810
723 101 36 39 0.808
338 207 34 40 0.808
829 63 28 35 0.807
559 38 28 36 0.807
227 43 29 32 0.802
691 63 27 35 0.783
886 70 29 32 0.779
433 39 26 36 0.777
367 44 30 35 0.771
