12_Group_Group_12_Group_Group_12_379
31
895 225 33 45 0.845
732 215 35 44 0.838
79 230 35 41 0.838
156 241 31 42 0.837
242 232 32 41 0.835
189 98 34 44 0.830
763 150 30 41 0.829
430 152 34 41 0.828
631 228 35 43 0.828
481 116 31 40 0.824
360 153 30 37 0.824
614 109 28 35 0.823
295 164 29 38 0.821
792 104 28 36 0.820
869 168 32 39 0.820
426 245 33 45 0.820
799 239 33 43 0.820
581 134 29 33 0.819
533 162 34 40 0.819
331 241 33 41 0.819
845 113 31 39 0.817
536 231 34 43 0.816
286 110 28 36 0.814
383 114 29 36 0.811
638 176 29 36 0.809
665 121 29 37 0.808
157 186 29 36 0.805
729 131 28 33 0.804
225 171 30 36 0.797
416 97 30 33 0.779
523 109 29 39 0.773
