23_Shoppers_Shoppers_23_10
40
64 384 38 52 0.813
469 333 26 33 0.788
278 307 35 48 0.782
639 297 27 35 0.695
581 313 25 38 0.549
1000 332 14 23 0.478
759 323 17 32 0.416
666 303 18 26 0.217
0 372 13 50 0.208
537 303 18 24 0.149
815 39 11 12 0.091
669 305 22 29 0.084
540 79 8 9 0.070
694 298 21 27 0.067
388 50 10 12 0.064
682 298 26 29 0.062
593 45 7 9 0.054
642 103 10 15 0.047
606 19 6 7 0.047
892 327 17 21 0.044
941 34 11 14 0.041
529 337 21 26 0.034
623 111 11 13 0.029
626 114 9 12 0.026
691 21 8 10 0.025
219 388 13 16 0.024
609 108 11 13 0.019
684 307 26 30 0.019
945 34 11 16 0.018
569 310 33 45 0.018
600 7 6 8 0.016
608 17 6 7 0.016
628 109 11 13 0.015
601 6 6 6 0.015
988 315 7 9 0.015
591 46 7 8 0.014
513 103 7 8 0.012
519 70 8 10 0.012
599 5 6 7 0.011
897 326 15 19 0.010
