23_Shoppers_Shoppers_23_328
28
479 205 28 38 0.802
126 335 90 98 0.794
315 214 32 36 0.787
576 181 15 18 0.703
622 183 14 17 0.692
546 190 14 17 0.686
330 167 27 32 0.667
379 220 10 14 0.224
649 187 11 14 0.071
312 176 19 22 0.069
1002 301 10 12 0.068
381 222 11 15 0.067
543 190 12 16 0.044
651 253 10 13 0.037
922 301 12 14 0.029
374 214 14 20 0.028
976 300 11 13 0.025
651 184 9 13 0.024
445 240 8 11 0.023
916 234 16 21 0.023
999 375 12 15 0.019
442 237 7 9 0.016
346 205 17 23 0.014
312 184 12 16 0.014
462 192 10 12 0.013
440 238 10 13 0.013
445 237 14 20 0.012
650 181 9 11 0.011
