23_Shoppers_Shoppers_23_60
66
394 583 14 20 0.695
270 546 16 25 0.584
148 508 22 34 0.580
218 549 17 23 0.427
777 609 9 11 0.414
111 514 15 24 0.308
693 606 8 10 0.302
476 587 12 20 0.289
517 586 10 13 0.279
578 573 12 15 0.245
223 547 18 24 0.239
801 632 6 8 0.216
563 578 12 15 0.131
629 585 12 15 0.129
543 573 10 12 0.128
493 586 10 13 0.125
566 577 13 14 0.117
649 596 10 13 0.093
550 575 11 13 0.076
699 608 7 9 0.075
709 607 7 8 0.073
210 551 16 21 0.059
714 607 7 8 0.057
720 615 6 8 0.056
497 586 11 13 0.055
491 583 9 12 0.054
716 610 7 7 0.053
473 585 12 19 0.052
671 614 7 10 0.050
667 611 7 10 0.049
472 590 14 21 0.048
670 603 9 11 0.048
521 588 10 13 0.043
652 595 8 12 0.043
660 611 9 10 0.040
684 608 7 10 0.039
673 600 8 11 0.036
727 611 7 8 0.036
659 613 7 10 0.035
625 583 11 17 0.032
665 604 9 11 0.031
104 518 19 23 0.031
733 609 6 7 0.030
878 630 5 7 0.025
582 575 11 17 0.024
32 586 18 26 0.023
502 583 9 11 0.020
206 555 16 21 0.020
116 515 17 25 0.018
111 508 15 21 0.018
739 609 6 8 0.015
190 593 17 22 0.015
231 551 16 21 0.015
186 591 16 23 0.015
640 585 10 13 0.014
654 583 7 9 0.013
631 592 11 15 0.012
390 585 13 19 0.012
128 508 22 33 0.012
774 614 7 9 0.012
692 604 11 14 0.012
669 597 8 10 0.011
476 583 10 13 0.011
884 637 5 6 0.011
676 616 6 8 0.011
515 593 12 16 0.011
