23_Shoppers_Shoppers_23_43
39
356 233 63 74 0.867
169 233 57 68 0.844
158 397 63 80 0.821
572 147 46 58 0.814
942 122 25 31 0.735
791 135 36 46 0.726
927 204 49 58 0.726
68 148 35 42 0.698
603 123 32 43 0.599
77 213 35 54 0.566
24 147 22 30 0.528
388 137 23 40 0.411
724 339 40 51 0.382
974 120 18 24 0.263
872 140 22 30 0.199
233 145 23 30 0.165
103 157 18 26 0.158
742 181 12 17 0.115
867 147 26 33 0.073
516 452 40 64 0.064
1016 124 8 18 0.059
0 478 41 78 0.050
552 134 21 29 0.032
440 326 40 56 0.028
984 119 14 20 0.022
872 137 18 23 0.020
321 160 17 21 0.019
879 136 16 22 0.018
992 121 14 21 0.017
338 150 20 25 0.016
218 148 24 33 0.015
873 152 25 34 0.014
85 198 34 55 0.014
428 389 42 65 0.014
222 142 22 31 0.012
14 497 57 71 0.012
982 158 18 23 0.012
828 397 34 51 0.012
459 533 43 47 0.011
