23_Shoppers_Shoppers_23_450
79
246 432 19 25 0.658
659 355 19 24 0.560
431 681 16 26 0.474
783 582 18 23 0.457
577 777 16 18 0.328
614 766 16 20 0.328
579 621 12 16 0.221
423 625 12 14 0.218
617 621 13 19 0.154
540 619 16 20 0.135
855 633 17 25 0.124
496 622 12 15 0.118
581 773 18 19 0.109
447 333 11 14 0.103
733 614 15 21 0.062
617 626 16 25 0.057
458 624 12 15 0.056
945 282 17 23 0.049
385 767 18 20 0.049
516 395 10 12 0.048
451 333 11 14 0.047
540 624 18 24 0.046
832 321 14 19 0.033
801 578 20 26 0.031
289 436 16 21 0.027
575 617 18 22 0.026
723 613 16 22 0.025
628 283 10 11 0.025
712 288 8 9 0.024
725 263 8 9 0.023
456 579 9 9 0.023
605 292 14 18 0.022
418 623 12 15 0.022
793 582 21 25 0.022
997 294 19 31 0.021
405 580 8 10 0.021
752 250 8 9 0.020
336 102 14 17 0.020
809 576 19 26 0.019
950 282 18 21 0.019
475 579 8 9 0.019
562 782 15 16 0.019
442 756 17 21 0.018
424 579 8 11 0.017
358 314 11 12 0.017
318 777 21 25 0.017
884 441 19 26 0.017
754 339 9 12 0.016
832 294 11 15 0.016
757 295 10 12 0.016
77 432 18 21 0.015
615 688 14 19 0.015
743 612 15 20 0.015
757 345 9 12 0.014
539 630 16 23 0.014
360 318 10 13 0.014
685 297 8 10 0.014
720 287 8 9 0.013
526 331 9 11 0.013
503 274 9 11 0.013
626 280 10 13 0.013
722 260 8 10 0.013
713 317 9 10 0.013
444 578 9 10 0.013
144 209 13 16 0.013
857 662 19 26 0.013
619 618 11 14 0.012
553 783 15 16 0.012
755 251 8 10 0.012
959 291 17 22 0.012
908 363 10 12 0.012
431 635 12 17 0.012
343 261 9 10 0.011
440 579 8 10 0.011
622 283 13 16 0.011
539 689 15 19 0.011
539 639 15 19 0.010
350 791 17 23 0.010
680 596 20 27 0.010
