23_Shoppers_Shoppers_23_232
32
482 90 23 29 0.725
770 191 8 10 0.389
829 197 6 8 0.238
773 193 7 8 0.221
158 187 14 19 0.167
628 180 5 7 0.158
644 184 5 6 0.130
646 183 4 6 0.081
830 196 8 10 0.077
701 171 5 6 0.073
667 166 5 5 0.068
829 177 5 7 0.065
826 196 8 11 0.043
841 190 5 6 0.035
778 214 5 6 0.033
641 170 4 6 0.031
632 178 5 5 0.023
697 184 5 6 0.022
700 174 5 7 0.020
830 176 6 7 0.020
505 95 11 17 0.019
497 88 17 25 0.017
109 143 13 16 0.017
780 195 6 7 0.015
982 181 5 6 0.015
843 190 4 6 0.014
643 182 7 10 0.012
483 121 16 17 0.012
380 163 13 16 0.012
156 195 16 21 0.011
667 168 5 6 0.011
782 167 5 6 0.010
