10_People_Marching_People_Marching_10_People_Marching_People_Marching_10_499
49
559 287 25 25 0.622
376 246 24 28 0.599
541 25 25 27 0.571
639 72 27 29 0.444
493 273 22 26 0.428
580 365 26 25 0.364
368 166 17 19 0.345
597 67 27 28 0.321
740 80 32 28 0.287
787 -1 37 34 0.269
448 272 24 25 0.231
437 276 25 26 0.135
605 64 28 29 0.069
378 306 19 21 0.059
790 116 47 37 0.058
355 140 15 20 0.044
456 266 20 23 0.041
735 69 42 43 0.034
793 141 40 30 0.033
436 324 19 21 0.032
586 145 16 17 0.027
567 291 22 21 0.027
727 49 36 36 0.026
628 71 31 31 0.024
757 205 22 22 0.024
966 -3 48 36 0.023
843 -6 27 14 0.023
796 158 28 24 0.022
363 159 18 23 0.021
801 178 19 21 0.020
792 212 12 14 0.020
593 56 39 43 0.020
372 242 21 29 0.019
795 166 30 24 0.018
633 62 38 43 0.017
351 133 17 23 0.017
428 281 20 22 0.016
361 167 16 21 0.015
387 244 23 27 0.015
888 53 36 33 0.015
738 45 47 47 0.014
507 261 21 23 0.013
535 14 38 42 0.013
454 345 25 32 0.013
737 87 20 21 0.013
708 195 16 19 0.012
619 65 28 27 0.012
754 86 20 23 0.011
583 373 22 22 0.011
