10_People_Marching_People_Marching_2_307
30
253 185 81 99 0.825
500 142 109 131 0.824
661 225 48 64 0.819
79 195 64 73 0.796
46 232 44 70 0.342
976 180 48 186 0.145
121 51 12 15 0.100
689 139 14 17 0.058
874 174 27 36 0.054
300 13 12 14 0.050
701 164 23 27 0.037
720 232 23 31 0.034
837 172 15 20 0.029
52 238 55 77 0.023
729 237 21 27 0.021
703 228 42 55 0.020
125 49 10 14 0.018
968 268 56 98 0.018
873 174 18 25 0.017
980 80 45 247 0.014
298 17 13 16 0.013
738 244 14 19 0.013
765 185 19 22 0.012
873 170 14 19 0.012
98 69 13 17 0.012
852 181 26 36 0.011
629 255 17 25 0.011
713 297 18 21 0.010
835 169 23 30 0.010
112 84 22 30 0.010
