10_People_Marching_People_Marching_2_1046
62
514 201 49 62 0.845
217 213 21 26 0.716
282 259 15 19 0.708
50 202 22 27 0.682
425 197 18 23 0.675
1007 225 17 27 0.674
364 235 16 21 0.635
200 189 16 17 0.631
578 237 23 29 0.628
743 236 21 25 0.628
98 206 16 18 0.615
873 231 21 23 0.515
171 246 22 26 0.433
0 273 8 18 0.396
136 235 19 24 0.301
177 251 20 25 0.272
587 192 11 12 0.257
789 214 19 23 0.254
953 200 17 22 0.250
684 194 12 15 0.232
167 244 19 23 0.172
876 237 21 23 0.134
386 187 17 25 0.117
652 235 18 26 0.082
346 215 11 15 0.080
329 198 9 10 0.063
711 254 20 30 0.060
625 216 11 15 0.059
793 209 19 24 0.056
973 252 20 24 0.050
870 224 20 23 0.048
708 242 19 27 0.048
718 235 17 23 0.046
77 209 11 14 0.043
591 191 11 13 0.042
131 239 19 23 0.034
145 299 32 45 0.034
600 212 13 18 0.031
725 235 19 24 0.029
4 202 12 15 0.028
186 258 16 21 0.024
687 192 12 15 0.023
1 208 8 17 0.023
948 194 17 22 0.022
408 192 15 21 0.021
1013 299 12 25 0.021
802 364 43 50 0.020
0 217 8 18 0.019
945 203 19 22 0.018
2 272 11 18 0.015
14 208 10 14 0.015
657 226 14 20 0.014
960 199 16 21 0.014
345 200 9 11 0.013
5 199 10 12 0.012
765 218 18 21 0.012
326 198 9 12 0.012
560 222 38 46 0.012
129 232 18 21 0.011
603 210 12 15 0.011
328 252 9 14 0.011
784 212 19 21 0.010
