10_People_Marching_People_Marching_2_27
83
363 182 29 36 0.746
791 229 26 32 0.744
306 182 34 39 0.744
833 227 30 35 0.743
574 190 37 44 0.735
705 204 31 35 0.733
915 268 34 45 0.716
212 204 22 26 0.708
914 212 29 37 0.693
860 203 27 34 0.686
19 186 26 34 0.679
646 182 26 35 0.674
434 186 27 35 0.671
485 195 22 26 0.644
610 209 31 34 0.631
539 197 29 34 0.628
653 220 25 28 0.628
206 186 21 26 0.625
266 193 26 31 0.598
39 203 29 37 0.575
132 194 29 33 0.573
519 195 24 32 0.557
990 205 24 38 0.540
160 181 26 34 0.532
0 187 14 31 0.523
32 197 28 37 0.223
757 229 22 29 0.147
550 192 36 43 0.146
63 180 18 23 0.138
417 221 22 26 0.131
769 207 21 28 0.122
711 185 26 28 0.095
74 213 17 24 0.089
126 196 23 28 0.084
347 182 13 18 0.077
90 143 9 11 0.072
893 221 20 26 0.064
526 193 30 38 0.054
362 330 10 12 0.053
163 193 27 33 0.051
480 203 19 23 0.045
612 202 22 25 0.044
345 191 15 22 0.036
78 214 20 24 0.031
569 189 29 36 0.031
156 199 26 30 0.031
767 202 18 24 0.029
904 202 21 26 0.029
256 197 19 25 0.027
171 203 22 26 0.027
347 181 20 26 0.025
594 199 30 35 0.022
538 180 26 26 0.022
93 144 10 12 0.021
123 204 15 23 0.021
898 208 20 26 0.020
1 200 10 36 0.020
123 198 15 21 0.020
500 212 18 23 0.018
88 142 13 17 0.018
141 192 23 28 0.018
463 166 18 21 0.017
141 294 27 36 0.017
887 217 20 26 0.016
116 212 19 24 0.016
646 194 25 33 0.016
340 183 18 23 0.016
757 205 20 25 0.015
969 198 19 27 0.015
266 236 16 21 0.014
301 475 16 20 0.014
358 329 10 13 0.014
65 205 20 28 0.014
260 189 14 18 0.013
419 224 27 30 0.013
755 215 25 33 0.012
264 186 15 23 0.012
613 189 24 29 0.012
999 201 22 42 0.012
794 222 34 42 0.011
16 185 21 28 0.011
651 188 35 43 0.010
124 210 19 27 0.010
