10_People_Marching_People_Marching_2_430
29
633 203 43 51 0.823
417 172 30 36 0.780
769 202 40 44 0.778
912 250 36 44 0.763
164 162 35 39 0.719
288 130 31 35 0.711
213 157 25 28 0.684
91 145 19 24 0.504
363 171 25 32 0.202
64 128 21 25 0.156
308 181 25 33 0.131
109 186 21 25 0.124
83 189 24 29 0.064
594 227 19 31 0.057
71 126 18 21 0.048
832 269 33 42 0.044
538 169 46 49 0.036
58 137 27 32 0.036
837 264 25 32 0.032
1015 265 9 53 0.022
66 192 23 26 0.020
264 189 24 30 0.018
89 179 20 23 0.014
358 169 21 24 0.014
66 144 25 27 0.013
74 191 27 30 0.012
1 193 14 34 0.012
271 193 25 30 0.012
51 140 27 31 0.010
