10_People_Marching_People_Marching_2_678
93
723 272 26 32 0.830
306 292 22 25 0.775
887 293 20 24 0.772
351 277 26 30 0.772
623 295 20 24 0.763
450 296 22 27 0.762
513 302 22 26 0.725
844 304 21 24 0.724
786 304 20 25 0.699
255 289 25 29 0.684
947 209 12 14 0.669
901 207 11 15 0.668
36 316 15 20 0.619
65 253 12 15 0.617
22 317 12 19 0.571
117 334 13 18 0.522
216 296 24 29 0.492
205 297 12 15 0.461
168 311 11 12 0.422
759 320 17 22 0.379
114 299 10 13 0.351
379 305 15 19 0.346
191 318 9 12 0.215
566 327 12 15 0.206
158 335 10 17 0.157
59 323 10 15 0.147
67 367 11 15 0.121
82 334 12 15 0.087
1002 248 12 15 0.086
18 319 12 18 0.075
592 318 10 12 0.066
2 334 9 14 0.064
421 324 11 14 0.064
104 349 11 15 0.060
565 318 11 13 0.059
84 339 12 18 0.057
976 265 14 18 0.057
843 182 13 15 0.057
800 306 15 18 0.053
68 351 12 14 0.050
1015 189 6 11 0.049
75 352 12 15 0.047
201 292 20 24 0.042
80 340 12 16 0.040
563 329 11 13 0.039
388 305 14 16 0.037
66 361 13 17 0.035
124 319 10 13 0.035
997 253 14 18 0.033
1017 273 6 16 0.032
432 287 14 16 0.031
119 300 8 11 0.031
63 368 12 15 0.030
762 313 16 20 0.030
84 351 11 15 0.028
304 275 13 14 0.026
191 320 11 15 0.025
377 309 15 21 0.023
561 319 11 13 0.023
551 316 11 12 0.022
848 182 9 12 0.022
476 293 8 11 0.022
126 317 9 11 0.022
198 314 12 17 0.021
1012 191 7 10 0.021
1013 186 10 16 0.021
159 338 13 17 0.021
797 252 7 8 0.020
154 335 10 14 0.020
809 307 11 14 0.019
108 299 10 12 0.018
394 303 13 16 0.018
204 293 11 14 0.018
521 418 11 12 0.017
317 290 23 26 0.017
306 275 8 10 0.017
80 331 10 13 0.017
1018 176 6 11 0.017
827 352 17 19 0.016
164 316 11 14 0.016
984 237 10 12 0.014
674 330 8 11 0.014
1008 230 9 12 0.014
421 315 14 17 0.014
860 165 8 9 0.014
600 347 8 8 0.013
281 296 12 15 0.012
176 341 13 15 0.012
756 268 5 7 0.011
1011 366 6 7 0.010
872 267 10 13 0.010
805 303 12 17 0.010
590 323 9 12 0.010
