10_People_Marching_People_Marching_2_34
1105
995 721 29 43 0.788
624 716 34 46 0.785
863 720 30 36 0.718
85 734 22 28 0.715
715 702 22 29 0.715
836 670 20 24 0.713
760 744 29 30 0.702
669 708 24 30 0.695
305 715 20 24 0.693
525 709 30 41 0.688
404 720 18 23 0.669
102 682 16 20 0.667
174 689 17 18 0.645
370 640 13 16 0.644
591 688 23 29 0.643
343 641 12 16 0.621
399 657 15 19 0.612
456 636 13 16 0.607
175 748 27 24 0.607
448 685 14 17 0.600
664 667 14 17 0.597
39 683 15 19 0.595
167 634 12 15 0.588
605 622 10 13 0.585
810 638 14 16 0.560
219 669 13 16 0.541
514 688 19 29 0.538
244 641 12 16 0.528
307 626 11 13 0.509
701 681 16 18 0.502
613 663 11 15 0.480
32 619 10 12 0.477
765 590 9 11 0.455
999 651 12 19 0.441
667 532 8 9 0.435
246 563 8 10 0.431
300 588 9 11 0.424
364 565 7 9 0.420
229 595 8 9 0.415
342 574 8 10 0.412
382 561 7 9 0.411
801 568 8 11 0.409
250 581 8 11 0.407
914 523 8 9 0.406
693 581 8 10 0.401
554 625 10 13 0.396
669 610 9 12 0.396
126 604 8 10 0.395
913 549 8 10 0.393
101 556 9 12 0.389
715 659 12 17 0.386
453 547 7 9 0.385
189 577 9 10 0.381
746 551 8 9 0.372
782 583 8 11 0.366
525 583 8 10 0.365
535 597 9 11 0.364
927 567 8 10 0.364
589 587 8 10 0.364
206 583 8 9 0.363
121 571 8 10 0.362
196 563 9 10 0.359
102 605 8 10 0.356
93 619 9 11 0.356
623 626 10 13 0.354
658 575 8 9 0.353
194 534 7 9 0.352
296 570 8 10 0.349
384 669 14 18 0.348
440 530 7 8 0.344
224 728 15 23 0.343
276 587 8 9 0.340
735 581 9 12 0.339
754 609 10 12 0.339
327 648 12 14 0.336
857 607 10 12 0.335
279 627 10 11 0.334
410 548 7 8 0.331
811 586 10 12 0.330
174 712 13 23 0.328
150 594 8 9 0.325
77 569 7 9 0.324
262 669 12 16 0.319
698 567 8 9 0.316
806 516 7 8 0.315
278 540 8 9 0.306
223 675 17 22 0.305
503 602 9 10 0.304
14 620 8 11 0.303
553 573 8 10 0.302
387 589 8 9 0.302
493 525 6 8 0.301
461 526 7 8 0.300
556 590 9 11 0.300
422 691 14 19 0.298
461 729 19 32 0.297
341 606 9 12 0.296
246 599 8 10 0.293
567 565 8 10 0.293
57 576 8 10 0.292
943 543 8 10 0.292
822 587 10 12 0.291
1017 536 7 11 0.291
732 603 10 13 0.289
511 580 8 10 0.287
426 550 7 8 0.282
583 540 7 8 0.280
748 512 6 8 0.276
639 583 8 10 0.272
68 563 9 10 0.272
592 640 8 11 0.272
73 606 9 10 0.267
834 566 8 10 0.267
464 592 8 11 0.266
71 565 8 10 0.265
330 590 8 10 0.264
951 665 16 22 0.261
633 611 9 12 0.260
726 622 11 14 0.260
506 621 9 11 0.257
351 531 7 8 0.255
934 517 7 9 0.255
945 596 8 10 0.255
820 609 11 14 0.254
259 595 9 10 0.253
859 563 7 9 0.253
785 548 9 11 0.251
153 546 7 10 0.250
835 550 6 9 0.250
484 627 9 13 0.246
377 582 8 9 0.244
347 624 10 12 0.242
147 624 10 12 0.242
228 547 8 9 0.241
385 536 7 8 0.239
359 542 7 8 0.238
419 531 7 8 0.238
384 588 8 10 0.233
74 567 8 10 0.231
874 518 7 8 0.229
937 497 6 8 0.228
563 651 10 14 0.228
629 520 7 8 0.227
64 637 11 15 0.224
658 559 8 10 0.219
958 567 8 9 0.219
424 577 7 9 0.217
628 585 9 10 0.217
39 649 13 15 0.216
721 578 9 11 0.212
135 546 7 9 0.210
551 697 19 22 0.209
390 521 6 7 0.207
984 634 11 13 0.205
429 550 7 8 0.203
143 609 8 10 0.201
179 602 9 10 0.200
593 575 8 10 0.200
709 691 20 26 0.200
197 520 6 8 0.199
563 588 9 11 0.198
409 596 9 11 0.198
326 560 8 10 0.195
825 587 10 12 0.195
816 586 10 12 0.194
444 590 8 10 0.194
828 515 6 8 0.191
81 598 8 10 0.191
165 610 8 9 0.190
507 639 11 14 0.190
753 574 9 11 0.190
419 596 8 11 0.189
341 591 9 11 0.186
901 628 10 14 0.186
843 481 6 8 0.183
208 549 7 9 0.182
108 642 12 16 0.180
965 602 10 12 0.180
619 575 8 9 0.180
891 508 7 8 0.179
356 636 10 12 0.178
682 486 6 8 0.177
899 563 9 10 0.176
556 509 7 8 0.174
440 628 10 12 0.172
632 605 10 11 0.172
14 493 6 7 0.172
463 571 8 10 0.170
626 512 6 9 0.170
660 505 7 7 0.168
280 562 8 9 0.166
503 549 7 9 0.164
837 550 7 9 0.164
515 505 6 7 0.162
641 443 6 7 0.161
1009 588 10 13 0.160
318 542 6 8 0.160
840 611 11 14 0.159
696 581 8 10 0.155
990 652 12 17 0.155
0 611 7 11 0.155
379 561 8 10 0.154
159 555 8 10 0.152
776 518 6 8 0.152
395 635 10 11 0.151
733 468 6 7 0.151
14 544 7 8 0.150
459 581 8 11 0.150
883 461 6 6 0.149
442 581 8 9 0.148
460 586 9 12 0.145
580 610 9 12 0.145
847 583 10 11 0.144
760 526 6 8 0.144
667 491 6 7 0.144
914 491 7 8 0.143
19 521 7 8 0.143
985 654 11 15 0.142
381 624 10 13 0.141
675 518 6 8 0.140
507 622 11 13 0.140
280 539 7 9 0.139
852 509 6 7 0.139
21 574 7 9 0.139
447 607 8 11 0.139
426 473 5 7 0.138
515 526 7 8 0.138
637 503 6 7 0.137
318 662 12 16 0.135
35 549 8 10 0.135
948 700 20 26 0.134
858 543 8 9 0.132
11 689 11 16 0.130
220 637 9 11 0.130
249 592 8 13 0.129
55 629 9 12 0.129
846 645 14 15 0.129
673 516 6 8 0.129
192 603 8 10 0.129
219 505 6 8 0.129
789 522 6 8 0.128
902 478 7 8 0.127
296 609 8 11 0.127
845 584 9 10 0.127
357 539 7 9 0.127
231 494 6 7 0.126
297 495 6 7 0.126
306 476 6 7 0.126
319 578 7 10 0.126
832 567 8 10 0.125
405 597 9 11 0.125
740 438 5 7 0.125
667 460 5 7 0.124
666 611 9 12 0.124
256 495 6 7 0.122
223 682 14 19 0.122
68 619 9 11 0.122
616 495 6 7 0.121
641 472 5 7 0.120
834 457 6 7 0.119
836 585 9 12 0.119
978 568 7 9 0.119
561 611 9 11 0.119
1007 626 10 13 0.117
906 454 6 8 0.116
415 475 5 7 0.116
833 435 5 7 0.115
293 568 9 11 0.115
607 498 6 7 0.115
1010 637 11 15 0.115
696 494 6 7 0.114
83 595 8 10 0.114
618 462 6 7 0.113
266 674 13 19 0.113
299 571 8 9 0.113
229 494 6 7 0.113
472 549 7 9 0.113
675 567 8 9 0.112
590 465 5 7 0.112
321 656 12 15 0.112
455 505 6 7 0.111
987 587 8 11 0.110
612 477 6 7 0.110
316 687 14 20 0.110
331 544 8 8 0.108
879 574 7 10 0.108
719 435 6 6 0.108
833 562 8 11 0.107
456 459 6 7 0.107
165 661 11 15 0.107
198 620 8 11 0.106
710 673 13 17 0.106
404 595 8 10 0.106
329 558 7 10 0.105
220 537 6 8 0.105
538 525 6 8 0.105
320 610 9 11 0.105
79 468 6 7 0.104
789 468 6 7 0.104
929 658 15 24 0.104
201 614 8 12 0.104
687 550 7 8 0.103
405 422 6 7 0.102
154 511 6 7 0.101
631 575 8 9 0.101
0 560 6 10 0.100
458 528 7 8 0.100
605 498 7 8 0.100
535 624 8 11 0.098
880 575 9 11 0.098
764 503 6 8 0.098
71 514 7 7 0.098
226 612 8 11 0.097
138 680 16 19 0.097
802 486 6 8 0.097
308 662 10 13 0.096
569 525 7 8 0.096
268 489 6 7 0.096
465 568 8 10 0.096
459 459 6 7 0.095
581 613 9 12 0.094
321 469 5 7 0.094
476 420 5 6 0.094
920 555 9 11 0.094
439 625 9 12 0.094
381 585 9 11 0.093
853 628 12 14 0.093
641 685 16 20 0.093
741 437 6 7 0.093
994 606 11 14 0.093
675 524 7 9 0.092
633 615 11 13 0.092
141 546 8 9 0.092
310 662 12 16 0.091
645 443 6 6 0.091
223 543 7 9 0.091
586 675 14 17 0.091
276 539 7 8 0.090
487 599 9 10 0.090
259 466 6 7 0.089
82 633 10 12 0.089
618 545 7 8 0.088
942 599 10 15 0.088
395 526 6 7 0.088
206 671 10 12 0.087
665 461 6 7 0.086
937 659 16 24 0.086
698 458 6 7 0.086
993 611 10 14 0.086
50 534 8 9 0.086
776 661 16 20 0.085
192 569 8 10 0.085
449 475 6 7 0.084
171 571 8 10 0.084
399 470 6 7 0.084
226 594 9 10 0.083
993 627 10 13 0.083
392 632 10 14 0.082
891 686 16 19 0.082
539 703 22 32 0.081
193 564 8 11 0.081
258 466 5 7 0.080
231 678 16 18 0.080
776 629 11 13 0.080
629 474 6 7 0.080
201 611 9 10 0.079
490 597 9 11 0.079
688 610 9 12 0.079
708 598 8 10 0.079
689 523 6 8 0.079
766 543 7 8 0.079
0 664 6 18 0.079
854 525 7 8 0.079
448 474 6 7 0.079
29 559 7 9 0.079
359 611 9 11 0.078
209 580 8 11 0.078
281 456 5 7 0.077
539 479 6 7 0.077
939 603 11 16 0.076
645 489 6 7 0.076
700 460 5 6 0.076
861 482 6 8 0.076
767 587 10 12 0.075
869 558 7 9 0.075
876 592 9 11 0.075
710 594 8 10 0.075
406 695 14 19 0.075
412 596 9 11 0.075
461 591 9 11 0.074
377 382 5 6 0.074
850 581 8 11 0.074
693 680 18 21 0.074
286 485 5 7 0.074
144 546 7 9 0.074
654 521 7 8 0.074
596 497 6 7 0.074
953 512 7 8 0.074
908 455 6 8 0.074
639 664 11 15 0.073
1010 624 9 12 0.073
805 603 9 11 0.073
634 588 9 11 0.073
805 531 8 9 0.072
530 623 8 10 0.072
531 504 5 7 0.072
620 629 10 12 0.071
504 642 12 15 0.071
124 554 8 9 0.071
717 582 9 11 0.071
80 635 10 14 0.071
990 501 6 8 0.070
303 664 12 16 0.070
123 605 8 10 0.070
688 605 9 11 0.069
662 502 6 8 0.069
254 494 5 7 0.069
871 517 7 8 0.069
270 683 13 20 0.068
535 568 8 9 0.068
788 610 8 11 0.068
751 680 16 22 0.068
490 503 6 7 0.067
826 517 6 8 0.067
293 604 8 10 0.067
298 676 13 18 0.066
332 452 6 7 0.066
683 458 6 7 0.066
808 604 9 11 0.066
94 529 6 7 0.066
162 610 8 11 0.066
534 505 6 7 0.066
773 520 6 8 0.066
155 599 7 10 0.065
249 571 8 12 0.065
416 378 5 7 0.065
652 459 6 6 0.065
350 454 6 7 0.065
765 544 6 8 0.065
748 477 6 7 0.064
824 493 6 8 0.064
852 523 7 9 0.064
142 613 9 12 0.064
973 654 15 18 0.064
187 548 8 10 0.064
608 442 5 6 0.064
568 537 7 9 0.063
610 461 6 7 0.063
38 515 7 9 0.063
401 449 6 6 0.063
951 513 7 8 0.063
608 460 6 7 0.063
627 516 7 9 0.062
297 580 9 12 0.062
914 552 9 11 0.062
524 504 6 7 0.061
414 380 5 6 0.061
407 423 5 7 0.061
877 572 8 9 0.061
681 578 10 11 0.060
149 654 11 14 0.060
771 572 7 10 0.060
581 428 5 7 0.060
519 474 7 8 0.060
61 623 9 12 0.060
196 524 8 10 0.059
31 553 8 9 0.059
7 446 5 7 0.059
249 576 8 11 0.059
374 416 5 7 0.059
729 511 6 8 0.059
577 618 9 11 0.058
725 656 12 14 0.058
780 547 8 9 0.058
380 621 10 12 0.058
227 602 8 11 0.058
581 542 6 8 0.057
943 606 12 17 0.057
540 571 9 10 0.057
487 632 10 13 0.056
25 487 6 7 0.056
581 402 5 6 0.056
762 644 9 13 0.056
744 474 6 7 0.055
318 679 12 20 0.055
274 685 13 19 0.055
472 460 6 7 0.054
725 484 6 7 0.054
993 540 10 11 0.054
772 474 5 7 0.054
828 465 6 8 0.053
444 586 9 11 0.053
123 466 6 7 0.052
456 487 6 7 0.052
468 445 5 6 0.052
161 659 12 16 0.052
374 633 12 14 0.051
263 710 14 23 0.051
28 484 5 7 0.050
97 527 6 8 0.050
540 562 8 9 0.050
637 493 6 8 0.050
930 544 7 10 0.050
1008 567 8 10 0.049
751 494 6 7 0.049
863 542 8 9 0.049
487 503 6 7 0.049
265 489 6 7 0.048
517 529 6 8 0.048
315 611 9 11 0.048
562 670 15 18 0.048
959 564 7 9 0.048
200 621 10 11 0.048
5 527 7 8 0.048
144 469 6 7 0.048
823 496 6 8 0.048
907 537 7 9 0.048
806 433 5 7 0.047
336 724 17 26 0.047
135 491 6 7 0.047
772 476 6 7 0.047
674 448 5 7 0.047
953 428 6 6 0.046
579 743 19 25 0.046
574 384 5 6 0.046
497 466 6 8 0.046
445 630 10 14 0.046
162 472 5 7 0.046
63 453 6 6 0.046
261 598 9 11 0.046
750 493 5 8 0.046
723 533 7 9 0.046
654 547 6 8 0.046
479 624 10 12 0.046
313 493 5 7 0.046
1011 593 9 11 0.046
523 451 5 7 0.045
45 463 6 7 0.045
503 450 5 7 0.045
563 444 6 7 0.045
7 525 6 7 0.045
134 512 7 8 0.045
753 533 7 8 0.044
573 453 6 7 0.044
44 461 6 7 0.044
828 473 5 8 0.044
727 486 5 6 0.044
48 533 7 9 0.044
876 596 8 10 0.044
931 602 11 14 0.043
130 448 6 6 0.043
164 474 5 7 0.043
328 488 6 7 0.043
320 538 6 8 0.043
616 599 8 10 0.043
349 452 5 6 0.042
879 459 6 6 0.042
110 516 7 7 0.042
774 481 6 7 0.042
509 643 11 16 0.042
185 588 8 12 0.041
208 625 10 13 0.041
562 556 7 8 0.041
273 468 6 7 0.041
473 483 6 7 0.041
203 576 9 11 0.041
988 501 6 8 0.041
245 485 6 7 0.040
548 399 5 6 0.040
20 523 7 8 0.040
565 581 8 12 0.040
327 487 6 7 0.040
277 543 8 9 0.040
863 480 7 8 0.039
1011 491 6 7 0.039
422 529 8 9 0.039
54 573 10 11 0.039
615 544 7 8 0.039
547 691 14 20 0.039
656 372 6 7 0.039
493 418 5 6 0.038
520 685 13 23 0.038
515 661 11 16 0.038
493 468 6 7 0.038
474 458 5 7 0.038
896 653 12 14 0.038
161 493 5 8 0.037
850 638 12 15 0.037
498 467 7 8 0.037
996 542 8 10 0.037
462 397 5 6 0.037
1012 565 8 10 0.037
574 465 6 6 0.037
416 575 8 9 0.037
861 546 8 10 0.036
422 527 6 8 0.036
589 579 9 10 0.036
667 487 7 9 0.036
467 733 17 27 0.036
1003 521 6 8 0.036
481 402 5 6 0.036
588 479 6 7 0.036
281 630 10 13 0.036
377 414 5 7 0.036
772 516 7 10 0.036
280 458 6 8 0.035
500 524 6 8 0.035
223 448 6 6 0.035
166 472 5 6 0.035
554 696 22 29 0.035
898 569 9 11 0.035
223 424 5 6 0.034
527 458 6 7 0.034
444 573 7 9 0.034
822 670 15 21 0.034
333 454 5 7 0.034
264 685 13 18 0.034
797 726 24 30 0.034
926 659 13 21 0.034
817 503 6 7 0.033
948 525 7 8 0.033
564 538 7 9 0.033
304 391 5 6 0.033
411 378 5 7 0.033
935 441 5 6 0.033
8 448 6 7 0.033
591 476 6 7 0.033
597 416 5 6 0.033
743 441 6 6 0.033
90 529 6 8 0.033
257 645 10 14 0.032
954 698 20 25 0.032
385 531 6 9 0.032
706 606 8 11 0.032
852 584 8 11 0.032
516 448 6 7 0.032
557 674 14 19 0.032
348 530 6 8 0.032
15 491 8 10 0.032
361 442 6 7 0.032
473 441 6 7 0.032
940 533 9 11 0.032
323 477 6 8 0.031
845 575 9 11 0.031
315 543 7 9 0.031
218 471 5 7 0.031
652 545 6 8 0.031
488 660 12 17 0.031
203 667 10 13 0.031
779 483 6 7 0.030
495 488 6 8 0.030
837 498 6 7 0.030
33 550 9 11 0.030
36 510 7 8 0.030
297 642 10 12 0.030
129 450 5 6 0.030
255 446 6 6 0.030
96 442 5 6 0.029
776 719 22 30 0.029
568 449 5 7 0.029
97 714 15 21 0.029
904 629 12 17 0.029
710 680 16 20 0.029
509 533 8 10 0.029
378 385 5 6 0.029
461 398 5 6 0.028
805 485 5 8 0.028
633 459 6 7 0.028
399 695 15 18 0.028
256 444 5 6 0.028
656 422 5 7 0.028
888 482 7 7 0.028
499 450 6 8 0.027
146 656 11 15 0.027
694 607 11 12 0.027
426 417 5 7 0.027
825 730 23 32 0.027
298 374 6 6 0.027
872 501 6 7 0.027
109 508 6 8 0.027
910 527 7 9 0.027
342 719 14 24 0.027
242 614 9 12 0.027
590 463 5 7 0.027
850 648 14 17 0.027
948 660 14 21 0.027
470 663 12 15 0.027
15 618 11 15 0.026
386 519 6 7 0.026
508 416 6 6 0.026
500 549 8 9 0.026
557 506 7 8 0.026
972 424 5 7 0.026
186 615 10 12 0.026
994 522 8 9 0.026
520 450 6 7 0.025
829 485 6 7 0.025
283 495 6 7 0.025
738 440 5 7 0.025
171 630 10 14 0.025
748 561 8 10 0.025
405 400 5 6 0.025
401 539 7 8 0.025
914 583 9 11 0.025
273 620 8 11 0.025
313 455 6 7 0.025
430 619 8 11 0.025
886 484 6 8 0.025
180 607 9 11 0.025
408 423 5 6 0.025
806 387 5 6 0.025
104 464 6 7 0.025
30 540 7 9 0.025
232 490 7 9 0.025
192 513 7 8 0.025
454 398 4 6 0.025
451 440 6 6 0.025
354 485 6 7 0.025
727 508 6 8 0.024
905 613 8 13 0.024
172 693 15 20 0.024
217 548 8 10 0.024
602 588 8 10 0.024
333 497 6 8 0.024
396 470 5 7 0.024
441 413 5 6 0.024
313 418 5 6 0.024
468 471 5 7 0.024
442 486 5 7 0.024
435 394 6 6 0.023
187 506 5 7 0.023
197 448 5 7 0.023
65 451 6 7 0.023
254 442 5 7 0.023
594 673 16 21 0.023
153 578 9 13 0.023
959 570 8 11 0.023
599 399 5 7 0.023
139 573 8 10 0.023
906 610 8 12 0.023
463 454 6 7 0.023
515 519 7 10 0.023
533 428 5 7 0.023
316 529 7 7 0.023
798 628 11 14 0.023
173 599 8 10 0.022
1016 559 7 11 0.022
195 450 6 6 0.022
589 369 5 7 0.022
975 422 5 6 0.022
458 423 6 6 0.022
364 384 5 6 0.022
377 445 5 7 0.022
298 644 11 14 0.022
228 495 8 9 0.022
680 519 8 10 0.022
726 629 11 14 0.022
96 559 8 11 0.022
466 662 12 14 0.022
333 450 5 6 0.022
547 463 6 7 0.022
796 535 7 9 0.022
998 710 19 22 0.022
116 575 8 10 0.022
656 640 11 14 0.022
133 487 5 7 0.022
426 432 5 7 0.021
843 436 6 6 0.021
94 470 6 7 0.021
991 542 9 11 0.021
425 567 8 11 0.021
857 454 5 6 0.021
895 503 8 10 0.021
807 587 9 11 0.021
543 525 6 8 0.021
911 584 8 11 0.021
965 455 6 7 0.021
850 725 29 33 0.021
109 505 7 7 0.021
783 663 14 20 0.021
640 510 6 8 0.021
289 438 5 6 0.021
535 429 6 6 0.020
864 650 12 15 0.020
965 653 13 19 0.020
746 658 11 14 0.020
384 399 5 6 0.020
513 576 8 10 0.020
455 424 6 6 0.020
963 404 5 7 0.020
318 466 5 7 0.020
276 418 5 6 0.020
989 548 10 12 0.020
31 563 8 10 0.020
559 665 12 16 0.020
419 683 12 16 0.020
447 568 8 9 0.020
652 551 7 9 0.020
674 416 5 5 0.020
454 614 8 11 0.020
964 434 6 7 0.020
584 607 9 11 0.020
621 538 8 11 0.020
655 372 5 6 0.020
387 518 8 10 0.020
881 416 6 7 0.020
205 443 6 7 0.020
366 703 12 17 0.020
862 438 6 7 0.020
211 378 5 7 0.020
377 449 5 6 0.020
300 458 5 6 0.019
373 400 5 7 0.019
342 427 6 6 0.019
169 662 12 16 0.019
832 520 7 9 0.019
1010 515 7 9 0.019
498 389 6 6 0.019
224 449 5 7 0.019
76 404 5 6 0.019
389 615 10 12 0.019
643 663 11 14 0.019
364 354 5 6 0.019
416 674 10 15 0.019
261 649 11 13 0.019
229 542 8 10 0.019
373 458 6 6 0.019
105 468 6 7 0.019
955 528 7 10 0.019
12 583 8 10 0.019
529 416 6 6 0.019
879 698 17 21 0.019
907 453 9 10 0.019
572 522 7 8 0.019
608 663 10 13 0.018
13 577 7 10 0.018
80 643 10 13 0.018
98 440 5 7 0.018
198 527 7 8 0.018
221 499 8 10 0.018
542 697 19 26 0.018
758 611 11 13 0.018
33 477 6 8 0.018
877 598 8 11 0.018
247 547 7 8 0.018
388 662 11 16 0.018
403 587 7 9 0.018
500 404 5 6 0.018
473 417 5 6 0.018
331 404 5 6 0.018
531 371 5 6 0.018
490 442 6 6 0.017
787 468 7 9 0.017
202 428 5 6 0.017
571 671 13 15 0.017
67 449 5 7 0.017
385 449 6 6 0.017
4 486 5 8 0.017
840 395 5 6 0.017
941 461 6 7 0.017
152 539 8 12 0.017
698 476 6 7 0.017
225 451 6 6 0.017
219 394 5 6 0.017
654 474 6 8 0.017
916 688 15 20 0.017
178 451 5 7 0.017
898 461 6 8 0.017
730 510 8 11 0.017
29 597 8 10 0.017
968 402 6 6 0.017
604 372 5 6 0.017
239 420 5 6 0.017
587 538 7 9 0.017
218 565 7 10 0.017
852 417 5 7 0.017
432 621 9 12 0.017
877 618 9 12 0.016
305 630 11 13 0.016
995 711 26 33 0.016
718 433 8 9 0.016
394 473 5 7 0.016
104 456 6 6 0.016
642 441 7 9 0.016
768 654 12 16 0.016
173 431 5 7 0.016
970 425 6 7 0.016
730 538 7 9 0.016
561 447 5 7 0.016
558 493 5 7 0.016
916 466 6 7 0.016
276 416 5 6 0.016
477 381 5 6 0.016
11 628 9 17 0.016
570 383 5 6 0.016
170 399 5 6 0.016
322 664 12 15 0.016
230 635 10 13 0.016
866 407 5 6 0.016
57 482 6 8 0.016
426 695 15 19 0.016
709 405 5 6 0.016
770 520 8 9 0.016
278 415 5 6 0.016
423 448 5 6 0.016
697 498 5 8 0.016
34 503 6 7 0.016
977 444 5 7 0.016
74 451 5 7 0.015
306 393 5 6 0.015
551 432 5 7 0.015
992 535 8 12 0.015
860 462 6 6 0.015
545 450 5 6 0.015
213 377 5 6 0.015
310 491 5 7 0.015
546 701 23 33 0.015
243 422 5 6 0.015
677 444 5 8 0.015
856 660 14 18 0.015
584 402 6 6 0.015
875 626 9 12 0.015
666 505 8 11 0.015
316 416 5 6 0.015
351 380 5 6 0.015
648 679 14 18 0.015
309 437 6 7 0.015
260 375 6 6 0.015
91 470 6 7 0.015
854 456 5 7 0.015
181 448 6 6 0.015
627 378 5 6 0.015
182 459 5 7 0.015
197 660 10 12 0.015
801 634 12 14 0.015
923 584 8 10 0.015
296 425 5 6 0.015
937 443 5 8 0.014
732 460 8 10 0.014
57 579 8 10 0.014
879 416 5 7 0.014
297 417 5 6 0.014
194 380 5 6 0.014
926 607 9 12 0.014
380 382 5 6 0.014
68 384 5 6 0.014
473 661 11 14 0.014
770 434 5 6 0.014
560 491 6 7 0.014
271 492 6 7 0.014
684 598 8 10 0.014
942 701 19 23 0.014
389 432 6 7 0.014
655 636 10 12 0.014
8 698 11 18 0.014
741 657 12 15 0.014
872 495 7 8 0.014
652 639 10 14 0.014
584 425 5 7 0.014
432 393 5 6 0.014
929 427 5 7 0.013
700 539 7 8 0.013
516 387 6 6 0.013
594 386 5 6 0.013
789 415 5 6 0.013
80 535 7 8 0.013
697 666 13 16 0.013
323 432 5 6 0.013
25 452 6 7 0.013
247 401 5 6 0.013
652 425 5 6 0.013
91 508 6 7 0.013
575 500 6 7 0.013
43 460 8 10 0.013
1008 656 12 19 0.013
12 496 6 8 0.013
1012 505 6 9 0.013
554 439 6 8 0.013
844 643 11 13 0.013
230 465 6 7 0.013
637 687 15 20 0.013
504 427 6 8 0.013
516 384 5 6 0.013
532 372 5 6 0.013
364 386 5 6 0.013
788 431 5 7 0.013
141 632 10 14 0.013
418 527 6 7 0.013
540 359 6 7 0.013
847 433 5 6 0.013
663 609 9 12 0.013
259 707 15 23 0.012
549 479 6 7 0.012
944 460 5 6 0.012
121 550 7 9 0.012
289 338 5 6 0.012
915 757 15 17 0.012
840 394 4 6 0.012
726 415 6 7 0.012
473 693 14 18 0.012
351 405 5 6 0.012
440 467 6 7 0.012
294 425 5 7 0.012
565 699 19 24 0.012
765 396 5 5 0.012
663 423 5 6 0.012
771 436 5 7 0.012
187 478 6 7 0.012
243 579 8 11 0.012
107 429 5 6 0.012
671 416 5 6 0.012
195 476 6 6 0.012
168 510 6 8 0.012
356 448 6 7 0.012
872 432 6 6 0.012
224 527 6 8 0.012
342 365 5 6 0.012
63 477 6 7 0.012
139 504 6 8 0.012
352 482 6 7 0.012
388 598 8 11 0.012
76 497 7 8 0.012
12 614 9 11 0.012
696 459 8 9 0.012
981 417 6 6 0.012
643 478 7 10 0.012
985 586 12 16 0.012
348 449 9 10 0.012
156 438 6 8 0.012
904 688 17 20 0.012
939 499 8 10 0.012
506 418 5 7 0.011
166 577 7 9 0.011
652 694 17 24 0.011
721 631 11 14 0.011
898 409 5 6 0.011
1007 576 8 11 0.011
868 407 6 6 0.011
48 730 15 25 0.011
209 458 6 6 0.011
508 688 18 26 0.011
441 384 5 6 0.011
451 418 5 6 0.011
955 455 6 7 0.011
411 448 6 6 0.011
235 665 12 15 0.011
629 381 5 6 0.011
885 547 7 8 0.011
883 522 7 9 0.011
138 631 10 13 0.011
603 377 5 6 0.011
1014 534 11 15 0.011
492 662 12 17 0.011
865 409 6 6 0.011
11 586 8 11 0.011
24 521 9 11 0.011
343 553 7 9 0.011
906 585 9 11 0.011
41 668 13 16 0.011
262 393 6 6 0.011
24 482 5 7 0.011
602 384 5 6 0.011
556 387 5 6 0.011
245 449 6 6 0.011
92 521 6 8 0.011
300 463 5 8 0.011
530 439 5 8 0.011
588 468 7 10 0.011
596 572 7 9 0.011
358 483 6 7 0.011
41 436 5 7 0.011
768 394 5 6 0.011
975 448 5 7 0.011
78 506 7 8 0.011
601 608 8 10 0.011
199 726 13 19 0.011
208 453 5 7 0.011
544 436 6 6 0.011
244 424 5 6 0.011
565 417 5 6 0.011
76 599 8 10 0.011
852 460 6 7 0.010
267 614 9 11 0.010
477 379 5 6 0.010
32 472 6 7 0.010
638 686 23 29 0.010
224 515 6 8 0.010
84 383 5 6 0.010
646 392 5 6 0.010
138 451 6 6 0.010
182 455 5 7 0.010
189 428 5 6 0.010
934 582 9 11 0.010
837 618 10 13 0.010
59 537 7 8 0.010
696 482 5 7 0.010
113 638 10 13 0.010
351 408 5 7 0.010
734 575 8 11 0.010
120 464 8 10 0.010
883 461 8 10 0.010
324 437 6 7 0.010
644 564 8 9 0.010
677 683 16 21 0.010
156 435 5 7 0.010
