10_People_Marching_People_Marching_2_191
55
747 323 21 28 0.767
660 321 20 23 0.752
96 315 17 22 0.731
514 315 20 28 0.727
329 238 15 17 0.727
242 309 19 25 0.717
337 307 17 23 0.714
454 320 17 24 0.699
82 293 16 22 0.691
379 239 15 18 0.684
319 301 14 20 0.676
21 300 18 21 0.671
847 316 21 28 0.653
136 303 17 21 0.653
185 314 17 20 0.640
829 322 17 24 0.620
970 346 18 25 0.604
386 316 17 22 0.588
1012 473 12 28 0.497
255 292 15 19 0.482
366 309 15 21 0.246
500 333 10 15 0.150
361 278 11 14 0.139
24 295 17 21 0.104
639 319 17 23 0.097
4 290 14 20 0.085
573 343 6 8 0.071
169 297 16 18 0.052
1 285 13 22 0.040
385 240 13 16 0.035
559 336 7 9 0.035
9 288 16 20 0.034
593 335 8 10 0.034
26 284 17 19 0.033
33 286 14 18 0.029
841 322 21 26 0.027
822 321 16 23 0.026
14 302 15 19 0.025
30 291 17 22 0.025
123 297 13 18 0.025
360 304 13 18 0.023
2 297 12 19 0.023
252 283 11 16 0.021
93 319 15 19 0.020
67 284 10 13 0.019
1006 312 12 22 0.017
76 289 14 21 0.016
238 308 14 22 0.016
188 310 17 20 0.016
252 286 13 20 0.014
162 296 15 19 0.014
119 292 13 17 0.014
742 319 17 23 0.013
790 472 15 26 0.012
131 297 15 18 0.010
