10_People_Marching_People_Marching_10_People_Marching_People_Marching_10_People_Marching_People_Marching_10_619
103
432 461 14 15 0.630
668 442 13 16 0.526
503 442 9 11 0.479
554 446 14 17 0.449
260 458 10 14 0.445
416 445 7 9 0.439
355 456 9 11 0.439
194 465 12 16 0.426
165 479 12 17 0.341
305 459 10 12 0.336
592 439 11 14 0.323
401 468 8 9 0.315
232 467 11 14 0.307
438 433 8 10 0.297
522 448 12 15 0.282
359 442 6 8 0.260
395 446 7 9 0.214
54 481 13 19 0.214
498 458 8 9 0.211
462 448 8 10 0.197
785 420 12 16 0.166
609 443 10 13 0.155
782 424 13 17 0.125
219 460 10 13 0.118
741 421 12 13 0.118
703 431 13 15 0.114
248 459 12 14 0.113
499 454 9 12 0.111
266 474 9 11 0.104
190 463 13 17 0.103
58 475 12 18 0.102
96 474 12 17 0.099
221 455 11 13 0.086
558 445 14 16 0.085
403 431 6 8 0.080
331 459 7 9 0.078
230 460 11 14 0.078
531 447 12 16 0.073
236 463 10 14 0.073
100 476 12 16 0.071
440 436 8 10 0.071
466 451 8 10 0.067
612 446 11 12 0.066
229 454 10 11 0.066
299 456 10 12 0.063
399 450 9 11 0.056
92 478 13 15 0.053
222 466 10 12 0.052
459 434 6 7 0.051
407 431 6 7 0.050
945 30 79 326 0.049
588 439 11 14 0.049
680 418 11 15 0.046
327 457 7 10 0.045
722 421 11 13 0.045
267 458 10 13 0.040
518 451 10 12 0.039
66 367 6 7 0.039
615 439 10 12 0.038
398 467 8 9 0.037
471 455 8 10 0.036
239 454 9 13 0.035
371 446 7 7 0.035
392 446 7 9 0.034
600 443 12 13 0.034
497 452 8 11 0.033
284 455 9 12 0.032
158 477 11 14 0.030
456 433 6 8 0.029
746 421 10 13 0.028
49 484 14 18 0.027
787 416 11 14 0.027
537 445 10 14 0.025
109 364 8 9 0.025
576 444 12 14 0.023
0 415 7 18 0.021
187 470 12 18 0.020
376 445 6 9 0.020
99 470 12 16 0.019
633 361 5 7 0.019
416 429 6 7 0.018
688 424 11 14 0.018
105 476 11 15 0.017
93 470 13 16 0.017
409 436 8 10 0.016
438 458 12 15 0.016
395 386 6 7 0.016
732 420 10 13 0.015
459 436 8 10 0.015
630 441 8 11 0.015
638 429 9 11 0.015
644 446 9 10 0.014
704 436 13 16 0.013
635 428 9 11 0.013
639 436 9 11 0.013
537 450 12 14 0.013
193 459 11 15 0.012
212 457 10 13 0.012
616 345 5 6 0.012
429 462 11 14 0.011
89 502 12 15 0.010
683 413 9 13 0.010
732 425 10 13 0.010
