10_People_Marching_People_Marching_2_239
28
351 223 69 79 0.842
514 349 50 63 0.815
842 239 70 79 0.802
975 401 45 55 0.746
61 404 49 56 0.699
932 355 40 59 0.594
211 359 56 59 0.396
722 85 78 94 0.351
970 165 17 19 0.183
916 555 78 91 0.093
971 192 16 23 0.040
907 397 35 43 0.030
907 414 46 57 0.028
165 329 27 38 0.028
697 287 49 81 0.026
769 345 57 78 0.026
1 426 34 49 0.022
197 320 67 84 0.019
973 161 17 19 0.018
976 186 16 19 0.018
175 478 42 54 0.016
410 313 38 50 0.014
416 320 26 34 0.013
746 347 58 78 0.012
902 430 53 61 0.011
1014 213 10 23 0.011
185 293 59 85 0.010
966 180 17 22 0.010
