10_People_Marching_People_Marching_2_236
50
463 161 25 35 0.614
0 121 9 16 0.546
916 124 12 15 0.485
36 123 12 14 0.461
554 126 12 15 0.397
976 123 12 14 0.381
475 115 13 17 0.371
137 115 13 16 0.365
874 130 11 14 0.325
606 113 14 16 0.314
713 126 13 16 0.271
811 135 12 15 0.254
825 120 12 15 0.232
829 119 12 14 0.211
703 116 13 15 0.196
731 127 13 16 0.183
55 192 13 16 0.156
707 124 13 16 0.152
991 307 18 25 0.127
472 112 12 18 0.115
835 120 11 13 0.093
834 98 9 10 0.077
972 123 12 13 0.061
733 131 12 15 0.061
308 213 13 14 0.060
869 131 11 15 0.052
559 154 40 51 0.044
133 115 12 16 0.044
983 122 10 14 0.040
549 125 13 16 0.038
59 192 13 16 0.034
474 109 12 15 0.031
625 120 12 14 0.030
581 122 12 14 0.029
259 322 40 49 0.027
32 121 12 15 0.027
805 120 11 13 0.023
603 118 14 16 0.022
931 184 17 22 0.020
632 315 47 41 0.019
814 137 12 15 0.018
579 125 11 14 0.018
838 118 11 13 0.016
982 196 11 19 0.016
142 114 14 16 0.014
730 122 12 14 0.013
595 116 13 15 0.012
804 133 13 17 0.012
628 125 10 14 0.011
630 123 10 14 0.011
