10_People_Marching_People_Marching_10_People_Marching_People_Marching_10_240
191
241 304 66 83 0.848
411 325 110 129 0.838
910 431 113 120 0.820
610 235 49 59 0.817
221 268 35 44 0.813
131 209 26 36 0.790
2 237 30 38 0.786
291 267 35 52 0.779
554 225 21 26 0.758
380 252 26 34 0.754
419 235 41 53 0.748
689 259 26 34 0.738
218 226 24 28 0.730
328 231 26 38 0.706
493 213 16 23 0.696
263 212 18 23 0.688
195 198 18 21 0.664
797 305 42 54 0.660
714 244 25 30 0.635
743 217 13 16 0.626
977 339 47 72 0.609
224 204 16 20 0.604
739 236 17 22 0.602
838 264 27 34 0.590
1000 213 15 19 0.584
170 200 19 26 0.572
891 217 16 18 0.564
538 210 15 19 0.531
387 190 12 13 0.519
683 225 17 21 0.503
139 188 14 16 0.486
340 216 14 16 0.478
852 214 12 14 0.475
457 241 24 37 0.439
497 199 12 14 0.430
825 273 30 34 0.430
105 194 17 23 0.422
713 224 11 13 0.419
479 189 10 14 0.412
1013 225 11 22 0.404
935 274 42 41 0.366
796 219 11 14 0.360
767 203 9 11 0.347
623 204 14 16 0.343
375 214 14 17 0.322
723 204 11 13 0.321
516 246 26 30 0.319
233 189 11 13 0.301
692 207 9 11 0.280
790 205 11 12 0.264
343 187 10 12 0.263
296 184 9 10 0.261
202 182 9 10 0.257
304 198 14 17 0.251
589 193 10 13 0.240
163 188 11 14 0.233
300 207 14 18 0.228
841 212 12 14 0.219
890 222 18 22 0.217
259 187 9 11 0.216
540 213 17 21 0.214
837 211 11 14 0.210
889 234 16 19 0.203
261 181 9 10 0.189
11 190 19 24 0.182
905 247 17 22 0.182
836 207 10 12 0.167
597 230 16 22 0.167
280 192 11 12 0.166
371 297 32 50 0.164
794 214 12 14 0.158
780 204 8 10 0.150
224 184 9 10 0.148
242 180 8 9 0.141
369 193 9 11 0.135
227 188 11 14 0.130
229 197 12 16 0.129
325 167 9 10 0.126
166 198 17 20 0.125
678 231 18 23 0.123
627 208 14 17 0.115
378 210 13 16 0.112
836 205 8 10 0.104
395 188 10 12 0.103
312 196 10 13 0.100
777 232 14 17 0.097
280 197 11 14 0.095
513 201 9 12 0.094
662 191 8 9 0.089
664 189 8 10 0.085
237 182 10 12 0.085
260 184 10 11 0.074
792 219 12 16 0.073
604 222 14 17 0.073
208 183 10 11 0.069
764 202 9 10 0.067
596 218 13 18 0.064
715 178 8 9 0.062
223 182 8 9 0.059
636 220 14 15 0.056
35 178 28 35 0.056
199 181 9 12 0.054
697 207 9 10 0.054
968 204 16 19 0.054
492 210 14 20 0.052
715 197 8 9 0.051
352 201 11 14 0.047
311 179 8 9 0.046
802 198 8 10 0.045
826 241 15 19 0.043
623 203 9 12 0.041
361 180 7 9 0.038
889 216 12 16 0.038
866 330 47 60 0.037
607 221 18 21 0.037
875 178 10 12 0.037
379 219 15 19 0.036
452 204 10 12 0.036
457 233 19 26 0.034
47 204 23 27 0.034
671 199 8 10 0.032
265 177 8 9 0.032
726 203 10 12 0.031
807 206 9 11 0.030
898 219 12 15 0.030
308 181 7 9 0.029
239 178 8 10 0.029
334 266 17 22 0.029
904 247 25 31 0.028
402 193 9 11 0.028
536 225 17 24 0.027
740 195 7 9 0.027
458 203 12 14 0.026
314 183 8 10 0.026
33 307 17 21 0.026
32 174 24 29 0.025
935 223 28 34 0.025
836 268 39 48 0.024
337 214 19 25 0.024
337 225 18 26 0.023
468 209 10 15 0.022
963 178 23 30 0.022
815 277 31 35 0.021
53 211 19 25 0.021
151 196 17 22 0.020
821 210 10 13 0.019
361 182 9 11 0.019
527 235 19 25 0.019
765 249 16 21 0.019
0 198 10 22 0.019
769 244 16 21 0.018
445 231 30 48 0.018
934 247 49 57 0.018
982 203 14 15 0.018
136 187 19 24 0.017
642 175 8 9 0.017
884 245 17 23 0.017
96 198 20 26 0.017
369 215 13 16 0.016
283 173 7 8 0.016
767 289 18 25 0.015
300 199 19 23 0.015
859 206 8 9 0.015
745 194 7 7 0.015
970 199 16 20 0.015
316 197 11 13 0.015
933 224 20 23 0.015
672 247 36 45 0.014
455 205 10 13 0.014
736 195 6 7 0.014
827 245 18 22 0.014
40 173 28 31 0.014
594 226 12 17 0.013
823 214 10 12 0.013
620 201 20 25 0.012
875 310 47 65 0.012
862 208 9 12 0.011
300 165 7 8 0.011
963 200 24 31 0.011
469 212 13 16 0.011
763 254 15 20 0.011
997 208 12 20 0.011
460 217 15 18 0.011
840 203 8 9 0.011
945 174 45 62 0.011
917 205 9 12 0.011
961 172 19 28 0.011
832 200 7 9 0.010
675 229 17 21 0.010
107 190 13 17 0.010
848 211 18 22 0.010
