10_People_Marching_People_Marching_2_171
92
307 356 23 27 0.789
456 76 22 27 0.783
672 90 22 27 0.782
441 425 22 27 0.780
32 430 23 29 0.775
12 631 23 28 0.773
200 362 22 27 0.772
265 492 22 28 0.763
306 436 23 27 0.760
64 360 23 26 0.760
561 580 20 28 0.759
324 296 19 25 0.758
420 492 21 29 0.756
468 352 21 25 0.753
572 70 20 26 0.753
839 99 20 26 0.751
114 125 22 28 0.747
722 345 22 27 0.744
103 546 20 25 0.733
390 356 21 25 0.731
748 274 21 27 0.731
454 531 21 31 0.726
5 142 20 23 0.723
216 433 22 27 0.721
247 104 19 23 0.717
127 438 21 28 0.714
346 111 20 25 0.712
976 264 23 28 0.704
553 350 22 29 0.684
565 425 21 26 0.677
193 302 20 26 0.667
607 384 19 29 0.660
769 70 21 28 0.658
663 371 20 28 0.657
222 583 19 28 0.639
440 291 18 21 0.609
906 332 22 30 0.606
342 619 16 24 0.605
637 307 18 25 0.523
98 657 19 24 0.521
430 649 21 27 0.418
570 273 18 22 0.375
159 324 19 23 0.311
414 305 19 22 0.162
590 252 16 21 0.141
717 320 18 22 0.139
427 301 21 22 0.110
336 377 20 24 0.102
767 63 19 27 0.101
501 370 19 24 0.094
456 295 15 19 0.090
162 169 19 23 0.089
242 444 15 18 0.074
565 271 18 23 0.055
587 388 18 23 0.052
440 648 20 26 0.049
471 326 16 19 0.043
19 175 26 31 0.043
583 366 17 21 0.043
569 281 17 22 0.042
252 432 14 19 0.037
666 346 19 23 0.036
637 320 14 24 0.035
415 325 17 20 0.034
154 321 18 22 0.032
554 326 14 17 0.029
634 381 17 25 0.029
154 329 18 24 0.027
194 453 17 20 0.027
610 345 17 23 0.025
466 332 19 19 0.023
557 253 19 21 0.022
639 325 19 24 0.020
744 95 14 20 0.019
955 334 20 27 0.018
655 349 19 24 0.016
167 323 17 21 0.016
351 650 16 25 0.016
564 285 17 21 0.015
458 342 15 18 0.015
154 169 21 24 0.015
50 453 16 18 0.015
423 653 20 25 0.014
265 125 16 18 0.014
575 370 17 19 0.013
597 451 19 23 0.013
165 363 16 22 0.012
0 167 8 21 0.012
978 313 26 35 0.012
912 340 19 24 0.011
716 315 16 22 0.011
640 355 18 23 0.011
