10_People_Marching_People_Marching_2_173
137
795 511 25 32 0.688
859 515 15 18 0.670
365 496 13 15 0.657
761 498 9 12 0.598
520 501 12 15 0.545
318 487 10 13 0.534
210 484 8 10 0.518
453 496 10 11 0.482
494 504 11 13 0.480
282 497 10 11 0.469
675 502 10 15 0.468
250 493 8 11 0.466
675 533 11 16 0.437
172 490 8 9 0.427
419 497 10 12 0.413
1014 504 9 24 0.397
813 496 10 13 0.380
188 488 9 11 0.364
345 485 10 12 0.335
115 487 7 9 0.300
341 496 8 11 0.277
614 506 11 15 0.268
383 493 8 10 0.241
133 485 6 7 0.231
253 493 8 10 0.216
458 496 9 11 0.212
857 499 9 10 0.210
517 501 11 15 0.194
634 516 9 15 0.192
146 491 7 8 0.188
343 488 10 13 0.186
276 494 8 10 0.182
566 504 11 14 0.178
955 510 14 20 0.178
733 504 12 14 0.172
152 489 7 8 0.170
248 489 9 11 0.168
979 492 7 7 0.165
658 501 7 9 0.160
459 499 10 11 0.152
939 499 12 17 0.152
416 497 9 11 0.148
978 518 14 18 0.147
700 515 10 13 0.145
255 485 8 8 0.144
541 494 8 10 0.139
273 493 8 9 0.137
582 503 11 13 0.121
571 500 11 14 0.121
578 501 12 13 0.117
481 504 8 9 0.116
467 503 7 9 0.116
154 488 7 8 0.116
673 509 12 17 0.109
149 489 7 9 0.106
238 487 7 9 0.103
994 520 11 16 0.100
749 540 15 24 0.099
250 484 8 9 0.096
1014 512 10 23 0.095
260 490 9 10 0.093
478 503 8 9 0.092
187 486 7 9 0.091
644 496 7 9 0.084
648 558 9 12 0.081
613 503 9 13 0.080
575 503 12 14 0.079
567 509 11 14 0.079
286 491 8 10 0.077
513 491 7 10 0.075
226 500 7 9 0.073
257 496 9 10 0.065
1006 513 12 18 0.064
145 487 6 7 0.063
232 479 7 8 0.059
135 484 8 10 0.058
286 487 7 8 0.057
409 500 9 10 0.056
938 498 8 11 0.054
447 497 8 9 0.053
957 504 14 19 0.050
744 536 15 25 0.050
694 494 7 8 0.046
314 489 9 11 0.046
655 558 10 14 0.046
223 498 9 10 0.045
574 496 11 14 0.042
412 501 8 11 0.040
566 517 12 13 0.040
562 507 11 15 0.039
384 496 10 12 0.038
1000 518 11 18 0.036
420 492 9 11 0.034
509 493 7 10 0.033
289 488 8 9 0.033
389 491 8 10 0.029
730 504 9 11 0.028
343 482 9 10 0.027
545 493 7 10 0.026
72 481 6 7 0.025
698 488 6 9 0.024
631 496 6 7 0.023
370 491 10 11 0.023
855 500 11 14 0.023
223 502 9 10 0.023
765 499 8 11 0.023
223 480 8 9 0.022
974 491 7 9 0.022
569 496 10 13 0.021
790 498 9 13 0.020
977 500 10 13 0.020
109 486 6 7 0.018
442 497 7 9 0.018
521 497 9 13 0.018
698 497 7 10 0.017
697 484 6 8 0.017
550 498 10 11 0.017
187 495 9 11 0.017
376 484 7 9 0.017
810 492 9 11 0.016
935 499 7 9 0.016
295 486 7 8 0.015
628 496 8 9 0.015
131 490 7 8 0.015
568 520 11 12 0.014
450 493 9 10 0.014
569 484 10 12 0.013
781 511 12 18 0.013
105 490 8 9 0.012
569 481 8 10 0.012
515 487 6 8 0.012
170 488 11 14 0.012
936 497 18 25 0.012
738 534 17 24 0.011
460 492 9 11 0.010
79 485 6 8 0.010
476 499 7 8 0.010
