10_People_Marching_People_Marching_2_498
70
29 16 21 25 0.786
412 582 26 30 0.762
785 541 25 27 0.762
1003 275 21 27 0.756
895 417 22 27 0.756
704 0 21 24 0.752
70 146 22 27 0.751
347 418 26 29 0.741
955 544 22 29 0.740
363 30 21 25 0.739
608 128 23 25 0.727
190 27 23 26 0.718
164 423 22 29 0.711
543 5 24 25 0.709
722 419 23 25 0.697
773 135 20 23 0.695
575 596 21 30 0.691
539 439 25 29 0.675
240 136 22 24 0.661
943 126 21 24 0.653
876 11 22 25 0.647
37 613 26 27 0.646
835 275 22 29 0.616
119 271 21 24 0.579
291 287 23 23 0.560
665 281 21 23 0.541
212 593 28 29 0.444
468 297 20 23 0.384
0 454 17 22 0.305
307 324 24 25 0.238
906 37 15 25 0.168
804 178 20 21 0.166
424 139 20 25 0.160
616 86 16 21 0.124
127 299 17 20 0.124
811 172 16 23 0.085
59 32 25 27 0.066
293 238 19 23 0.064
463 293 19 24 0.061
308 320 18 22 0.047
753 38 16 21 0.045
428 133 19 23 0.041
294 270 21 24 0.040
225 62 16 22 0.036
651 8 18 19 0.036
467 289 20 24 0.034
744 40 18 19 0.033
676 232 14 21 0.031
261 172 19 18 0.029
423 148 19 22 0.027
1 441 18 24 0.027
210 623 38 36 0.026
179 625 28 34 0.021
1009 257 15 20 0.020
962 177 20 25 0.020
0 434 11 23 0.019
127 272 17 22 0.019
491 328 17 22 0.018
643 168 17 20 0.018
211 600 22 27 0.018
213 613 27 28 0.017
474 289 19 22 0.015
545 460 20 23 0.015
678 308 17 20 0.013
125 306 19 21 0.013
725 18 17 21 0.011
673 296 18 22 0.011
732 368 18 23 0.011
175 433 21 27 0.010
313 330 22 26 0.010
