10_People_Marching_People_Marching_2_822
35
515 145 73 101 0.869
316 76 84 101 0.857
667 222 86 97 0.856
175 131 31 54 0.753
842 258 17 23 0.690
31 150 18 25 0.647
108 148 16 22 0.630
896 245 17 24 0.479
903 242 15 25 0.401
883 263 11 15 0.362
892 249 15 21 0.170
910 244 14 21 0.140
482 219 6 7 0.105
641 251 13 16 0.065
485 219 6 7 0.054
252 158 20 25 0.050
3 140 11 21 0.048
68 164 9 11 0.046
463 217 5 7 0.039
611 238 12 17 0.039
6 142 13 21 0.033
27 150 15 22 0.028
464 217 6 8 0.027
834 287 16 20 0.024
614 234 11 16 0.023
71 165 9 10 0.022
474 218 9 10 0.019
610 245 13 17 0.016
109 143 12 18 0.015
892 282 12 16 0.015
185 146 20 37 0.013
10 156 11 15 0.013
483 176 12 16 0.012
7 154 9 17 0.011
619 238 11 15 0.010
