10_People_Marching_People_Marching_2_36
120
948 333 36 43 0.774
258 320 29 36 0.753
815 331 30 35 0.751
555 321 33 36 0.746
697 305 31 34 0.741
466 307 28 33 0.740
305 333 31 39 0.735
501 316 29 38 0.732
32 285 17 22 0.732
222 314 28 36 0.728
384 293 27 32 0.727
427 301 27 34 0.714
649 306 25 30 0.700
188 309 25 33 0.699
831 293 14 17 0.690
673 270 15 18 0.681
12 311 18 19 0.677
752 316 28 32 0.673
854 291 15 18 0.641
904 302 12 17 0.634
973 294 14 16 0.629
94 307 19 23 0.602
594 275 16 19 0.598
1007 292 12 15 0.560
814 292 14 18 0.557
50 407 15 17 0.556
155 301 26 36 0.546
933 296 12 17 0.545
520 285 23 24 0.491
634 292 16 21 0.475
721 281 11 14 0.465
114 288 22 30 0.465
962 278 14 16 0.463
320 289 24 28 0.424
357 288 22 25 0.369
693 286 13 15 0.320
563 292 19 21 0.313
607 304 22 27 0.311
59 238 15 16 0.310
131 297 20 26 0.295
60 373 11 16 0.271
627 294 19 22 0.176
788 294 11 13 0.168
360 291 26 29 0.161
800 322 16 21 0.146
765 285 8 11 0.133
784 296 13 15 0.124
300 275 24 30 0.121
557 293 19 20 0.117
859 292 13 16 0.116
795 290 10 12 0.115
19 430 11 14 0.111
938 295 12 17 0.107
796 313 15 20 0.103
786 292 11 13 0.092
554 297 22 25 0.087
941 283 11 13 0.086
642 293 14 20 0.083
341 285 25 31 0.075
247 313 34 42 0.064
1 387 6 20 0.061
526 283 19 21 0.059
544 -5 206 109 0.057
777 276 10 12 0.057
956 280 13 16 0.055
693 287 18 21 0.054
773 280 10 11 0.054
944 296 11 13 0.053
1003 293 13 16 0.053
287 318 21 26 0.051
783 315 18 23 0.049
950 298 12 16 0.044
571 289 14 17 0.044
779 319 17 21 0.043
955 299 12 14 0.042
808 290 12 16 0.042
792 306 14 19 0.038
0 322 6 14 0.035
762 283 10 12 0.033
492 281 17 16 0.032
102 308 20 25 0.030
735 302 16 21 0.029
28 296 15 21 0.028
435 297 34 42 0.027
848 290 12 15 0.026
711 305 37 41 0.024
313 282 25 32 0.024
688 288 15 19 0.024
738 306 19 24 0.023
597 280 17 20 0.022
104 415 15 19 0.022
674 306 16 20 0.022
869 297 9 14 0.020
364 286 20 24 0.019
54 372 15 16 0.019
110 411 16 20 0.018
969 281 11 14 0.017
725 284 13 15 0.017
1017 309 8 16 0.017
172 368 17 22 0.016
0 374 8 24 0.016
125 304 19 23 0.016
324 334 27 34 0.015
620 281 13 15 0.015
487 282 19 20 0.014
517 309 27 37 0.014
293 272 24 31 0.014
590 281 16 18 0.014
685 299 19 24 0.013
619 307 20 23 0.013
258 231 13 15 0.013
114 408 16 20 0.013
153 319 17 22 0.012
528 314 21 27 0.012
902 305 11 16 0.011
614 294 18 22 0.011
541 323 20 27 0.011
544 305 24 26 0.011
794 285 10 12 0.011
585 296 17 20 0.010
