10_People_Marching_People_Marching_2_40
267
48 133 38 45 0.796
357 126 26 33 0.784
666 201 42 57 0.777
714 268 54 63 0.775
266 116 28 33 0.769
840 241 49 65 0.767
87 460 86 101 0.764
943 246 46 57 0.758
586 270 41 53 0.755
401 156 30 35 0.754
164 215 40 53 0.752
230 91 20 25 0.746
686 246 38 52 0.739
52 344 52 60 0.723
474 108 20 24 0.715
98 136 28 33 0.714
679 95 21 26 0.696
516 84 20 26 0.693
986 334 38 70 0.693
95 88 23 28 0.690
136 79 24 28 0.686
709 352 46 69 0.685
420 99 22 27 0.679
496 147 28 32 0.678
712 83 15 19 0.675
512 512 107 95 0.670
253 84 19 22 0.663
769 207 36 34 0.660
944 199 35 44 0.657
816 142 22 35 0.656
716 51 14 16 0.653
411 44 13 16 0.648
590 125 23 36 0.645
381 87 20 24 0.641
741 63 13 15 0.641
316 145 29 36 0.627
796 65 13 17 0.623
564 64 15 17 0.619
768 86 18 20 0.610
853 51 13 16 0.591
512 47 13 16 0.590
122 383 73 84 0.586
758 47 13 16 0.581
699 42 14 16 0.578
165 54 17 19 0.559
749 108 20 25 0.548
574 44 13 15 0.548
854 103 23 27 0.542
822 53 13 15 0.500
668 47 11 14 0.477
188 37 9 13 0.476
791 116 25 32 0.467
193 78 19 24 0.463
906 117 18 22 0.457
229 197 32 38 0.457
57 37 11 14 0.440
935 157 21 31 0.429
16 1 9 11 0.408
466 44 13 15 0.388
114 25 7 9 0.369
654 55 12 17 0.355
155 45 10 11 0.344
883 99 16 22 0.339
99 8 7 8 0.337
141 39 9 11 0.333
799 112 23 32 0.328
95 40 10 13 0.321
268 421 65 104 0.303
879 79 14 17 0.299
0 322 25 80 0.285
667 100 16 21 0.285
558 49 11 12 0.261
491 59 12 15 0.243
516 44 13 17 0.233
523 42 11 14 0.222
440 84 16 20 0.221
576 67 13 15 0.199
581 69 11 13 0.198
680 38 11 12 0.196
0 349 35 127 0.195
829 213 29 39 0.190
811 52 12 14 0.176
153 26 7 9 0.176
102 40 10 12 0.175
881 89 15 20 0.174
105 41 11 12 0.173
812 29 10 13 0.166
0 17 6 11 0.161
56 30 10 13 0.140
284 51 11 13 0.139
147 42 10 12 0.136
63 62 12 16 0.132
462 48 12 15 0.129
816 240 41 59 0.125
600 213 29 37 0.123
5 54 14 20 0.122
108 42 10 12 0.111
516 76 16 22 0.111
488 52 12 15 0.109
805 108 20 26 0.107
804 57 13 17 0.107
241 194 28 40 0.104
664 160 24 36 0.103
788 120 19 27 0.103
812 57 12 16 0.099
952 300 48 67 0.099
877 96 16 23 0.099
774 169 27 28 0.096
12 30 11 13 0.094
830 218 41 57 0.086
363 57 15 19 0.084
285 56 14 17 0.079
198 98 18 24 0.078
14 1 8 10 0.074
814 27 11 13 0.073
437 80 15 19 0.073
561 57 12 17 0.070
763 133 20 25 0.068
662 111 18 24 0.067
663 105 19 24 0.066
618 45 12 15 0.063
321 86 20 24 0.062
67 61 11 14 0.060
827 194 27 34 0.057
964 308 45 73 0.056
97 23 9 12 0.055
787 162 26 31 0.053
642 53 13 17 0.052
98 70 15 17 0.052
42 331 45 77 0.050
874 141 22 30 0.050
564 45 11 13 0.049
525 61 10 14 0.049
760 83 17 21 0.049
127 33 8 9 0.049
664 185 34 50 0.048
460 4 9 11 0.047
254 39 8 11 0.047
458 47 12 14 0.046
757 134 19 25 0.043
420 37 10 13 0.043
20 2 9 11 0.041
487 44 9 13 0.040
284 64 14 17 0.040
753 79 14 17 0.040
279 52 10 11 0.039
581 103 18 22 0.039
310 185 27 42 0.038
798 122 33 43 0.037
700 39 12 14 0.037
884 80 15 18 0.036
227 50 10 11 0.035
717 137 25 26 0.035
770 132 18 24 0.035
457 69 13 17 0.035
846 76 13 17 0.034
616 51 13 16 0.033
624 34 10 14 0.033
753 45 11 13 0.033
302 81 17 19 0.032
255 89 21 24 0.032
274 52 10 12 0.031
458 56 12 15 0.029
473 48 12 16 0.029
752 103 21 25 0.029
60 86 18 23 0.029
809 251 35 48 0.029
103 42 15 17 0.029
629 53 13 16 0.029
128 44 9 11 0.028
749 80 13 17 0.028
198 56 11 14 0.027
246 32 10 11 0.027
316 83 16 20 0.027
320 37 11 13 0.027
557 46 9 12 0.026
625 118 19 29 0.026
369 55 15 18 0.026
494 66 13 18 0.026
319 96 21 29 0.025
0 76 8 25 0.025
919 477 52 83 0.024
806 48 10 13 0.024
879 136 21 27 0.024
614 11 11 12 0.024
88 36 7 10 0.023
885 76 13 16 0.022
982 306 37 69 0.022
543 104 19 24 0.021
520 201 29 38 0.021
533 311 42 56 0.020
249 40 11 12 0.020
301 183 27 38 0.019
322 108 22 28 0.019
741 112 21 23 0.018
684 83 16 18 0.018
613 48 12 15 0.018
805 98 17 23 0.017
154 23 7 8 0.017
287 70 15 18 0.017
429 148 20 28 0.017
97 31 8 10 0.017
314 133 28 31 0.017
369 61 15 18 0.017
219 45 8 10 0.017
1 75 12 33 0.017
299 78 16 19 0.017
583 97 16 21 0.017
609 84 18 21 0.017
734 43 9 11 0.016
992 294 32 48 0.016
639 220 39 51 0.016
777 58 11 14 0.016
966 282 48 54 0.016
107 415 68 83 0.016
839 69 12 16 0.016
929 153 21 36 0.016
375 57 13 16 0.015
710 137 24 28 0.015
626 29 11 15 0.015
837 79 15 17 0.015
950 191 33 41 0.014
680 34 10 12 0.014
101 56 12 15 0.014
188 148 26 36 0.013
22 86 18 24 0.013
320 194 28 40 0.013
850 78 13 17 0.013
382 152 19 24 0.013
579 105 23 31 0.013
936 166 34 46 0.013
193 25 8 10 0.012
864 413 45 68 0.012
228 51 11 13 0.012
158 25 8 9 0.012
769 51 12 15 0.012
82 33 8 10 0.012
874 137 17 26 0.012
430 82 17 21 0.012
754 140 23 27 0.011
504 164 36 46 0.011
9 59 14 21 0.011
528 190 25 39 0.011
870 150 17 27 0.011
762 37 10 13 0.011
161 38 8 11 0.011
2 62 10 23 0.011
541 84 15 17 0.011
57 64 14 19 0.011
529 44 11 14 0.011
688 69 13 15 0.011
167 85 19 23 0.011
323 11 12 13 0.011
141 376 63 72 0.011
908 91 14 17 0.011
304 85 19 23 0.011
17 34 11 14 0.011
667 94 15 19 0.011
325 118 20 26 0.011
819 71 13 15 0.011
540 89 17 21 0.011
611 57 13 16 0.011
183 80 19 24 0.010
69 67 13 17 0.010
205 50 10 13 0.010
284 47 10 11 0.010
608 104 14 19 0.010
