10_People_Marching_People_Marching_2_373
596
512 413 41 49 0.838
765 495 43 55 0.838
282 293 36 44 0.837
692 480 46 53 0.826
72 469 37 46 0.821
251 465 38 47 0.821
353 437 47 55 0.819
250 399 39 48 0.814
108 425 42 45 0.810
871 401 38 47 0.810
627 470 44 48 0.805
381 187 29 37 0.804
170 385 33 39 0.796
699 338 32 39 0.795
809 297 35 39 0.793
260 261 29 37 0.792
885 174 29 33 0.791
394 346 36 43 0.791
21 321 36 39 0.791
672 437 37 43 0.791
757 274 34 38 0.789
314 206 28 34 0.789
275 364 38 46 0.787
1002 372 22 39 0.786
943 205 29 33 0.782
984 241 31 37 0.782
772 188 28 34 0.781
569 302 30 39 0.777
756 334 33 40 0.775
982 151 28 33 0.774
863 131 26 31 0.771
956 501 39 49 0.771
144 504 42 52 0.767
337 166 26 33 0.765
225 309 31 40 0.763
367 381 33 42 0.761
186 438 29 37 0.761
993 478 30 40 0.758
970 91 25 31 0.756
697 201 30 32 0.753
154 344 33 40 0.752
320 42 20 24 0.751
47 428 37 42 0.751
54 542 40 36 0.749
621 111 24 30 0.748
966 187 28 32 0.746
167 286 33 45 0.745
464 327 34 43 0.745
347 48 22 26 0.742
521 256 32 35 0.742
415 427 37 45 0.741
264 137 26 31 0.740
913 228 29 37 0.740
693 292 32 35 0.739
320 539 44 37 0.738
286 15 17 23 0.737
852 49 21 25 0.735
758 233 28 32 0.735
816 182 24 28 0.734
90 375 35 42 0.731
269 200 28 32 0.730
979 437 29 35 0.730
756 26 21 25 0.729
840 155 25 29 0.729
158 4 18 24 0.724
996 203 25 30 0.723
122 5 19 22 0.720
912 149 28 33 0.717
186 13 18 24 0.717
355 75 22 26 0.716
575 60 22 26 0.715
839 74 25 29 0.714
631 293 30 39 0.714
847 236 30 34 0.713
993 78 25 31 0.713
137 313 32 39 0.713
658 50 20 24 0.712
553 390 36 41 0.712
305 10 17 23 0.711
116 54 21 25 0.711
55 305 29 37 0.710
382 2 20 23 0.709
183 121 24 30 0.709
874 66 22 26 0.708
0 43 14 25 0.704
791 372 37 44 0.704
478 38 22 27 0.701
640 26 19 23 0.700
622 174 27 33 0.698
395 253 30 31 0.695
333 278 29 34 0.695
4 6 19 20 0.694
208 259 30 35 0.694
37 9 18 23 0.693
857 293 29 36 0.690
925 118 28 30 0.687
290 469 35 43 0.687
271 96 25 31 0.686
123 382 35 41 0.686
776 87 22 26 0.685
242 4 17 20 0.684
416 97 22 27 0.681
695 238 30 34 0.679
83 187 27 30 0.676
656 137 26 30 0.674
876 99 26 31 0.674
120 32 19 25 0.673
728 4 18 24 0.673
369 41 18 23 0.670
60 349 32 41 0.669
818 88 21 26 0.669
728 86 23 28 0.668
426 50 18 25 0.667
52 51 22 27 0.665
254 166 23 27 0.664
21 80 22 27 0.664
826 55 22 25 0.661
920 381 33 41 0.661
713 173 28 33 0.661
347 324 27 41 0.658
795 18 19 24 0.657
809 143 25 29 0.657
878 272 28 32 0.655
927 291 29 36 0.650
793 269 30 35 0.644
141 132 23 28 0.641
405 53 20 23 0.639
101 241 21 30 0.635
82 32 19 24 0.634
371 105 28 30 0.633
771 49 18 22 0.633
613 74 22 25 0.631
627 408 31 41 0.631
199 98 22 26 0.631
55 222 25 29 0.630
181 497 24 43 0.628
477 271 25 27 0.621
186 62 20 26 0.620
617 33 19 22 0.616
699 -1 17 18 0.614
165 183 29 35 0.611
850 202 26 30 0.606
522 60 19 24 0.604
569 82 18 25 0.599
745 162 24 29 0.598
0 86 20 25 0.596
400 295 29 34 0.593
728 42 20 23 0.593
229 79 21 26 0.593
546 93 25 27 0.593
145 43 18 22 0.592
106 299 26 30 0.588
208 200 25 31 0.585
164 69 23 28 0.582
818 36 19 23 0.580
536 75 18 23 0.580
797 117 24 30 0.577
447 41 20 23 0.577
766 114 25 29 0.575
929 50 17 21 0.573
701 26 18 23 0.570
148 100 23 27 0.568
584 370 29 39 0.568
447 384 32 37 0.568
361 10 16 19 0.565
262 72 22 25 0.563
935 73 24 29 0.562
362 258 27 35 0.560
210 63 20 24 0.559
210 230 22 26 0.559
462 76 17 29 0.553
499 92 25 32 0.553
228 540 44 34 0.551
928 496 35 47 0.547
565 -2 16 16 0.543
368 136 28 29 0.542
669 347 30 32 0.539
881 42 20 24 0.538
766 7 17 19 0.535
820 511 31 41 0.534
775 147 23 27 0.533
401 77 22 26 0.532
943 5 18 25 0.515
409 25 19 22 0.513
907 261 26 31 0.513
51 258 28 33 0.509
659 16 17 20 0.506
978 553 39 39 0.503
677 137 25 30 0.491
762 76 20 23 0.485
550 45 17 22 0.485
136 83 21 25 0.485
1 198 18 34 0.483
903 558 30 31 0.480
569 29 18 21 0.479
994 126 23 27 0.464
16 373 24 39 0.453
344 20 18 22 0.452
792 64 23 29 0.429
956 285 29 35 0.428
493 20 19 22 0.427
902 69 18 22 0.424
456 13 17 20 0.424
445 554 40 38 0.417
652 393 31 38 0.410
538 9 16 15 0.406
231 45 20 25 0.394
703 135 22 27 0.388
338 128 23 27 0.384
939 499 39 47 0.383
414 327 30 36 0.382
887 30 18 20 0.378
605 330 27 38 0.373
446 282 27 37 0.355
97 552 33 26 0.354
963 517 39 47 0.351
329 436 29 37 0.341
59 252 26 36 0.338
732 555 40 31 0.330
659 -2 16 16 0.326
837 477 36 46 0.314
835 567 41 27 0.309
76 6 18 21 0.305
674 554 38 30 0.301
187 214 24 28 0.298
829 485 37 49 0.263
511 9 16 19 0.259
673 232 26 30 0.257
216 95 19 25 0.253
678 5 15 18 0.251
517 31 17 20 0.248
356 46 20 25 0.241
393 127 19 23 0.239
69 243 22 35 0.237
22 -1 15 16 0.229
849 29 16 21 0.224
201 44 19 23 0.220
941 27 14 17 0.220
558 428 30 39 0.214
445 108 21 24 0.214
688 136 24 28 0.213
0 134 14 37 0.206
914 80 19 22 0.205
909 76 19 23 0.193
212 2 15 16 0.193
268 279 33 43 0.191
29 58 19 21 0.185
664 191 28 27 0.185
798 52 21 26 0.184
846 13 16 19 0.182
558 247 29 31 0.182
438 45 18 22 0.180
304 534 46 37 0.176
34 6 18 20 0.175
779 81 24 28 0.174
621 1 13 14 0.170
412 50 20 24 0.169
1015 112 10 26 0.165
401 333 35 46 0.163
500 52 16 20 0.160
733 333 37 43 0.160
84 9 16 19 0.159
560 87 23 27 0.154
454 42 19 24 0.152
775 13 17 21 0.151
612 15 15 17 0.146
229 24 18 23 0.145
906 509 28 38 0.139
819 16 15 19 0.137
301 220 17 24 0.134
749 0 15 14 0.134
736 64 19 22 0.130
474 112 22 26 0.130
34 -4 15 15 0.129
931 53 21 28 0.128
567 13 16 22 0.128
634 73 17 22 0.127
840 230 31 34 0.126
194 262 25 31 0.125
813 41 19 24 0.122
762 30 20 25 0.121
71 4 18 20 0.121
208 210 25 32 0.120
48 173 25 30 0.118
240 288 20 26 0.118
273 49 21 23 0.116
101 166 22 29 0.115
68 87 21 27 0.114
397 93 19 24 0.113
1 184 14 26 0.111
849 3 16 17 0.110
859 31 17 19 0.108
302 57 18 23 0.107
665 201 27 32 0.106
650 72 22 25 0.104
0 125 12 35 0.098
917 127 26 32 0.098
505 3 14 16 0.097
340 7 15 18 0.096
277 -1 15 14 0.095
797 408 34 43 0.094
323 104 21 26 0.093
689 58 18 23 0.088
2 291 19 31 0.087
237 205 20 25 0.086
616 6 14 18 0.085
520 2 14 16 0.083
393 416 32 44 0.082
11 200 22 30 0.082
270 -2 15 17 0.081
604 199 25 37 0.081
441 113 22 26 0.078
110 137 19 24 0.077
141 0 16 18 0.077
195 302 37 45 0.077
780 459 29 42 0.076
104 129 22 29 0.075
229 182 21 26 0.075
24 60 20 22 0.075
502 15 17 20 0.074
945 391 29 34 0.073
603 189 24 34 0.072
940 12 18 23 0.071
934 380 34 41 0.070
22 204 19 24 0.070
804 19 18 23 0.070
497 356 32 37 0.069
524 0 13 13 0.068
237 81 19 23 0.068
184 70 18 22 0.067
640 76 22 26 0.067
844 31 18 23 0.067
692 216 32 42 0.065
101 120 24 30 0.064
640 0 12 14 0.063
766 314 38 43 0.063
190 266 21 25 0.062
411 16 13 17 0.062
93 172 26 30 0.060
659 353 30 33 0.059
156 170 32 35 0.059
609 215 26 33 0.059
14 309 28 35 0.059
0 65 10 22 0.058
338 101 20 25 0.058
456 19 19 20 0.057
44 332 36 45 0.056
283 171 25 31 0.056
265 -3 14 15 0.056
319 94 21 27 0.054
556 71 16 20 0.054
41 136 26 32 0.054
240 108 19 24 0.054
641 137 18 24 0.054
404 424 30 43 0.053
293 0 14 14 0.053
42 153 24 31 0.053
939 18 20 26 0.053
886 48 19 22 0.052
64 94 21 28 0.051
638 89 19 26 0.050
1016 16 7 24 0.050
619 57 17 21 0.050
566 241 31 32 0.050
851 -2 16 17 0.050
900 101 18 25 0.050
180 12 18 24 0.050
893 95 20 26 0.048
839 220 28 30 0.048
592 360 27 37 0.048
447 276 21 27 0.048
124 241 19 25 0.047
705 -2 15 16 0.047
59 14 18 21 0.046
673 320 37 43 0.046
691 66 19 23 0.046
583 40 16 19 0.045
74 85 21 26 0.045
684 11 14 16 0.044
615 178 32 42 0.043
506 0 14 14 0.043
504 0 11 12 0.043
1011 50 11 25 0.042
983 287 25 32 0.042
268 68 21 26 0.042
719 88 20 23 0.042
2 129 18 27 0.041
97 -1 15 15 0.041
116 6 18 19 0.041
669 216 26 32 0.041
1014 27 10 29 0.040
899 90 19 25 0.039
1003 53 17 21 0.039
839 16 16 20 0.038
918 258 33 44 0.038
1015 36 9 26 0.038
541 9 18 21 0.038
891 231 35 42 0.038
605 0 10 12 0.036
517 20 18 20 0.036
736 458 28 39 0.035
503 78 20 25 0.035
362 277 26 38 0.035
591 4 12 14 0.035
204 189 21 25 0.034
10 65 18 23 0.034
891 289 36 42 0.034
265 47 19 22 0.034
749 15 16 20 0.034
146 188 25 30 0.034
318 86 19 23 0.033
525 304 29 33 0.033
847 467 31 43 0.033
713 81 17 22 0.033
31 194 22 28 0.033
903 270 28 31 0.033
58 23 17 21 0.033
184 43 18 22 0.033
528 251 35 42 0.032
44 178 20 25 0.032
503 368 28 33 0.032
777 20 17 21 0.031
777 413 40 44 0.031
1 144 19 34 0.030
329 113 21 25 0.030
20 20 17 21 0.030
122 106 18 21 0.028
231 102 22 27 0.028
549 27 18 22 0.028
455 565 50 29 0.027
214 11 17 20 0.027
555 259 26 27 0.027
797 2 12 18 0.027
256 45 17 22 0.027
674 564 42 30 0.026
798 0 13 11 0.026
249 49 20 23 0.026
583 1 14 15 0.026
355 298 26 37 0.025
1011 57 13 23 0.025
632 400 29 39 0.025
882 -9 19 14 0.025
565 26 17 22 0.025
643 89 24 32 0.025
204 37 17 21 0.025
92 183 22 28 0.024
47 126 21 27 0.024
436 29 15 17 0.024
327 129 21 27 0.024
55 171 22 26 0.024
292 163 24 30 0.024
650 140 23 28 0.024
700 186 34 42 0.024
64 232 26 31 0.024
252 365 24 31 0.024
291 76 18 23 0.023
409 77 20 25 0.023
695 54 16 20 0.023
463 16 18 21 0.023
223 221 21 27 0.023
898 345 37 42 0.023
5 296 22 34 0.023
348 277 26 36 0.023
968 47 18 22 0.023
705 144 19 25 0.023
82 79 21 26 0.022
24 209 20 27 0.022
711 69 20 23 0.022
316 156 18 24 0.022
35 141 22 27 0.022
939 179 28 31 0.022
969 39 17 22 0.022
708 76 19 23 0.022
356 286 25 36 0.021
143 194 20 26 0.021
774 426 35 45 0.021
604 101 19 24 0.021
447 295 25 36 0.021
36 -7 15 13 0.021
663 401 30 36 0.021
569 380 33 40 0.021
96 116 23 28 0.020
218 22 18 22 0.020
296 66 19 24 0.020
265 359 29 38 0.020
152 42 18 23 0.020
748 91 18 22 0.020
634 268 29 32 0.020
529 2 16 15 0.019
2 34 14 25 0.019
301 78 20 23 0.019
881 -3 15 14 0.019
170 196 22 25 0.019
458 252 29 31 0.019
147 -3 16 20 0.019
803 418 22 28 0.018
137 201 22 28 0.018
994 291 21 34 0.018
73 281 22 28 0.018
213 183 21 25 0.018
176 189 34 44 0.018
1 176 13 26 0.018
359 0 10 10 0.018
298 225 21 26 0.018
660 231 28 29 0.017
890 549 41 44 0.017
967 31 18 22 0.017
668 122 26 32 0.017
69 266 25 35 0.017
82 280 23 33 0.017
118 81 22 26 0.017
244 549 37 26 0.016
800 2 14 18 0.016
744 465 33 44 0.016
53 144 21 26 0.016
732 404 26 40 0.016
46 148 22 26 0.016
31 84 22 26 0.016
528 354 29 34 0.016
998 47 18 22 0.016
659 193 21 23 0.016
941 173 22 25 0.016
237 114 18 24 0.016
714 116 17 21 0.016
853 479 28 43 0.016
444 -2 13 11 0.015
111 111 20 24 0.015
7 207 17 27 0.015
957 292 38 37 0.015
298 534 27 36 0.015
3 52 17 24 0.015
470 29 18 23 0.015
167 454 29 37 0.015
576 509 23 39 0.015
842 560 38 26 0.015
868 285 30 40 0.014
30 92 22 30 0.014
52 150 26 29 0.014
399 569 42 25 0.014
616 15 16 18 0.014
41 -5 16 15 0.014
952 285 23 29 0.014
575 249 29 32 0.013
57 360 30 41 0.013
915 494 35 51 0.013
678 193 21 25 0.013
680 254 27 34 0.013
1011 137 14 24 0.013
380 328 20 25 0.013
109 171 17 24 0.013
619 578 38 19 0.013
691 37 18 23 0.013
95 109 22 26 0.013
530 24 18 22 0.012
436 0 12 13 0.012
837 227 21 27 0.012
650 401 22 30 0.012
3 262 18 33 0.012
33 130 25 30 0.012
684 275 27 29 0.012
765 2 15 16 0.012
1009 16 14 22 0.012
448 3 14 15 0.012
310 88 20 24 0.012
96 266 20 25 0.012
938 4 15 18 0.011
260 358 22 34 0.011
28 218 23 29 0.011
948 64 19 25 0.011
47 183 21 25 0.011
302 -1 14 13 0.011
82 50 19 23 0.011
354 0 12 11 0.011
423 436 37 40 0.011
935 458 30 35 0.011
901 358 28 32 0.011
217 168 25 29 0.011
12 25 17 21 0.011
141 123 22 26 0.011
405 6 14 15 0.011
604 26 13 16 0.011
106 561 25 22 0.011
792 254 28 31 0.010
616 451 33 36 0.010
68 0 17 17 0.010
334 0 13 12 0.010
45 87 18 24 0.010
787 467 21 28 0.010
99 539 31 33 0.010
20 130 19 25 0.010
412 320 27 33 0.010
942 33 17 20 0.010
303 200 32 41 0.010
196 12 18 22 0.010
110 292 22 27 0.010
399 424 23 29 0.010
