10_People_Marching_People_Marching_2_395
61
579 181 32 39 0.773
218 160 32 43 0.708
743 212 26 33 0.679
466 180 33 38 0.676
956 175 32 40 0.636
829 209 28 33 0.620
58 229 27 29 0.549
4 225 24 31 0.546
153 167 28 39 0.529
517 206 25 27 0.475
665 214 25 29 0.467
321 225 25 29 0.458
299 341 17 21 0.409
327 228 27 32 0.387
404 216 27 30 0.336
96 167 19 21 0.311
389 208 26 31 0.248
929 145 23 31 0.226
104 190 29 31 0.220
766 226 27 30 0.192
30 196 21 27 0.174
95 196 30 36 0.120
117 191 22 26 0.091
661 217 18 24 0.080
526 289 9 13 0.080
283 261 16 23 0.074
0 226 16 25 0.073
336 234 24 28 0.068
98 192 23 27 0.064
12 263 22 26 0.060
393 217 26 29 0.058
152 180 22 29 0.043
282 268 18 26 0.042
674 212 27 32 0.041
944 226 21 28 0.034
173 179 27 33 0.034
422 217 21 25 0.032
805 191 27 37 0.031
8 247 24 29 0.029
402 233 24 29 0.028
760 219 27 33 0.027
93 206 30 37 0.027
473 183 39 45 0.022
319 221 20 24 0.020
37 191 15 18 0.019
148 190 27 30 0.016
65 221 25 31 0.016
142 187 20 26 0.016
0 251 14 23 0.016
95 199 21 26 0.016
162 161 28 39 0.016
398 1 6 8 0.015
3 220 35 46 0.014
31 206 21 26 0.014
416 214 21 25 0.013
228 164 29 42 0.013
660 224 18 24 0.013
518 212 29 37 0.013
383 204 23 27 0.012
804 204 36 43 0.012
1008 200 16 35 0.010
