10_People_Marching_People_Marching_2_2
188
951 465 39 62 0.745
762 424 30 39 0.740
665 478 28 53 0.720
488 482 24 39 0.683
1003 420 20 34 0.671
904 406 14 23 0.582
792 386 10 16 0.582
963 393 13 23 0.579
827 348 9 14 0.566
661 434 17 34 0.565
814 399 12 17 0.552
995 355 11 13 0.550
658 396 18 27 0.521
629 383 12 14 0.518
520 415 11 18 0.495
909 352 10 14 0.449
234 405 11 16 0.432
619 358 8 10 0.427
433 402 9 15 0.427
541 373 8 9 0.388
162 425 13 22 0.378
38 386 11 19 0.366
296 395 10 14 0.364
975 346 9 13 0.356
702 369 9 11 0.323
252 384 8 10 0.304
522 357 7 8 0.300
513 524 24 59 0.257
571 421 12 22 0.256
314 392 8 10 0.245
339 389 7 9 0.242
557 389 10 13 0.241
241 420 11 16 0.235
696 354 7 9 0.224
720 393 13 19 0.224
358 391 8 9 0.215
762 392 12 16 0.190
592 356 6 8 0.185
364 377 6 8 0.181
343 455 18 38 0.180
302 409 10 12 0.178
102 395 8 10 0.166
218 396 6 8 0.155
911 354 12 14 0.149
878 345 8 13 0.145
497 385 9 10 0.144
87 402 9 18 0.140
520 358 7 8 0.139
479 369 5 7 0.131
639 375 8 11 0.128
251 384 7 9 0.119
679 364 7 9 0.118
116 401 10 13 0.108
201 387 6 7 0.107
414 399 8 9 0.100
304 406 10 13 0.091
266 399 10 13 0.091
515 382 7 10 0.090
456 462 14 28 0.090
110 397 11 13 0.082
594 357 6 8 0.080
179 393 7 9 0.077
90 401 11 15 0.075
567 362 6 7 0.070
271 386 7 9 0.069
120 401 9 12 0.068
518 385 8 11 0.068
411 396 9 11 0.066
577 362 7 8 0.065
421 360 6 6 0.062
211 397 7 8 0.062
360 389 7 9 0.062
862 417 13 20 0.059
692 357 8 9 0.059
262 400 10 12 0.057
645 420 11 18 0.057
942 359 10 11 0.057
204 397 7 8 0.056
564 360 6 7 0.055
636 373 9 12 0.055
477 399 8 9 0.054
520 394 8 12 0.053
395 364 6 6 0.051
683 363 8 10 0.050
48 394 9 14 0.049
655 432 18 41 0.049
480 371 6 7 0.049
722 389 11 16 0.048
637 362 7 9 0.048
43 388 9 15 0.045
178 392 6 8 0.044
252 411 11 15 0.044
833 420 13 23 0.043
496 491 29 54 0.043
815 382 10 15 0.043
408 395 8 9 0.041
381 377 6 8 0.041
230 407 11 15 0.040
360 413 12 14 0.039
581 361 6 7 0.039
200 385 6 7 0.038
258 461 22 32 0.036
521 409 10 16 0.035
274 385 7 9 0.035
272 384 5 7 0.034
900 403 14 22 0.034
876 347 8 13 0.034
250 463 23 35 0.033
450 464 17 28 0.032
349 393 8 10 0.032
158 427 13 19 0.032
206 385 6 6 0.031
966 393 15 26 0.030
313 440 13 21 0.030
429 445 12 18 0.030
908 406 16 25 0.029
203 400 8 10 0.028
214 396 9 11 0.028
377 365 5 6 0.028
406 392 7 9 0.028
369 383 7 9 0.027
382 393 7 10 0.027
166 426 17 23 0.027
446 371 5 6 0.027
475 399 7 9 0.026
326 379 6 7 0.025
540 402 9 11 0.025
757 394 14 20 0.025
153 487 33 56 0.023
477 394 9 12 0.023
245 421 12 15 0.023
378 391 8 9 0.023
360 407 10 13 0.022
382 380 7 9 0.022
142 381 6 8 0.022
880 413 15 22 0.022
945 357 9 10 0.021
331 375 6 7 0.021
444 366 5 6 0.020
359 376 6 7 0.020
717 393 11 18 0.020
93 393 6 9 0.019
914 509 22 39 0.019
198 389 8 9 0.019
7 391 8 11 0.018
752 412 16 23 0.018
53 399 8 12 0.018
306 413 11 13 0.017
112 402 9 13 0.017
540 371 10 14 0.017
10 406 12 25 0.016
398 369 6 7 0.016
940 361 10 12 0.016
204 387 8 9 0.016
638 361 8 10 0.016
592 401 12 16 0.015
10 391 8 13 0.015
788 387 10 14 0.015
565 363 7 9 0.015
572 413 11 20 0.014
243 470 23 41 0.014
752 403 14 21 0.014
263 457 23 35 0.013
627 359 8 9 0.013
586 358 6 7 0.013
300 412 11 14 0.013
8 395 10 19 0.013
449 373 6 6 0.012
679 367 7 8 0.012
291 375 5 6 0.012
217 382 5 7 0.012
123 403 11 14 0.012
142 407 9 14 0.012
707 368 8 11 0.012
460 373 5 7 0.011
857 396 12 16 0.011
137 379 6 6 0.011
406 376 6 7 0.011
305 377 6 7 0.011
116 381 6 6 0.011
148 386 6 7 0.011
345 450 14 28 0.011
644 374 7 10 0.011
96 383 5 7 0.011
596 403 11 14 0.010
568 428 11 17 0.010
566 410 12 19 0.010
334 373 6 6 0.010
