10_People_Marching_People_Marching_10_People_Marching_People_Marching_10_69
1177
958 630 24 29 0.786
119 617 21 25 0.783
209 606 20 25 0.773
0 659 20 27 0.772
402 525 18 21 0.768
302 604 19 23 0.768
600 659 21 25 0.768
359 629 21 25 0.763
49 593 22 27 0.762
164 558 20 24 0.761
359 534 18 23 0.760
5 611 22 27 0.755
745 574 21 26 0.755
161 513 17 22 0.748
232 550 18 21 0.746
880 576 21 27 0.745
181 446 18 23 0.745
98 565 20 25 0.744
840 614 20 25 0.744
562 534 19 23 0.742
950 476 18 21 0.742
178 652 20 26 0.741
392 596 19 22 0.741
607 552 21 27 0.741
733 415 15 20 0.740
690 660 20 25 0.740
932 577 20 25 0.735
513 564 17 22 0.734
728 500 19 22 0.733
423 489 17 22 0.731
308 501 18 22 0.731
978 602 20 25 0.731
875 647 23 29 0.731
536 465 18 22 0.727
470 501 18 20 0.727
272 566 20 21 0.727
869 542 18 22 0.726
87 510 20 24 0.724
541 541 18 20 0.723
215 660 21 24 0.722
476 561 18 22 0.722
760 505 17 20 0.722
223 518 17 20 0.722
584 626 18 22 0.720
716 539 21 27 0.719
795 542 19 23 0.719
653 458 17 21 0.719
755 616 21 26 0.718
768 443 16 21 0.718
502 435 16 19 0.718
425 450 16 19 0.716
842 477 17 21 0.716
441 474 16 21 0.715
319 548 18 22 0.714
368 496 17 21 0.713
295 457 18 22 0.712
779 502 16 19 0.712
359 456 16 21 0.711
168 487 19 24 0.709
438 618 20 21 0.706
134 663 23 23 0.702
883 443 18 21 0.700
629 371 13 17 0.699
562 371 14 19 0.699
402 575 19 23 0.695
587 446 15 19 0.695
92 243 12 16 0.695
226 484 16 21 0.694
285 662 20 21 0.694
652 345 14 17 0.694
458 467 14 18 0.693
396 504 18 21 0.691
549 578 19 22 0.691
697 483 18 23 0.689
597 509 18 20 0.689
998 594 18 23 0.688
430 660 20 23 0.687
539 377 15 17 0.687
300 422 14 18 0.687
381 351 15 18 0.685
933 447 16 19 0.685
155 413 16 19 0.684
130 477 17 19 0.684
259 637 18 22 0.683
821 369 14 17 0.680
886 482 17 21 0.679
980 336 13 16 0.676
764 650 18 21 0.674
467 299 13 16 0.673
746 391 13 17 0.673
785 404 16 19 0.671
251 405 15 19 0.668
996 526 18 21 0.666
491 546 18 21 0.666
461 214 11 14 0.664
718 356 14 20 0.664
436 293 13 15 0.664
645 582 19 21 0.664
706 338 13 17 0.662
268 414 15 19 0.662
533 610 18 25 0.661
793 378 13 16 0.660
110 219 13 15 0.658
807 398 14 19 0.657
680 250 11 15 0.654
722 386 13 16 0.653
713 181 10 12 0.651
907 471 15 17 0.651
484 310 12 16 0.651
601 309 12 14 0.648
381 410 16 17 0.647
301 481 18 20 0.647
181 163 11 13 0.645
682 190 10 13 0.645
692 273 12 16 0.643
638 193 10 13 0.642
684 417 13 18 0.642
107 251 13 16 0.641
890 632 20 24 0.638
485 268 11 14 0.637
504 495 17 19 0.636
237 355 16 18 0.635
582 349 12 14 0.633
629 328 12 15 0.632
689 327 13 15 0.631
451 324 13 18 0.631
138 195 11 13 0.630
98 195 11 14 0.629
740 328 12 15 0.627
630 494 17 22 0.626
450 372 15 17 0.625
115 331 16 18 0.623
559 319 13 16 0.621
243 156 9 12 0.619
320 193 11 14 0.615
661 307 12 15 0.613
441 250 11 14 0.611
919 548 19 21 0.610
623 280 12 15 0.608
409 192 11 13 0.607
821 163 10 12 0.606
662 263 11 13 0.606
507 669 20 18 0.605
427 169 10 13 0.601
428 314 13 15 0.601
822 573 20 25 0.601
449 270 11 14 0.600
878 395 13 17 0.599
630 419 13 19 0.598
1002 202 12 15 0.598
130 155 11 13 0.598
647 106 10 12 0.598
616 265 11 13 0.597
376 180 10 12 0.596
726 474 16 18 0.593
715 214 10 13 0.593
776 357 13 16 0.592
817 527 16 19 0.591
144 229 12 14 0.589
687 389 12 17 0.589
640 311 12 14 0.587
150 146 9 12 0.586
567 299 11 13 0.586
567 266 11 14 0.584
195 424 16 17 0.583
497 158 10 11 0.583
693 300 11 14 0.582
204 90 9 11 0.581
436 128 10 12 0.579
604 242 10 14 0.577
299 199 10 14 0.577
503 634 17 19 0.576
697 637 17 20 0.575
64 311 15 17 0.573
218 196 10 13 0.571
528 206 10 12 0.571
659 290 12 13 0.570
76 227 11 13 0.570
197 215 11 13 0.569
915 171 11 14 0.568
885 323 13 16 0.568
243 119 8 10 0.566
587 233 10 13 0.565
166 209 11 13 0.563
580 254 11 13 0.562
293 135 9 11 0.562
140 67 9 10 0.562
386 195 10 13 0.561
679 215 11 12 0.560
164 179 12 13 0.559
219 113 10 12 0.558
466 409 17 19 0.557
655 547 16 22 0.557
1010 184 11 14 0.557
710 304 12 16 0.556
199 189 11 12 0.553
691 152 9 11 0.553
113 107 9 12 0.553
335 128 8 11 0.551
633 246 11 13 0.551
512 239 11 13 0.551
132 180 11 13 0.550
503 387 13 15 0.550
327 468 16 17 0.550
624 224 10 13 0.550
151 57 9 10 0.547
588 95 8 10 0.545
720 445 15 18 0.544
578 492 16 19 0.544
722 69 8 10 0.543
781 105 9 11 0.543
492 186 10 13 0.541
312 147 9 11 0.541
555 80 9 11 0.539
546 111 10 12 0.539
580 112 9 11 0.539
74 190 11 13 0.538
786 143 10 12 0.538
271 195 11 13 0.536
604 193 10 12 0.536
282 184 10 14 0.534
407 97 8 11 0.533
691 178 9 12 0.532
750 93 9 12 0.531
407 162 9 11 0.530
518 166 10 13 0.528
196 1 8 9 0.527
596 330 12 16 0.527
714 234 10 12 0.526
612 210 12 13 0.526
950 304 13 16 0.525
849 419 14 17 0.524
760 118 9 11 0.523
603 82 9 11 0.522
613 139 9 12 0.521
267 181 10 13 0.521
420 121 9 11 0.520
734 310 11 14 0.519
705 162 10 12 0.519
235 140 9 11 0.518
566 458 15 17 0.516
245 609 19 21 0.515
211 163 9 11 0.514
378 146 10 12 0.513
360 439 15 17 0.509
473 159 10 11 0.507
286 403 13 17 0.507
507 282 12 14 0.506
535 194 10 13 0.506
555 425 11 17 0.505
128 82 9 11 0.503
521 285 9 13 0.502
292 109 9 11 0.501
120 142 10 12 0.501
699 122 9 12 0.500
367 56 8 10 0.498
456 246 11 12 0.494
637 144 10 11 0.494
105 316 14 16 0.493
625 175 9 13 0.488
612 359 12 14 0.487
186 99 9 12 0.485
328 184 9 12 0.484
218 4 7 9 0.483
339 373 14 17 0.479
583 139 10 12 0.478
544 216 10 12 0.478
523 112 9 12 0.477
646 330 13 15 0.475
530 158 9 11 0.473
645 131 9 11 0.472
821 669 21 18 0.472
594 170 9 11 0.472
454 101 9 11 0.470
704 107 8 10 0.468
738 140 9 10 0.467
234 27 8 9 0.466
106 464 15 17 0.463
660 229 10 12 0.462
100 129 9 12 0.457
492 143 9 11 0.457
651 66 8 11 0.455
98 148 11 12 0.455
349 206 10 13 0.453
157 82 9 11 0.452
619 126 9 11 0.451
474 133 8 11 0.451
772 150 9 11 0.450
552 349 12 15 0.449
293 62 8 9 0.448
231 227 11 13 0.447
295 174 10 14 0.446
274 91 9 10 0.444
268 131 9 11 0.444
92 643 23 27 0.443
75 269 11 15 0.442
895 131 9 10 0.440
447 4 7 8 0.439
709 82 9 11 0.439
742 75 8 10 0.439
599 284 9 12 0.439
382 384 15 16 0.438
183 71 8 11 0.437
269 112 8 10 0.436
463 274 11 15 0.435
690 50 8 10 0.434
202 135 10 13 0.434
466 190 10 12 0.433
428 79 9 11 0.432
470 266 12 14 0.432
115 189 10 12 0.431
714 50 8 10 0.430
402 71 8 10 0.430
506 191 9 10 0.429
233 87 9 11 0.429
108 284 12 14 0.429
368 123 9 12 0.429
874 106 10 12 0.428
182 9 7 9 0.427
764 79 9 11 0.427
347 125 9 11 0.427
307 169 10 13 0.425
549 629 18 23 0.425
295 159 9 11 0.424
537 446 12 15 0.423
348 68 8 10 0.423
312 93 8 10 0.420
227 44 8 10 0.419
134 131 9 12 0.418
159 112 9 11 0.418
1007 564 16 21 0.416
463 117 8 10 0.415
647 37 7 10 0.415
190 131 10 13 0.415
673 156 8 11 0.415
409 57 7 9 0.414
273 169 9 11 0.414
333 101 8 10 0.410
230 187 9 12 0.409
326 358 12 16 0.408
145 94 9 11 0.405
138 112 8 11 0.404
363 168 9 11 0.402
436 95 9 12 0.402
175 137 9 11 0.401
347 171 9 11 0.399
399 114 9 11 0.398
396 127 8 10 0.398
387 48 8 10 0.397
371 96 8 10 0.397
498 222 10 12 0.396
458 159 10 12 0.392
84 442 14 15 0.391
281 152 9 12 0.389
326 165 9 11 0.389
444 114 9 11 0.386
865 135 10 12 0.386
289 81 7 9 0.384
334 379 13 16 0.383
94 66 8 10 0.382
347 52 8 10 0.381
806 569 14 22 0.381
459 30 8 9 0.380
854 150 10 12 0.379
583 185 9 11 0.378
415 427 15 17 0.378
241 10 7 9 0.375
649 183 10 11 0.375
434 97 9 11 0.374
222 110 10 12 0.373
261 53 7 10 0.372
593 208 10 12 0.370
615 163 9 11 0.370
437 223 9 12 0.370
219 64 8 10 0.369
500 122 9 10 0.367
479 87 7 10 0.365
346 159 9 11 0.365
501 76 8 11 0.364
324 49 8 10 0.364
374 18 7 9 0.361
97 485 17 18 0.360
376 3 7 8 0.358
642 14 7 9 0.357
467 47 7 9 0.356
1018 327 6 20 0.355
252 22 7 9 0.355
514 283 12 14 0.354
315 673 20 17 0.354
818 438 15 20 0.353
730 51 8 11 0.351
651 275 10 12 0.351
503 207 9 12 0.350
285 44 8 10 0.349
125 35 8 10 0.348
436 44 7 9 0.344
594 154 9 12 0.343
320 62 8 10 0.342
458 181 10 12 0.339
515 144 9 11 0.337
340 32 7 9 0.336
608 115 9 11 0.336
633 44 7 9 0.336
347 101 8 10 0.335
263 148 10 11 0.335
414 3 6 7 0.333
99 35 7 10 0.333
818 341 12 14 0.332
451 195 10 11 0.330
317 32 7 9 0.326
370 40 8 10 0.325
989 597 20 24 0.323
544 137 8 10 0.322
436 61 7 10 0.321
593 297 11 13 0.320
499 53 8 10 0.318
192 32 8 10 0.317
639 54 8 10 0.315
215 32 7 9 0.315
314 126 8 10 0.315
370 422 13 15 0.314
244 68 8 10 0.313
392 93 8 10 0.313
701 27 8 10 0.312
179 49 8 10 0.311
90 88 9 11 0.310
404 16 8 9 0.309
442 21 7 9 0.309
548 152 9 11 0.308
239 54 8 10 0.306
283 27 7 9 0.306
763 575 15 20 0.305
275 58 8 10 0.303
315 80 8 10 0.300
814 572 19 24 0.299
164 228 11 12 0.297
262 88 8 10 0.297
524 146 8 11 0.297
621 6 7 9 0.295
627 63 7 9 0.294
660 52 8 10 0.293
108 173 9 12 0.292
261 39 7 9 0.291
455 181 10 11 0.289
879 531 17 20 0.289
187 234 11 13 0.289
122 400 11 14 0.289
396 48 7 9 0.289
445 81 8 9 0.289
571 177 9 10 0.288
579 329 11 14 0.288
683 229 10 13 0.286
212 18 7 9 0.285
665 142 9 11 0.284
123 235 11 15 0.282
382 72 8 11 0.280
153 185 9 12 0.278
562 159 8 10 0.276
119 594 17 21 0.275
461 76 7 9 0.273
513 81 7 10 0.272
314 60 8 10 0.271
446 188 9 11 0.269
763 333 9 14 0.265
431 62 8 10 0.263
408 673 20 18 0.263
425 343 12 16 0.262
505 267 9 13 0.260
224 190 11 14 0.259
300 3 6 7 0.257
547 603 12 15 0.256
571 22 7 9 0.253
224 173 8 11 0.253
143 129 9 11 0.250
53 560 15 19 0.250
169 86 8 10 0.248
1012 302 9 17 0.246
198 49 8 9 0.245
482 73 8 10 0.245
845 366 10 14 0.245
528 539 18 22 0.244
330 99 9 11 0.244
472 101 9 11 0.243
227 210 10 12 0.242
331 615 20 24 0.240
774 63 8 9 0.238
121 202 9 13 0.236
136 180 10 12 0.236
568 128 8 10 0.233
424 27 8 9 0.232
415 145 8 10 0.231
313 16 7 8 0.229
388 89 9 11 0.228
672 64 7 9 0.228
268 12 7 9 0.226
508 383 12 17 0.226
723 439 14 21 0.225
407 165 10 12 0.225
319 127 9 11 0.220
583 9 7 9 0.220
163 84 9 10 0.219
174 626 16 19 0.218
486 126 9 12 0.217
421 142 9 10 0.216
217 6 7 9 0.215
510 221 10 12 0.215
405 408 13 15 0.214
336 85 8 10 0.214
573 594 18 22 0.213
664 17 7 9 0.212
725 270 9 14 0.212
392 16 7 9 0.210
286 202 9 11 0.210
594 132 9 10 0.210
377 380 13 17 0.209
271 77 8 10 0.209
168 29 8 10 0.209
212 195 12 14 0.204
784 106 9 11 0.203
146 8 7 8 0.200
474 144 9 11 0.197
339 3 6 8 0.195
763 387 12 15 0.195
515 129 9 11 0.195
936 159 10 12 0.195
398 35 7 9 0.194
99 122 10 13 0.193
14 570 19 24 0.193
568 139 8 11 0.192
391 213 12 13 0.191
606 399 11 15 0.190
259 2 7 8 0.190
391 47 8 11 0.188
199 56 7 10 0.187
509 9 7 9 0.185
498 105 8 10 0.184
349 70 9 10 0.183
737 318 12 16 0.183
433 533 14 17 0.182
401 17 7 9 0.181
218 350 12 15 0.180
397 3 7 7 0.180
180 72 8 11 0.180
362 7 6 8 0.179
331 158 8 11 0.178
215 19 7 10 0.175
531 193 10 12 0.175
408 173 9 13 0.175
519 96 8 9 0.174
754 209 10 12 0.174
244 182 9 12 0.173
509 265 10 12 0.173
496 150 10 12 0.172
291 177 11 13 0.172
378 113 9 11 0.171
167 154 9 13 0.171
166 7 6 7 0.169
643 471 17 23 0.169
164 157 10 12 0.169
267 2 7 8 0.169
210 234 11 13 0.168
779 309 10 13 0.168
725 69 8 11 0.160
197 136 10 13 0.160
406 438 12 14 0.159
287 46 8 9 0.159
324 2 7 7 0.158
662 82 8 10 0.158
885 125 8 11 0.157
157 25 7 10 0.157
202 74 8 10 0.155
241 70 8 10 0.155
91 445 14 17 0.152
423 138 10 12 0.151
481 349 12 15 0.151
722 50 9 11 0.151
712 287 10 12 0.151
144 50 8 10 0.151
713 228 10 14 0.150
327 99 8 10 0.150
368 40 7 10 0.150
495 417 15 16 0.150
217 63 8 10 0.150
394 95 8 10 0.148
594 375 12 16 0.147
353 23 7 9 0.146
669 529 15 18 0.146
359 4 6 8 0.146
355 91 8 10 0.146
453 51 7 9 0.144
552 155 9 11 0.143
150 19 7 9 0.143
476 132 9 11 0.142
229 462 14 17 0.142
294 21 7 8 0.140
513 59 7 9 0.139
569 178 9 12 0.139
125 69 8 10 0.138
473 106 8 12 0.138
288 345 11 16 0.136
594 284 11 13 0.136
525 253 9 12 0.135
493 244 10 12 0.134
632 144 9 11 0.133
227 352 14 16 0.132
527 433 12 14 0.132
267 75 8 10 0.132
531 200 10 13 0.132
448 193 9 13 0.131
222 405 13 16 0.131
504 77 9 11 0.128
435 368 12 15 0.127
352 0 7 8 0.127
164 123 8 11 0.126
681 62 7 9 0.125
523 51 7 9 0.124
663 55 8 10 0.124
827 329 12 15 0.123
60 198 11 15 0.123
657 295 11 15 0.120
127 66 8 10 0.120
91 82 9 12 0.120
304 2 6 7 0.120
179 212 12 14 0.119
494 58 9 10 0.118
88 135 9 12 0.117
425 316 12 17 0.117
573 69 7 9 0.116
735 124 8 10 0.116
769 151 9 12 0.116
694 328 12 16 0.116
363 351 11 16 0.115
668 32 8 9 0.114
552 337 13 18 0.114
179 34 8 10 0.113
267 9 7 10 0.113
185 232 10 12 0.113
659 261 10 13 0.113
125 64 8 10 0.113
153 32 7 9 0.113
556 178 9 10 0.113
613 28 7 8 0.112
205 142 9 12 0.112
96 118 9 11 0.112
539 616 19 25 0.112
752 96 8 11 0.111
487 238 10 12 0.111
316 18 8 9 0.110
962 149 9 13 0.110
305 32 7 9 0.109
818 131 12 14 0.109
481 1 7 8 0.109
200 113 8 11 0.109
726 101 8 9 0.108
62 195 11 14 0.108
343 84 8 10 0.108
88 649 21 25 0.107
125 397 12 15 0.107
614 120 9 11 0.107
389 382 14 17 0.107
582 110 9 12 0.106
655 59 8 12 0.105
688 233 11 13 0.105
400 515 18 23 0.104
823 337 12 15 0.104
951 665 23 24 0.104
772 354 12 16 0.104
513 29 6 8 0.104
185 9 8 9 0.103
466 22 7 8 0.103
869 162 9 12 0.102
171 33 7 9 0.102
472 147 9 11 0.102
185 132 10 11 0.101
553 175 8 10 0.100
582 7 7 8 0.100
537 61 7 9 0.099
444 4 7 8 0.099
759 383 12 17 0.099
624 357 10 13 0.098
596 226 9 12 0.098
533 441 13 16 0.098
729 329 14 16 0.096
666 19 8 10 0.096
653 69 9 11 0.096
651 2 6 8 0.096
685 129 8 10 0.096
165 10 7 9 0.095
245 26 8 9 0.095
499 208 10 13 0.095
860 143 10 12 0.094
658 13 7 9 0.094
629 83 7 10 0.094
339 286 11 15 0.094
768 72 8 12 0.092
49 346 16 17 0.092
222 225 11 13 0.091
504 33 6 8 0.091
118 352 13 14 0.091
908 141 10 11 0.091
212 223 11 13 0.090
573 223 9 12 0.090
363 172 10 12 0.090
323 16 7 8 0.090
321 58 7 10 0.090
580 288 10 12 0.090
678 4 7 8 0.089
236 390 11 15 0.088
729 297 10 14 0.088
412 83 8 9 0.088
853 181 10 12 0.088
398 17 8 9 0.087
263 181 11 13 0.087
819 90 9 11 0.087
682 391 13 16 0.087
602 31 7 9 0.087
358 325 12 15 0.086
676 190 9 12 0.086
69 193 10 13 0.086
619 165 9 11 0.086
61 247 10 12 0.085
287 3 6 7 0.085
491 50 7 9 0.085
266 33 7 9 0.085
598 29 7 9 0.084
221 195 11 14 0.083
591 26 7 8 0.083
479 362 13 16 0.083
699 25 8 10 0.082
764 175 8 10 0.082
309 54 7 10 0.081
268 39 8 9 0.081
286 25 8 10 0.081
603 30 7 8 0.081
549 174 8 11 0.080
852 152 10 12 0.080
68 370 12 15 0.079
939 140 10 13 0.078
535 93 8 10 0.078
533 61 8 9 0.078
802 391 14 19 0.077
919 153 9 12 0.077
490 24 7 8 0.077
909 144 10 12 0.077
826 146 10 11 0.076
156 2 7 8 0.075
961 200 12 13 0.075
408 31 8 9 0.074
571 19 8 10 0.074
629 61 8 10 0.074
558 424 12 17 0.074
530 253 10 12 0.073
79 228 11 13 0.073
875 130 10 12 0.073
94 150 10 11 0.072
95 63 8 10 0.072
765 343 12 16 0.072
477 55 7 9 0.072
870 106 10 12 0.071
134 474 17 19 0.071
144 61 9 11 0.071
585 50 7 9 0.070
268 184 12 15 0.070
83 655 19 23 0.069
777 62 8 10 0.069
362 328 11 14 0.068
866 164 10 13 0.068
619 212 10 14 0.068
999 566 19 22 0.068
957 651 23 27 0.068
325 420 12 16 0.068
690 112 8 10 0.067
602 36 7 9 0.066
325 353 12 16 0.066
98 86 9 11 0.066
717 474 15 20 0.066
53 667 18 21 0.065
90 67 9 10 0.064
419 2 6 7 0.063
493 26 6 8 0.063
287 113 8 10 0.063
575 505 15 18 0.063
290 341 11 16 0.063
246 4 7 9 0.062
625 7 7 8 0.061
421 6 6 8 0.061
620 217 11 14 0.061
397 589 17 23 0.061
57 265 12 15 0.060
598 237 11 14 0.060
717 293 11 17 0.060
495 142 9 11 0.059
127 92 10 12 0.059
820 134 12 13 0.059
644 44 7 11 0.058
343 164 10 12 0.058
441 134 10 13 0.058
221 107 8 11 0.058
961 546 15 21 0.058
679 132 9 11 0.058
442 441 12 17 0.057
862 316 11 15 0.057
217 401 13 17 0.057
760 176 9 10 0.056
730 125 8 9 0.056
547 275 9 13 0.055
647 288 10 13 0.055
353 108 8 9 0.055
102 32 9 11 0.055
434 445 15 19 0.054
594 158 10 13 0.054
192 0 7 8 0.054
397 119 9 12 0.054
351 320 12 15 0.053
346 208 10 12 0.053
366 166 9 12 0.053
375 410 15 18 0.053
338 126 9 12 0.053
124 37 8 11 0.052
465 40 8 11 0.052
266 463 16 19 0.052
108 92 8 11 0.052
118 188 12 14 0.052
314 87 8 12 0.051
293 166 11 15 0.051
890 526 16 18 0.051
955 305 13 15 0.051
351 3 6 8 0.051
266 129 9 11 0.050
539 89 7 10 0.050
133 325 12 16 0.050
299 532 15 20 0.049
940 331 12 15 0.049
431 169 9 12 0.049
855 362 11 15 0.048
394 3 7 6 0.048
674 32 8 9 0.048
329 350 14 17 0.047
924 545 18 21 0.047
344 168 10 13 0.047
747 89 9 12 0.047
64 447 15 19 0.047
926 165 11 14 0.047
170 365 12 16 0.046
439 308 13 18 0.046
393 392 14 17 0.045
436 227 9 12 0.045
858 360 11 16 0.045
697 107 8 11 0.045
703 2 7 8 0.045
962 398 15 17 0.044
460 184 11 14 0.044
228 407 12 16 0.044
547 296 8 13 0.044
699 225 9 11 0.044
371 181 10 12 0.044
882 527 15 18 0.043
960 148 9 12 0.043
551 297 10 13 0.043
396 148 8 11 0.043
102 392 13 15 0.042
512 377 11 16 0.042
507 28 7 8 0.042
767 63 7 9 0.042
716 243 9 13 0.042
62 202 11 14 0.042
629 44 7 9 0.042
170 279 11 15 0.041
742 192 10 13 0.041
221 457 15 19 0.041
178 53 8 11 0.041
368 414 12 16 0.041
422 123 10 11 0.040
257 151 9 12 0.040
889 127 10 13 0.040
104 119 10 13 0.040
133 183 12 15 0.039
675 3 7 8 0.039
686 385 12 17 0.039
587 7 7 8 0.039
137 393 10 15 0.039
548 356 13 16 0.038
643 218 9 12 0.038
174 616 17 22 0.037
539 50 7 9 0.037
1014 334 10 15 0.037
462 112 9 13 0.037
937 334 13 16 0.036
657 162 8 11 0.036
343 286 12 14 0.036
506 394 13 17 0.036
58 450 16 19 0.036
273 215 9 13 0.036
705 82 8 10 0.036
574 252 10 12 0.035
393 44 8 11 0.035
486 6 6 8 0.035
57 200 10 14 0.035
238 4 7 8 0.034
90 63 8 10 0.034
526 29 7 8 0.034
287 6 6 8 0.034
483 96 8 11 0.034
759 321 11 14 0.034
534 57 8 10 0.034
529 222 9 11 0.034
507 7 6 7 0.034
744 360 11 14 0.033
234 49 9 10 0.033
474 135 10 13 0.033
1014 168 8 11 0.033
728 102 8 11 0.033
938 409 16 20 0.032
582 188 9 12 0.032
765 105 8 10 0.032
835 43 8 10 0.032
98 463 16 19 0.032
733 50 8 10 0.032
510 373 12 16 0.032
563 265 11 15 0.031
701 145 9 10 0.031
511 7 7 8 0.031
327 338 12 15 0.031
929 118 9 12 0.031
276 532 15 19 0.031
466 418 16 17 0.031
133 233 12 14 0.031
207 239 13 15 0.030
537 258 9 12 0.030
722 144 8 10 0.030
289 76 8 11 0.030
118 511 14 19 0.030
357 234 10 14 0.030
76 419 16 19 0.030
523 46 8 10 0.030
611 58 7 8 0.030
477 477 13 18 0.030
962 145 10 13 0.029
335 289 12 15 0.029
56 347 14 16 0.029
123 32 7 9 0.029
498 55 9 11 0.029
518 84 8 10 0.029
140 659 20 23 0.029
76 346 13 16 0.029
132 4 6 8 0.028
722 3 7 7 0.028
162 77 9 12 0.028
465 20 7 8 0.028
726 265 11 14 0.028
894 425 13 17 0.028
998 202 11 15 0.027
99 420 14 18 0.027
308 181 10 12 0.027
455 158 9 11 0.027
198 379 13 16 0.027
948 665 16 21 0.027
776 488 13 17 0.027
587 382 12 15 0.027
895 522 14 18 0.027
827 568 18 24 0.027
310 120 8 10 0.026
569 582 17 22 0.026
758 208 10 14 0.026
935 179 10 13 0.026
625 416 14 19 0.025
555 57 7 9 0.025
892 324 12 15 0.025
111 468 15 18 0.025
376 286 10 12 0.025
570 163 8 11 0.025
702 4 7 7 0.025
339 580 17 20 0.025
489 351 12 15 0.025
189 238 11 14 0.025
543 367 15 17 0.025
962 196 11 13 0.025
576 23 7 9 0.025
678 194 10 12 0.024
171 607 18 21 0.024
649 442 14 16 0.024
575 224 9 12 0.024
75 159 8 12 0.024
388 165 9 12 0.024
582 389 10 13 0.024
583 214 10 13 0.024
714 479 15 18 0.024
610 0 7 7 0.024
495 288 11 13 0.024
420 347 13 16 0.023
237 213 10 12 0.023
375 425 14 16 0.023
124 102 10 13 0.023
327 406 14 19 0.023
79 269 12 17 0.023
711 106 8 11 0.023
334 600 19 23 0.023
1018 503 6 18 0.023
88 122 8 10 0.023
548 6 6 8 0.023
701 2 7 8 0.023
568 220 9 12 0.023
101 320 12 16 0.023
492 175 9 12 0.023
267 520 15 20 0.023
167 360 12 17 0.023
795 524 16 19 0.023
748 370 12 16 0.022
768 576 14 18 0.022
13 562 18 23 0.022
858 664 12 15 0.022
129 6 6 8 0.022
430 520 16 22 0.022
602 89 8 10 0.021
648 87 8 10 0.021
549 5 6 7 0.021
546 290 10 14 0.021
338 5 8 9 0.021
628 310 11 14 0.021
796 516 15 19 0.021
137 6 7 8 0.021
583 95 8 10 0.021
947 547 17 21 0.020
277 214 11 13 0.020
317 57 8 11 0.020
804 318 11 15 0.020
78 659 18 22 0.020
65 250 11 16 0.020
818 147 9 11 0.020
319 470 16 19 0.020
414 190 9 13 0.020
113 291 12 15 0.020
352 374 11 15 0.020
887 629 17 22 0.019
539 19 6 9 0.019
721 147 9 10 0.019
60 223 10 13 0.019
672 396 12 15 0.019
333 450 15 16 0.019
80 34 7 8 0.019
315 678 21 17 0.019
714 448 15 18 0.019
552 53 7 9 0.019
364 408 11 15 0.019
272 526 17 22 0.019
295 335 12 14 0.019
955 439 13 18 0.018
514 315 10 13 0.018
682 324 11 14 0.018
501 416 14 16 0.018
580 352 12 16 0.018
95 661 19 21 0.018
755 175 8 11 0.018
184 238 11 13 0.018
610 391 11 15 0.018
343 109 9 12 0.018
488 309 11 15 0.018
532 69 7 9 0.018
125 403 13 19 0.018
71 214 10 12 0.017
678 80 7 10 0.017
624 70 8 10 0.017
700 595 14 18 0.017
460 667 14 16 0.017
80 157 8 11 0.017
419 408 11 16 0.017
565 63 7 9 0.017
498 387 13 15 0.017
699 260 11 13 0.017
818 345 10 14 0.017
308 396 11 13 0.017
476 321 10 13 0.017
800 317 11 15 0.016
177 382 14 17 0.016
272 607 16 19 0.016
523 289 10 14 0.016
605 403 13 18 0.016
936 543 15 20 0.016
884 412 11 13 0.016
344 584 17 19 0.016
264 453 16 19 0.016
725 4 7 7 0.016
673 531 15 20 0.016
662 530 16 20 0.016
535 36 7 8 0.016
661 179 7 12 0.016
156 232 11 14 0.015
541 194 9 12 0.015
665 87 8 11 0.015
777 144 8 12 0.015
239 555 15 18 0.015
559 50 7 9 0.015
179 628 17 21 0.015
338 446 12 15 0.015
816 127 11 13 0.015
886 536 15 20 0.015
252 205 9 12 0.015
1009 307 11 15 0.015
253 198 9 12 0.014
499 41 8 10 0.014
891 621 19 23 0.014
676 21 7 9 0.014
161 411 14 19 0.014
89 91 9 11 0.014
948 335 12 14 0.014
333 260 10 15 0.014
686 70 8 10 0.014
24 511 16 19 0.014
382 346 13 17 0.014
881 157 9 12 0.014
750 391 13 18 0.014
749 378 12 16 0.014
126 283 12 15 0.013
722 171 8 11 0.013
120 403 13 18 0.013
913 405 15 17 0.013
308 333 11 13 0.013
226 135 8 11 0.013
204 356 12 16 0.013
76 35 7 9 0.013
409 478 14 18 0.013
855 316 12 14 0.013
708 593 15 20 0.013
542 11 7 9 0.013
1015 508 11 18 0.013
331 604 24 29 0.013
630 461 13 17 0.013
365 148 8 11 0.013
983 298 10 12 0.013
612 453 11 14 0.013
700 249 10 13 0.013
734 57 8 10 0.013
341 290 12 14 0.013
318 228 12 15 0.013
203 384 13 16 0.013
413 481 16 19 0.012
738 192 10 12 0.012
686 465 13 16 0.012
563 189 9 12 0.012
496 475 14 18 0.012
83 132 9 12 0.012
179 187 8 11 0.012
719 213 11 13 0.012
1000 343 9 13 0.012
930 517 15 17 0.012
578 676 14 13 0.012
184 189 9 12 0.012
262 227 11 13 0.011
984 208 9 12 0.011
266 611 17 19 0.011
455 327 12 16 0.011
221 147 8 11 0.011
457 409 14 18 0.011
657 342 11 15 0.011
405 677 18 18 0.011
735 193 9 11 0.011
276 221 10 12 0.011
615 456 13 18 0.011
651 560 19 23 0.011
672 525 15 19 0.011
254 101 8 10 0.011
938 178 10 13 0.011
1017 341 7 14 0.011
954 106 10 12 0.011
141 203 10 12 0.011
175 385 12 17 0.011
81 32 7 8 0.011
89 428 14 17 0.010
482 249 9 12 0.010
258 230 11 13 0.010
434 214 8 11 0.010
774 485 13 14 0.010
651 191 9 13 0.010
406 477 13 16 0.010
331 289 11 15 0.010
14 582 18 20 0.010
48 558 16 19 0.010
