10_People_Marching_People_Marching_2_668
80
192 298 38 45 0.808
297 350 36 42 0.807
100 263 32 41 0.781
410 304 48 55 0.779
658 308 34 39 0.771
540 291 31 38 0.764
370 330 21 25 0.752
769 315 26 30 0.720
857 315 23 25 0.698
604 305 23 28 0.697
513 314 21 24 0.676
922 336 17 19 0.650
957 328 15 18 0.633
985 331 15 18 0.553
464 316 26 33 0.527
44 299 7 9 0.283
642 331 17 22 0.251
905 347 13 15 0.239
2 283 6 8 0.158
903 341 12 14 0.156
1007 332 10 13 0.136
901 337 11 13 0.109
986 325 13 16 0.108
992 333 13 15 0.070
1009 337 10 14 0.065
1014 347 10 15 0.065
289 306 9 10 0.063
585 309 13 17 0.056
1015 313 9 14 0.054
5 284 6 8 0.052
972 353 11 14 0.051
834 335 12 14 0.050
1002 335 12 14 0.050
831 339 11 13 0.048
838 332 11 13 0.046
828 340 10 13 0.042
647 322 24 26 0.041
76 307 6 7 0.040
265 315 5 7 0.037
349 321 8 10 0.033
905 337 11 13 0.033
891 329 16 18 0.030
946 338 12 14 0.029
461 324 20 25 0.028
882 321 10 16 0.028
981 339 12 15 0.028
893 341 12 15 0.026
597 321 16 20 0.026
958 322 14 15 0.025
839 335 11 15 0.024
282 307 9 10 0.024
270 312 7 8 0.022
85 305 5 7 0.021
82 310 5 7 0.021
928 335 16 19 0.021
516 302 18 23 0.020
474 314 18 24 0.019
593 324 13 17 0.018
580 306 15 20 0.017
814 342 13 16 0.017
79 307 5 6 0.017
347 320 7 9 0.017
887 284 6 8 0.016
820 344 10 13 0.016
181 300 8 12 0.014
1006 346 11 14 0.014
924 326 10 12 0.014
513 302 14 17 0.013
266 313 9 9 0.013
942 310 9 12 0.013
1 328 5 9 0.013
450 309 41 45 0.012
885 282 6 8 0.012
583 308 19 23 0.012
1005 319 12 16 0.012
176 292 6 9 0.011
729 333 12 14 0.011
1015 96 5 6 0.010
885 312 10 13 0.010
185 307 9 15 0.010
