10_People_Marching_People_Marching_2_404
74
607 228 25 35 0.683
197 229 25 34 0.635
157 296 15 18 0.596
39 263 21 25 0.583
1006 262 18 36 0.553
340 278 14 18 0.547
271 261 23 28 0.544
925 243 24 26 0.413
390 297 12 15 0.350
412 301 10 13 0.312
783 294 12 14 0.254
870 255 15 19 0.247
369 295 11 14 0.191
320 270 15 17 0.176
822 263 17 20 0.176
394 298 11 15 0.135
913 237 22 27 0.115
841 286 15 17 0.101
931 249 21 23 0.101
902 235 20 25 0.098
732 287 11 13 0.092
255 239 13 19 0.074
420 290 12 13 0.064
414 305 10 12 0.047
453 291 11 13 0.044
38 252 20 28 0.043
382 279 10 12 0.039
494 306 9 11 0.036
452 288 10 13 0.035
744 297 10 11 0.035
761 283 10 12 0.032
150 296 12 16 0.031
191 235 22 29 0.031
792 273 11 14 0.030
782 278 11 12 0.030
712 300 8 10 0.027
497 308 9 10 0.026
344 276 13 15 0.025
260 233 14 17 0.023
837 268 15 19 0.022
269 269 18 21 0.021
159 239 20 27 0.020
710 302 7 8 0.020
746 301 10 10 0.020
164 220 15 19 0.019
161 231 19 27 0.019
814 260 16 19 0.018
499 310 9 11 0.018
260 240 14 18 0.017
126 308 9 11 0.016
748 297 10 12 0.016
141 291 12 15 0.016
788 277 12 14 0.015
792 268 11 14 0.015
160 205 11 13 0.015
448 297 11 12 0.014
40 244 16 22 0.014
837 287 14 16 0.014
256 250 15 21 0.014
846 284 15 18 0.014
111 268 12 14 0.014
838 262 16 19 0.013
438 302 10 13 0.013
367 288 12 16 0.013
70 274 11 13 0.012
478 297 8 11 0.012
108 275 12 15 0.012
775 277 10 12 0.011
307 243 13 16 0.011
697 294 7 8 0.011
34 264 18 23 0.011
437 295 10 11 0.010
476 293 9 12 0.010
715 297 10 11 0.010
