21_Festival_Festival_21_943
94
113 195 12 15 0.606
294 188 15 18 0.603
738 189 10 13 0.593
103 179 10 14 0.554
806 190 11 14 0.545
352 177 11 14 0.542
830 194 11 14 0.527
761 185 10 12 0.495
711 193 12 14 0.492
188 195 11 13 0.442
939 198 8 9 0.413
882 177 10 17 0.403
496 193 7 8 0.376
68 194 11 14 0.356
155 196 10 12 0.308
543 189 8 11 0.288
572 195 8 9 0.265
519 186 7 8 0.249
493 193 7 7 0.247
386 184 7 9 0.235
650 193 8 10 0.197
167 194 10 11 0.175
262 193 9 12 0.161
886 180 11 15 0.134
979 209 6 7 0.131
421 188 7 9 0.121
834 194 10 13 0.102
208 193 11 12 0.097
128 193 8 12 0.088
764 184 10 13 0.088
651 195 7 10 0.081
388 185 7 8 0.078
239 202 10 13 0.072
936 197 7 9 0.071
645 194 9 10 0.071
305 173 8 11 0.057
548 186 9 10 0.055
132 195 8 11 0.054
693 220 10 14 0.051
567 192 8 9 0.050
230 188 8 11 0.048
324 196 8 11 0.048
399 219 10 11 0.047
258 190 9 11 0.047
56 181 8 12 0.046
222 188 9 11 0.042
66 189 10 13 0.042
355 180 10 13 0.042
714 191 11 13 0.039
574 193 8 9 0.038
1001 221 6 6 0.036
172 264 13 15 0.033
251 197 10 12 0.032
64 191 9 13 0.030
184 190 9 12 0.030
72 193 11 14 0.030
239 216 8 14 0.030
1018 217 4 7 0.029
487 192 6 7 0.027
517 189 8 10 0.027
980 207 5 7 0.027
266 194 9 12 0.026
824 194 10 13 0.026
326 196 7 8 0.025
55 179 8 10 0.025
498 195 7 8 0.024
85 186 8 10 0.023
620 220 7 9 0.022
267 190 10 11 0.021
88 187 7 11 0.021
647 192 8 10 0.021
252 186 8 10 0.020
800 189 10 13 0.020
621 223 7 8 0.020
997 205 6 7 0.019
237 220 9 13 0.018
53 180 7 11 0.017
215 194 9 12 0.017
146 196 9 11 0.016
494 195 6 8 0.016
975 209 6 7 0.015
156 192 9 11 0.015
282 186 10 13 0.014
821 190 10 13 0.013
182 289 17 20 0.012
241 220 9 13 0.012
458 196 6 8 0.012
892 181 10 15 0.012
641 222 9 12 0.012
878 176 9 14 0.012
395 191 7 9 0.012
621 217 6 9 0.011
1001 219 8 10 0.010
179 284 17 20 0.010
