21_Festival_Festival_21_331
53
353 293 45 57 0.819
745 224 58 72 0.817
152 406 89 103 0.808
62 364 37 46 0.791
661 277 42 48 0.782
264 272 31 39 0.743
163 281 19 23 0.739
989 266 35 45 0.733
237 277 27 34 0.726
142 315 25 30 0.688
520 295 31 34 0.662
305 391 36 44 0.646
462 270 11 14 0.595
0 298 16 36 0.511
492 290 25 28 0.494
876 237 34 47 0.425
577 269 9 12 0.286
425 305 20 31 0.264
250 271 33 41 0.137
644 279 25 32 0.106
640 282 18 27 0.096
865 331 25 35 0.077
864 238 34 47 0.073
478 282 15 19 0.073
871 302 29 33 0.053
709 289 33 42 0.052
596 274 18 30 0.037
892 239 25 43 0.034
87 344 27 33 0.030
621 320 23 28 0.026
930 270 14 18 0.025
506 284 37 44 0.025
713 268 25 34 0.023
502 293 28 34 0.023
958 283 15 22 0.023
851 214 29 45 0.023
692 285 35 40 0.022
562 261 7 10 0.021
612 330 21 29 0.021
4 299 21 39 0.020
704 280 29 42 0.019
837 275 11 14 0.018
589 277 17 24 0.018
625 353 24 30 0.018
872 283 29 39 0.017
608 271 17 25 0.017
865 318 35 47 0.015
628 317 20 23 0.014
564 261 9 11 0.014
560 265 7 9 0.011
603 273 15 23 0.011
840 275 12 16 0.010
926 271 15 20 0.010
