21_Festival_Festival_21_275
126
968 329 15 19 0.698
256 262 30 57 0.668
999 346 16 20 0.620
752 226 11 14 0.620
686 229 11 13 0.605
920 350 9 11 0.582
902 347 9 10 0.452
883 342 8 10 0.448
690 106 8 10 0.393
790 98 8 10 0.386
0 182 35 115 0.364
811 95 7 8 0.317
569 341 22 23 0.287
865 344 9 12 0.280
869 346 9 12 0.271
312 336 17 21 0.269
725 124 7 7 0.250
923 347 9 11 0.228
638 334 12 18 0.223
748 123 6 8 0.210
645 106 7 8 0.195
862 344 9 10 0.193
751 103 7 8 0.163
945 351 9 11 0.160
356 293 21 42 0.132
792 96 9 10 0.123
404 140 7 8 0.106
713 113 6 8 0.105
728 124 6 8 0.103
825 86 7 9 0.102
766 112 7 9 0.095
657 97 6 7 0.093
743 329 12 14 0.091
660 150 7 9 0.090
309 312 9 12 0.083
311 313 10 14 0.080
916 349 9 11 0.078
710 92 6 7 0.076
720 120 6 8 0.074
749 229 9 11 0.060
856 344 7 9 0.060
645 179 8 11 0.057
873 342 10 12 0.055
805 196 10 13 0.054
518 319 14 27 0.052
867 116 6 8 0.051
650 166 7 9 0.050
964 335 11 14 0.047
997 342 13 17 0.046
851 346 7 8 0.044
652 100 7 8 0.044
738 328 13 16 0.043
664 95 6 7 0.042
457 339 21 25 0.042
742 333 11 14 0.041
911 350 9 10 0.040
717 330 12 17 0.040
842 94 7 9 0.033
852 206 15 19 0.032
642 106 6 7 0.031
646 122 7 9 0.031
736 94 7 8 0.031
711 115 7 8 0.030
871 351 9 11 0.030
857 104 6 8 0.030
17 202 60 104 0.029
833 348 6 8 0.029
645 111 9 11 0.028
925 342 7 9 0.028
706 332 14 17 0.027
739 95 7 8 0.027
927 345 8 10 0.026
853 101 7 9 0.026
765 346 9 11 0.026
824 128 6 8 0.025
875 333 6 8 0.025
349 285 34 55 0.024
733 334 12 15 0.024
523 322 12 19 0.024
692 333 13 18 0.023
995 231 6 7 0.021
710 252 6 8 0.021
810 353 6 9 0.020
716 110 6 8 0.020
843 91 9 11 0.020
709 199 9 11 0.019
747 127 7 8 0.018
808 91 8 10 0.018
831 344 6 8 0.017
660 141 7 9 0.017
643 152 7 9 0.017
647 172 9 12 0.016
849 205 13 16 0.016
419 143 6 7 0.016
998 232 5 6 0.016
796 104 7 9 0.015
724 127 7 8 0.015
1002 269 6 6 0.015
640 151 8 10 0.015
803 110 7 9 0.015
680 336 14 17 0.015
410 141 7 7 0.014
847 122 6 8 0.013
670 179 8 12 0.013
844 85 10 14 0.013
953 340 8 11 0.013
538 313 8 13 0.013
529 314 11 21 0.012
465 346 18 20 0.012
807 353 7 9 0.012
719 325 12 15 0.012
641 177 8 12 0.012
643 329 12 20 0.012
383 130 7 7 0.011
514 325 16 24 0.011
0 203 56 120 0.011
307 310 12 17 0.011
825 338 6 8 0.011
806 190 11 15 0.011
362 289 23 42 0.011
116 204 33 44 0.011
789 101 7 9 0.011
999 339 12 14 0.010
688 104 11 14 0.010
422 142 6 7 0.010
667 107 5 7 0.010
