21_Festival_Festival_21_340
305
254 353 15 25 0.620
361 262 12 16 0.589
566 264 11 13 0.589
593 255 10 13 0.578
294 263 12 15 0.557
71 346 19 25 0.553
178 283 12 17 0.551
661 278 11 14 0.547
238 335 15 22 0.543
483 231 9 11 0.535
709 239 7 9 0.532
99 320 15 16 0.521
16 346 20 27 0.509
167 328 14 19 0.463
456 233 9 10 0.454
462 261 11 13 0.444
699 292 14 15 0.430
472 247 10 12 0.394
790 216 71 99 0.384
418 231 8 11 0.381
622 257 9 11 0.378
428 284 13 19 0.371
676 244 8 10 0.369
139 302 11 17 0.351
170 265 11 13 0.340
762 258 7 8 0.305
99 280 10 13 0.296
396 323 19 23 0.290
448 252 11 13 0.286
234 274 13 15 0.284
659 330 14 19 0.274
383 234 9 12 0.262
230 334 17 21 0.260
292 235 9 12 0.260
514 311 13 23 0.256
289 233 10 13 0.252
311 242 9 10 0.249
352 242 9 12 0.242
657 259 8 9 0.237
223 332 15 20 0.233
766 279 8 10 0.226
737 244 8 9 0.220
54 362 17 23 0.192
581 292 17 21 0.184
216 300 12 16 0.183
126 358 20 23 0.169
399 221 7 8 0.158
650 271 10 12 0.158
472 217 7 8 0.157
404 251 10 13 0.157
335 255 11 12 0.154
656 275 10 13 0.149
693 252 7 8 0.148
88 265 8 11 0.148
480 235 9 12 0.147
417 229 8 10 0.145
172 369 18 27 0.143
397 253 10 12 0.142
339 220 7 9 0.139
537 257 8 11 0.137
369 231 8 10 0.136
328 252 9 12 0.132
340 254 10 13 0.131
371 235 10 12 0.131
124 267 9 13 0.131
265 298 13 17 0.130
135 310 12 19 0.124
232 270 12 16 0.123
666 239 7 8 0.121
379 235 9 11 0.119
393 254 10 12 0.119
276 222 7 8 0.114
439 224 7 8 0.113
742 243 6 8 0.112
184 281 13 16 0.108
470 261 11 13 0.105
633 217 6 8 0.105
140 258 8 10 0.100
285 235 10 12 0.100
311 244 9 13 0.100
375 262 10 13 0.098
136 359 17 21 0.098
723 255 7 9 0.096
380 263 10 13 0.092
480 263 9 12 0.091
397 219 7 9 0.090
142 300 13 17 0.085
142 276 10 13 0.085
561 265 10 13 0.083
401 230 7 10 0.083
625 255 8 10 0.082
546 265 8 12 0.082
168 367 17 24 0.082
225 269 12 15 0.081
126 271 9 12 0.079
336 222 8 10 0.079
60 293 8 10 0.076
240 303 12 16 0.076
306 226 7 9 0.073
244 235 8 9 0.073
182 256 8 10 0.070
450 262 12 15 0.066
539 257 9 12 0.066
432 324 19 25 0.065
24 380 16 23 0.065
29 307 8 9 0.065
549 270 10 12 0.065
697 294 11 13 0.064
439 211 7 8 0.064
302 219 7 7 0.064
278 240 8 10 0.063
160 253 7 9 0.063
371 229 7 9 0.063
454 279 13 16 0.061
162 352 17 22 0.061
206 258 10 13 0.060
741 246 7 8 0.060
441 210 7 8 0.059
118 266 10 13 0.059
651 226 7 7 0.058
479 258 10 13 0.058
124 258 8 11 0.057
949 258 22 35 0.055
240 331 16 20 0.054
144 356 14 19 0.054
332 250 9 13 0.054
119 271 10 12 0.054
654 259 8 10 0.053
280 239 10 12 0.053
103 277 10 13 0.052
95 320 14 17 0.051
510 265 9 14 0.050
62 333 10 14 0.050
141 261 9 13 0.050
58 303 8 10 0.049
343 248 10 14 0.048
309 217 6 7 0.048
116 252 7 8 0.047
82 302 9 11 0.047
18 279 7 9 0.047
743 285 10 12 0.046
127 351 16 19 0.046
123 354 19 22 0.046
926 251 11 15 0.044
192 281 11 15 0.044
444 354 18 20 0.042
57 291 9 11 0.042
301 217 6 7 0.041
367 228 7 9 0.041
728 253 8 9 0.041
226 327 13 17 0.041
328 236 8 10 0.040
315 296 14 16 0.039
538 248 8 10 0.038
167 266 10 12 0.037
509 258 9 13 0.037
42 302 7 9 0.037
610 272 9 11 0.037
554 253 7 9 0.037
423 229 8 10 0.036
784 264 6 8 0.036
110 250 7 8 0.036
705 291 13 15 0.035
211 257 10 12 0.034
698 256 7 9 0.034
26 307 8 11 0.034
652 228 7 8 0.033
239 275 13 15 0.033
170 246 7 8 0.033
739 286 10 12 0.033
183 226 5 7 0.032
662 240 7 9 0.032
489 301 13 19 0.032
145 279 9 12 0.032
257 233 7 8 0.031
290 256 10 13 0.031
709 311 12 18 0.031
148 241 6 7 0.031
214 296 12 16 0.030
241 236 7 8 0.029
353 314 12 16 0.029
169 355 16 22 0.029
444 244 10 12 0.029
508 269 11 15 0.029
76 276 9 11 0.028
131 319 12 17 0.028
706 237 6 8 0.028
190 256 8 11 0.027
766 276 12 17 0.026
771 299 10 12 0.026
576 299 16 20 0.026
396 260 12 14 0.026
683 263 7 9 0.026
607 273 10 12 0.026
209 259 10 13 0.026
782 273 6 9 0.026
403 323 18 23 0.025
470 279 12 17 0.025
737 289 9 11 0.025
282 288 11 14 0.025
278 225 10 11 0.024
307 218 9 9 0.024
15 390 21 40 0.024
562 254 7 9 0.024
37 304 8 9 0.024
27 349 16 23 0.024
261 217 6 8 0.024
195 281 11 14 0.023
134 300 12 16 0.023
70 272 10 12 0.023
418 254 10 12 0.023
178 245 7 9 0.022
539 245 8 10 0.022
779 278 7 10 0.022
766 256 6 8 0.022
299 329 15 21 0.022
964 353 10 14 0.022
38 318 9 11 0.022
459 281 14 17 0.022
733 260 7 9 0.021
435 209 7 8 0.021
479 286 13 16 0.021
145 294 11 15 0.020
261 215 6 7 0.020
35 314 8 11 0.020
35 280 7 9 0.020
340 218 6 8 0.019
962 350 17 22 0.019
81 305 11 14 0.019
443 219 8 10 0.019
82 260 7 9 0.019
377 302 14 20 0.018
286 215 5 7 0.018
240 308 13 16 0.018
15 354 16 25 0.017
451 283 13 15 0.017
229 260 11 14 0.017
404 262 11 14 0.017
64 287 9 12 0.017
56 290 13 16 0.017
81 255 7 8 0.017
540 242 6 9 0.017
26 330 12 18 0.017
234 239 8 10 0.016
790 269 25 50 0.016
217 225 6 8 0.016
272 299 14 20 0.016
158 236 6 7 0.016
800 244 9 13 0.016
441 264 10 13 0.016
264 238 8 10 0.016
208 339 15 20 0.015
122 363 19 23 0.015
656 283 12 15 0.015
76 331 11 15 0.015
666 331 16 19 0.015
799 248 11 19 0.014
57 267 9 11 0.014
797 244 16 28 0.014
316 220 7 7 0.014
194 262 10 13 0.014
295 324 15 22 0.014
168 245 9 11 0.014
89 298 10 12 0.014
160 346 15 20 0.014
124 303 12 16 0.013
345 217 6 7 0.013
195 243 6 8 0.013
67 268 10 12 0.013
385 270 12 14 0.013
605 253 8 11 0.013
948 258 17 25 0.013
136 318 14 19 0.013
287 289 13 16 0.013
436 212 8 9 0.013
470 217 6 8 0.012
30 280 7 9 0.012
140 353 14 17 0.012
373 309 15 19 0.012
365 308 15 19 0.012
326 279 13 16 0.012
351 311 12 16 0.012
236 297 12 15 0.012
178 374 20 25 0.012
298 219 8 10 0.012
782 293 9 14 0.012
17 386 16 24 0.012
61 323 10 14 0.011
201 393 17 21 0.011
214 222 6 7 0.011
67 260 8 9 0.011
181 240 8 11 0.011
955 349 27 35 0.011
277 315 16 21 0.011
514 245 8 12 0.011
276 217 6 7 0.011
157 361 18 23 0.011
622 216 6 8 0.011
273 317 15 20 0.011
395 269 12 15 0.011
60 367 18 23 0.011
614 300 11 15 0.010
719 275 9 11 0.010
654 259 12 14 0.010
741 326 15 18 0.010
