21_Festival_Festival_21_378
151
636 241 21 27 0.790
89 268 14 18 0.698
743 214 11 14 0.664
446 211 10 13 0.650
913 230 12 13 0.633
192 211 11 14 0.631
860 220 10 13 0.627
969 216 12 13 0.618
822 219 12 14 0.611
233 222 10 12 0.605
126 229 11 14 0.599
839 273 11 13 0.598
79 210 12 14 0.596
779 215 11 13 0.593
547 228 10 11 0.583
31 208 10 13 0.579
873 224 11 14 0.578
897 225 10 12 0.578
479 214 11 13 0.575
682 226 9 11 0.569
996 235 11 13 0.568
209 202 9 12 0.567
521 217 9 12 0.552
719 217 11 13 0.546
48 213 9 12 0.545
764 290 11 14 0.543
839 227 10 13 0.532
543 215 8 11 0.525
693 214 9 11 0.512
630 221 9 11 0.498
903 275 17 20 0.483
708 222 9 10 0.477
351 214 10 12 0.470
138 209 10 13 0.449
4 193 11 13 0.441
258 217 10 11 0.440
172 213 9 12 0.436
581 216 8 10 0.434
947 222 10 12 0.432
118 206 10 10 0.431
256 205 9 10 0.409
597 225 9 10 0.406
336 206 9 11 0.403
225 208 8 10 0.397
290 212 11 13 0.397
376 205 9 11 0.395
61 285 11 14 0.384
365 218 10 11 0.382
384 222 8 9 0.381
61 207 9 10 0.356
17 196 8 11 0.355
302 206 10 11 0.346
466 222 8 10 0.335
284 206 10 13 0.335
404 214 12 15 0.330
96 207 9 10 0.327
967 237 11 14 0.313
401 215 11 14 0.300
514 216 8 11 0.245
510 215 7 9 0.221
151 210 9 11 0.220
664 220 7 10 0.211
627 221 9 11 0.211
424 221 8 10 0.208
408 215 11 13 0.208
362 206 9 11 0.206
806 224 10 12 0.191
423 273 13 15 0.186
12 194 10 12 0.183
713 219 11 12 0.163
44 214 9 11 0.162
117 210 10 12 0.162
3 220 8 10 0.144
321 211 7 9 0.142
297 209 11 12 0.137
283 204 10 12 0.136
487 523 74 53 0.133
368 220 9 11 0.124
558 548 42 33 0.123
159 211 10 11 0.118
545 221 9 12 0.118
572 219 9 11 0.114
506 215 8 9 0.109
806 221 9 11 0.109
399 219 9 11 0.106
880 252 10 11 0.106
482 214 10 12 0.103
331 208 9 10 0.100
582 236 8 9 0.099
518 220 9 10 0.095
668 227 9 10 0.091
265 205 9 11 0.087
112 221 10 11 0.086
666 218 8 9 0.083
909 277 16 18 0.080
760 222 8 9 0.071
620 222 8 9 0.068
433 209 8 11 0.067
221 204 9 10 0.065
197 234 8 10 0.064
411 207 10 13 0.062
228 207 8 11 0.061
569 217 7 8 0.059
456 213 8 10 0.058
305 208 9 11 0.057
692 211 9 11 0.053
411 202 9 10 0.049
900 278 13 15 0.042
349 204 8 9 0.040
268 204 8 10 0.035
1014 232 8 11 0.034
546 215 7 9 0.034
389 210 9 11 0.032
629 217 9 11 0.032
586 216 6 9 0.031
111 224 10 12 0.028
996 222 9 11 0.027
660 223 8 10 0.026
1015 228 7 11 0.024
932 229 10 12 0.023
808 218 8 9 0.023
566 224 8 9 0.023
703 218 9 9 0.022
205 226 10 11 0.022
321 205 7 9 0.021
993 221 8 10 0.021
103 205 7 9 0.019
421 276 12 14 0.019
380 187 7 8 0.018
622 243 9 10 0.017
1008 212 8 9 0.017
232 204 7 9 0.016
59 205 7 9 0.016
909 215 8 9 0.016
921 228 11 14 0.015
192 203 7 8 0.015
619 217 7 8 0.015
147 193 6 7 0.015
766 286 10 14 0.014
68 286 9 12 0.014
9 182 7 9 0.013
882 289 8 9 0.013
890 208 8 10 0.012
638 222 11 15 0.012
243 204 6 8 0.012
619 246 9 11 0.012
319 214 9 11 0.012
173 205 6 8 0.011
581 215 11 14 0.011
133 205 7 9 0.011
932 233 11 14 0.010
