21_Festival_Festival_21_254
24
494 233 100 131 0.867
225 362 53 75 0.756
215 490 30 37 0.669
47 508 20 25 0.451
717 496 19 29 0.272
0 517 17 25 0.258
169 494 26 27 0.111
93 281 28 36 0.036
7 570 18 31 0.035
207 486 25 33 0.035
179 489 25 29 0.034
7 520 16 23 0.033
787 535 15 18 0.028
962 333 36 51 0.026
15 512 18 29 0.023
314 471 24 32 0.016
3 512 17 23 0.016
160 491 25 29 0.013
977 257 16 20 0.013
755 512 14 17 0.012
1006 243 14 20 0.012
716 508 19 26 0.011
161 480 22 28 0.011
419 346 54 74 0.010
