21_Festival_Festival_21_42
971
800 1285 16 20 0.697
901 1325 16 21 0.675
773 1222 15 19 0.646
899 1204 15 20 0.640
3 1186 13 19 0.629
875 1328 15 18 0.622
754 1315 15 18 0.621
141 1278 14 18 0.613
626 1333 13 17 0.613
704 1290 14 18 0.605
764 1195 14 17 0.598
594 1162 14 16 0.596
639 1259 14 17 0.593
18 1165 13 16 0.586
775 1316 15 19 0.583
699 1319 15 18 0.577
770 1276 13 17 0.574
104 1331 15 19 0.562
159 1266 14 17 0.560
602 1265 13 16 0.559
662 1328 13 16 0.559
918 1134 11 15 0.549
540 1283 12 16 0.546
38 1268 14 19 0.546
219 1123 10 12 0.542
74 1272 15 18 0.530
726 1274 15 17 0.526
97 1167 13 16 0.524
987 1165 12 17 0.522
859 1223 12 15 0.522
729 1176 12 15 0.517
868 1172 11 15 0.513
1 1324 12 19 0.509
20 1104 12 15 0.509
672 1225 12 16 0.508
670 1288 14 17 0.502
574 1201 11 14 0.500
78 1327 14 15 0.497
113 1232 13 15 0.496
742 1192 13 16 0.496
839 1055 10 12 0.493
653 1192 11 15 0.493
646 1149 11 14 0.490
41 1335 15 18 0.490
253 1323 14 18 0.486
49 1209 12 16 0.484
684 1268 13 16 0.482
147 1150 12 15 0.480
700 1190 13 15 0.480
82 1226 12 15 0.465
593 1206 13 16 0.457
973 1049 10 13 0.455
624 1194 11 14 0.453
700 1075 10 12 0.441
887 1025 10 12 0.437
152 1114 11 13 0.433
702 1347 15 17 0.428
173 1220 13 15 0.426
110 1257 12 15 0.423
722 1123 10 13 0.422
665 1258 13 16 0.418
65 1226 14 18 0.418
631 1233 13 16 0.411
689 1051 10 12 0.405
836 1092 12 14 0.405
543 863 8 10 0.393
364 993 10 12 0.391
100 992 10 12 0.390
441 964 10 12 0.388
802 872 7 8 0.388
394 1143 12 14 0.387
795 1347 16 17 0.387
794 1013 8 11 0.381
141 1173 13 15 0.378
648 1046 10 13 0.378
189 1152 10 13 0.376
638 1069 10 12 0.374
230 1055 10 13 0.367
201 1279 12 15 0.364
0 1265 10 16 0.363
167 1201 13 16 0.360
160 1087 10 14 0.359
942 1157 11 13 0.357
61 963 10 12 0.354
747 949 9 10 0.353
476 1013 9 11 0.352
642 1173 12 14 0.350
701 1010 9 10 0.343
385 1294 12 16 0.343
649 998 9 10 0.339
450 1007 9 12 0.336
631 1025 9 10 0.335
874 903 8 11 0.333
768 956 8 9 0.333
197 1086 9 12 0.331
776 901 8 9 0.326
770 939 8 10 0.326
880 1000 9 10 0.324
177 1218 12 15 0.319
35 793 7 9 0.315
609 1079 9 11 0.314
711 1216 12 15 0.314
207 982 9 11 0.309
90 1046 10 12 0.306
737 1103 10 12 0.306
340 1136 11 14 0.303
612 1228 12 14 0.302
121 1190 11 15 0.302
179 1137 10 12 0.302
42 1095 11 13 0.301
22 1042 10 13 0.300
110 1115 11 13 0.298
31 825 8 9 0.297
553 1331 12 16 0.295
171 1112 11 13 0.294
38 1072 11 13 0.293
798 970 8 10 0.293
829 947 8 10 0.292
127 991 9 11 0.287
727 1343 14 17 0.286
536 909 8 9 0.285
751 1264 11 13 0.284
166 1048 10 13 0.279
179 1012 9 12 0.279
247 1143 11 13 0.279
669 1139 10 12 0.278
702 1265 13 15 0.277
42 970 9 10 0.272
144 867 8 10 0.269
186 853 8 10 0.269
596 1244 12 15 0.267
128 1096 10 13 0.266
690 999 8 10 0.264
49 1233 12 16 0.264
94 1095 11 13 0.263
658 1302 13 16 0.258
129 1133 11 13 0.257
94 1070 9 12 0.254
609 1044 9 11 0.252
461 775 7 8 0.249
717 1216 14 16 0.248
846 972 8 11 0.245
121 1163 13 16 0.242
507 805 7 8 0.239
98 1287 13 15 0.238
120 1012 9 12 0.236
157 1242 12 15 0.233
70 1026 10 12 0.231
655 919 7 9 0.230
711 1150 10 13 0.229
329 828 7 10 0.229
147 1019 9 12 0.228
791 947 7 9 0.227
287 894 7 9 0.226
18 755 7 9 0.225
603 1130 11 12 0.223
208 1017 10 12 0.223
1 1257 11 18 0.222
135 1065 9 12 0.220
65 847 8 10 0.218
826 868 7 9 0.217
128 1071 10 11 0.215
321 1166 11 15 0.214
178 820 8 9 0.213
256 1007 9 11 0.213
621 976 8 10 0.213
124 880 8 10 0.212
37 1337 15 18 0.211
607 1003 8 10 0.211
643 939 7 9 0.211
619 934 8 9 0.210
833 1004 9 11 0.207
830 1001 8 11 0.204
111 1056 9 12 0.204
689 1102 10 12 0.199
53 1057 9 12 0.199
317 1313 14 17 0.199
530 803 6 8 0.196
590 826 7 9 0.196
722 1215 13 15 0.195
63 848 7 9 0.195
923 990 9 11 0.194
754 921 8 9 0.194
94 1200 11 13 0.193
589 1057 9 12 0.191
16 1105 12 14 0.191
709 897 8 9 0.186
568 1066 9 10 0.185
77 1010 10 12 0.184
277 849 7 10 0.183
224 819 8 9 0.182
847 961 8 10 0.182
270 1000 9 11 0.181
193 1065 10 12 0.181
0 1083 7 15 0.180
671 1142 11 13 0.180
311 929 8 11 0.180
811 1012 9 12 0.178
0 1096 9 15 0.178
200 912 9 10 0.178
150 1018 9 12 0.175
242 1000 9 12 0.174
170 936 9 11 0.174
208 1056 10 13 0.172
131 1070 10 12 0.171
622 1335 12 15 0.170
260 960 9 11 0.169
324 1006 9 11 0.169
178 1068 9 11 0.169
734 877 8 8 0.169
94 1286 12 16 0.168
264 1027 9 12 0.168
180 969 8 10 0.168
120 1048 10 12 0.168
893 879 7 9 0.167
633 898 7 9 0.167
604 950 8 10 0.164
105 951 8 12 0.164
649 887 7 9 0.163
144 1177 12 13 0.163
226 932 8 10 0.161
77 1252 12 14 0.161
256 916 8 10 0.161
842 1016 8 10 0.160
99 875 8 9 0.160
34 1071 11 13 0.159
696 1016 8 11 0.158
118 922 9 10 0.158
129 952 8 11 0.157
695 1246 12 14 0.156
595 1351 14 13 0.155
102 1016 10 12 0.154
560 1139 9 12 0.153
587 1000 8 10 0.152
239 934 8 10 0.151
25 1342 14 17 0.151
161 1067 9 12 0.151
697 1250 12 15 0.151
530 999 9 11 0.149
177 1115 10 12 0.149
239 998 9 12 0.148
833 1058 9 11 0.148
172 1215 13 16 0.147
156 1325 12 16 0.147
65 963 10 12 0.146
363 777 7 8 0.146
608 995 8 10 0.146
320 1310 14 17 0.146
230 841 8 10 0.146
255 851 8 10 0.146
214 1123 9 12 0.145
39 1283 13 17 0.145
280 1185 11 12 0.144
620 1310 12 15 0.144
121 923 8 10 0.143
102 895 8 10 0.142
145 912 9 10 0.141
497 727 6 7 0.141
256 985 8 11 0.140
634 1259 14 17 0.140
561 962 9 10 0.139
635 869 7 8 0.139
753 918 8 10 0.137
98 1200 11 14 0.136
249 1042 10 12 0.136
692 1021 9 11 0.136
141 915 9 11 0.135
728 1106 10 12 0.135
6 1051 9 12 0.134
747 1193 13 16 0.133
721 899 7 9 0.133
120 1228 12 15 0.132
569 966 8 10 0.132
703 1306 15 18 0.132
630 896 8 9 0.131
181 995 9 10 0.131
246 1043 9 11 0.130
201 1045 9 11 0.130
636 1234 12 14 0.129
201 794 7 9 0.128
226 907 8 10 0.128
144 1163 12 17 0.128
110 915 8 10 0.127
604 988 8 10 0.127
97 1097 11 14 0.127
323 1170 12 14 0.126
846 965 8 10 0.126
402 1013 8 11 0.125
93 1166 12 15 0.125
205 934 8 11 0.125
697 841 7 8 0.124
657 922 7 8 0.123
667 1287 12 15 0.122
616 958 8 10 0.122
581 953 8 10 0.121
193 911 8 10 0.120
611 910 7 9 0.119
797 1013 9 11 0.119
570 1002 9 11 0.119
260 1003 10 13 0.118
830 1089 9 13 0.117
434 1299 12 16 0.117
193 1150 10 13 0.117
143 776 7 8 0.117
269 953 8 11 0.116
446 1006 10 12 0.115
632 983 8 10 0.115
302 852 7 9 0.115
214 1013 9 11 0.115
246 1003 9 12 0.115
106 1202 11 13 0.114
193 965 9 11 0.114
695 878 7 8 0.113
715 858 7 9 0.113
612 1026 10 11 0.113
688 880 7 9 0.113
311 835 8 9 0.112
740 901 8 9 0.112
342 1042 9 11 0.112
675 1291 14 16 0.112
266 890 8 10 0.112
111 917 9 10 0.112
792 948 8 9 0.111
243 936 8 10 0.110
179 972 8 10 0.110
311 1318 12 16 0.110
103 942 9 11 0.109
673 851 8 9 0.109
520 1129 10 13 0.108
247 1348 17 15 0.108
257 763 7 8 0.107
660 1063 9 11 0.107
863 1174 11 14 0.106
588 919 8 9 0.106
10 1050 10 12 0.106
511 805 7 8 0.104
577 745 6 7 0.104
665 1349 14 14 0.104
84 1049 11 14 0.103
183 1135 10 13 0.103
812 1009 8 10 0.102
752 1098 10 12 0.102
147 1154 12 16 0.102
66 808 7 9 0.101
579 956 8 10 0.101
821 1063 8 10 0.101
213 849 7 9 0.100
877 904 8 9 0.100
532 908 8 10 0.100
334 808 7 8 0.099
538 1025 9 11 0.099
168 1206 13 17 0.098
20 1049 11 13 0.098
276 791 7 8 0.098
654 996 9 11 0.096
639 1115 11 12 0.096
480 1247 12 17 0.096
854 1224 12 15 0.095
315 900 7 9 0.095
273 947 8 11 0.095
203 936 8 11 0.095
493 1204 11 16 0.095
693 796 6 8 0.094
817 1008 9 11 0.094
203 796 7 9 0.094
726 820 7 8 0.094
573 978 9 10 0.093
584 882 7 10 0.093
651 846 6 9 0.093
622 1166 11 13 0.093
188 913 8 10 0.093
145 864 9 10 0.093
287 873 7 10 0.092
91 1352 16 14 0.092
580 1025 9 10 0.091
137 919 9 10 0.091
231 801 7 9 0.091
672 740 6 7 0.091
592 1079 9 11 0.091
232 883 7 10 0.090
238 975 9 11 0.090
163 1180 11 13 0.090
150 821 7 9 0.089
210 852 8 9 0.089
81 1252 13 15 0.089
608 865 7 8 0.089
611 1075 9 12 0.089
605 1080 9 11 0.088
182 991 9 11 0.088
180 786 7 8 0.088
128 1226 11 15 0.088
623 1316 12 15 0.087
199 796 7 9 0.087
32 753 7 8 0.086
591 921 8 9 0.086
245 784 6 9 0.086
511 808 7 9 0.085
248 819 7 8 0.085
546 1315 13 19 0.085
841 1093 11 13 0.084
276 831 8 9 0.084
630 809 7 8 0.084
437 1141 10 15 0.084
517 1130 10 13 0.083
570 913 8 10 0.083
610 863 6 8 0.083
441 1197 11 16 0.083
978 1049 9 13 0.082
753 1092 9 12 0.082
306 1216 11 14 0.082
607 887 7 9 0.082
10 877 8 10 0.081
707 1192 11 15 0.080
199 964 9 11 0.080
253 942 8 11 0.080
103 926 9 11 0.080
648 841 7 9 0.080
342 1221 12 15 0.080
675 853 7 8 0.079
332 1177 11 14 0.079
87 1093 10 13 0.079
672 880 7 9 0.078
260 1029 10 12 0.078
292 916 7 10 0.078
44 1274 14 19 0.077
559 821 7 8 0.077
104 904 8 10 0.077
232 847 7 10 0.076
794 1342 15 18 0.076
628 1213 11 15 0.076
847 1358 16 9 0.075
570 910 7 10 0.075
73 1057 9 11 0.075
152 1244 12 16 0.075
14 879 8 9 0.075
808 1046 7 10 0.074
576 1023 9 12 0.074
78 1007 9 11 0.074
430 700 6 7 0.073
650 775 6 8 0.073
314 833 7 10 0.073
846 856 6 8 0.073
238 1030 10 12 0.073
235 758 7 8 0.073
183 852 8 10 0.073
983 1165 11 14 0.073
28 774 7 9 0.072
216 767 6 9 0.072
705 1010 9 10 0.072
664 1074 9 11 0.072
539 1049 9 11 0.071
646 807 6 8 0.071
234 1029 8 11 0.071
538 862 11 13 0.071
348 746 7 8 0.071
696 1101 10 11 0.070
282 755 6 8 0.069
579 745 6 8 0.068
693 878 6 9 0.068
453 729 7 8 0.068
757 1096 9 11 0.068
275 1057 9 11 0.068
217 770 6 9 0.068
473 1014 9 11 0.067
35 752 7 8 0.067
431 1303 13 17 0.066
18 879 9 9 0.066
726 935 7 8 0.066
575 867 7 9 0.066
100 812 7 9 0.065
575 743 6 8 0.065
304 805 7 9 0.065
674 741 6 7 0.064
587 827 7 9 0.064
575 862 7 9 0.064
46 1238 13 15 0.063
823 1060 9 10 0.063
130 1050 9 12 0.063
203 978 9 12 0.063
220 976 9 10 0.063
226 816 8 10 0.063
604 735 6 8 0.062
596 1299 11 15 0.062
273 922 8 10 0.062
478 703 7 7 0.061
789 1013 8 11 0.061
232 889 7 9 0.060
639 1065 12 14 0.060
229 969 8 10 0.060
262 801 7 8 0.059
663 1134 10 12 0.059
610 1006 9 10 0.059
558 966 8 11 0.059
278 920 7 10 0.058
23 1050 12 14 0.058
125 1194 11 15 0.058
180 1021 9 12 0.057
598 1166 12 16 0.057
705 1101 10 12 0.057
170 1048 10 14 0.056
588 863 7 9 0.056
988 1160 10 17 0.056
254 963 8 10 0.055
333 729 6 8 0.055
824 1064 10 12 0.055
513 1131 10 13 0.054
264 797 7 9 0.054
80 1153 10 12 0.054
264 823 7 9 0.053
599 1131 10 13 0.053
483 1244 13 18 0.053
513 1237 10 18 0.053
292 1153 12 15 0.052
866 876 7 8 0.052
394 666 6 7 0.052
261 869 7 10 0.052
614 1235 12 16 0.052
218 768 7 8 0.052
537 681 7 8 0.051
235 803 7 9 0.051
396 698 7 8 0.051
440 1233 11 15 0.051
158 983 8 10 0.051
641 1119 9 12 0.050
644 1044 11 13 0.050
745 1101 11 13 0.050
738 1191 13 16 0.049
595 756 7 8 0.049
609 837 7 8 0.049
347 780 7 9 0.048
527 1125 9 12 0.048
824 942 7 9 0.048
350 1023 9 11 0.048
237 741 6 7 0.047
279 877 8 10 0.047
527 1312 13 17 0.047
327 802 7 9 0.046
591 786 6 8 0.046
315 781 7 8 0.046
555 1207 10 14 0.046
506 808 7 9 0.046
306 1319 12 16 0.045
297 781 7 8 0.045
535 1315 13 17 0.045
254 986 10 14 0.045
85 1196 11 13 0.045
240 877 8 9 0.045
478 725 7 8 0.044
97 871 7 9 0.044
945 1153 10 13 0.044
321 788 7 9 0.044
470 1252 13 19 0.044
32 774 6 8 0.044
-1 839 6 9 0.043
301 846 7 10 0.043
253 1142 11 12 0.043
701 733 6 7 0.043
176 1223 12 16 0.043
524 1261 10 14 0.043
631 697 6 7 0.043
666 940 7 8 0.042
847 858 7 8 0.042
3 1339 10 16 0.042
283 812 7 9 0.042
634 1097 10 13 0.042
610 871 7 8 0.042
819 965 8 11 0.042
69 875 7 9 0.042
481 665 6 7 0.041
34 1229 11 15 0.041
244 1340 14 17 0.041
704 1075 11 12 0.041
596 1345 12 15 0.041
474 1251 12 17 0.041
893 1026 9 11 0.041
685 1101 9 11 0.040
538 1051 9 12 0.040
639 1093 10 12 0.039
367 1207 10 14 0.039
64 816 7 9 0.039
4 1320 12 16 0.039
112 1110 11 15 0.038
159 987 9 10 0.038
129 947 9 12 0.038
828 1003 10 13 0.038
346 1033 9 13 0.038
434 1138 10 13 0.038
735 873 7 9 0.038
66 822 6 8 0.037
163 1099 11 15 0.037
317 788 6 8 0.037
799 873 6 8 0.037
749 883 7 8 0.037
128 1219 11 15 0.037
666 797 6 8 0.036
610 1305 12 17 0.036
762 831 7 7 0.036
929 897 7 8 0.036
668 1154 10 14 0.036
290 1225 12 15 0.036
330 774 7 7 0.036
65 1349 13 14 0.036
285 1022 8 10 0.035
805 1047 8 9 0.035
380 1222 10 15 0.035
325 850 8 10 0.035
683 1206 11 14 0.035
610 839 7 9 0.035
314 1239 12 17 0.035
518 675 6 7 0.034
273 1142 10 13 0.034
534 700 6 7 0.034
683 1109 10 12 0.034
350 742 7 8 0.034
372 631 6 7 0.034
585 878 7 9 0.034
570 720 6 7 0.033
297 806 8 9 0.033
582 842 7 9 0.033
318 924 8 11 0.033
276 782 6 9 0.033
563 820 7 9 0.033
480 669 7 8 0.033
638 953 8 9 0.033
369 628 6 8 0.033
276 1143 11 14 0.033
245 786 7 9 0.033
440 1189 14 19 0.032
600 1304 12 16 0.032
286 1226 12 15 0.032
71 957 9 11 0.032
861 879 7 8 0.032
469 713 6 8 0.032
561 953 7 9 0.032
67 955 12 14 0.032
752 889 7 9 0.032
469 717 6 7 0.032
324 750 7 8 0.032
638 802 7 8 0.032
346 1218 12 15 0.031
422 728 6 8 0.031
760 1197 12 17 0.031
312 866 8 9 0.031
927 990 9 12 0.031
296 790 7 10 0.031
343 777 7 8 0.030
421 1130 9 10 0.030
308 1222 11 16 0.030
291 733 6 8 0.030
427 730 6 7 0.030
769 1224 13 17 0.030
630 1019 10 13 0.030
873 877 7 9 0.030
167 935 9 10 0.029
121 438 7 7 0.029
617 817 6 8 0.029
288 1069 8 10 0.029
459 731 6 7 0.029
527 1063 9 11 0.029
466 684 6 7 0.029
255 1026 10 14 0.029
627 1073 11 14 0.029
627 785 7 8 0.029
139 774 7 9 0.029
250 1004 11 13 0.029
734 1157 9 12 0.028
639 830 6 9 0.028
589 1081 9 12 0.028
773 1271 12 15 0.028
335 680 6 7 0.028
747 1086 9 10 0.028
560 1134 11 15 0.028
442 705 6 8 0.027
433 1056 9 11 0.027
674 814 6 8 0.027
422 732 6 7 0.027
768 948 10 12 0.027
333 920 8 10 0.027
674 817 7 8 0.027
724 795 6 7 0.027
334 917 8 10 0.027
667 773 6 8 0.027
215 872 8 9 0.027
933 917 7 10 0.026
590 822 7 9 0.026
719 852 7 9 0.026
621 1204 13 17 0.026
594 1050 11 13 0.026
502 698 6 7 0.026
290 818 7 9 0.026
907 1324 15 22 0.026
554 713 6 7 0.026
282 752 6 8 0.026
398 715 7 8 0.025
620 1124 9 11 0.025
423 1131 10 13 0.025
596 761 7 8 0.025
594 1233 11 14 0.025
182 1140 11 14 0.025
541 685 6 8 0.025
527 1265 12 15 0.025
641 806 7 9 0.025
324 1000 9 11 0.025
319 895 7 10 0.025
570 951 7 9 0.025
582 769 6 7 0.025
81 1069 10 12 0.025
344 632 6 8 0.025
603 664 6 8 0.025
397 676 6 8 0.025
6 1251 10 14 0.025
652 747 6 8 0.025
677 773 6 8 0.025
290 1157 11 14 0.025
298 1150 11 13 0.025
616 1082 9 12 0.025
794 1008 8 11 0.024
645 722 6 7 0.024
308 1228 13 16 0.024
489 758 6 7 0.024
454 663 6 8 0.024
559 1329 11 15 0.024
467 682 7 8 0.024
803 876 7 9 0.024
441 1141 11 13 0.024
290 1070 9 10 0.024
256 849 10 13 0.024
575 899 7 9 0.024
643 1040 9 12 0.024
33 829 10 12 0.023
608 738 6 8 0.023
585 767 6 8 0.023
462 1334 13 18 0.023
387 529 6 8 0.023
407 1257 12 17 0.023
131 922 10 12 0.022
1017 1074 7 13 0.022
361 676 6 8 0.022
191 1156 11 14 0.022
428 728 6 7 0.022
305 844 10 12 0.022
475 720 6 9 0.022
648 831 7 9 0.022
602 1000 11 13 0.022
98 978 8 11 0.022
171 791 7 9 0.022
257 951 11 13 0.022
502 694 6 8 0.022
112 1292 11 15 0.022
276 842 9 13 0.022
652 744 6 8 0.022
403 1009 8 10 0.022
871 1326 15 19 0.022
126 853 6 9 0.022
388 947 9 12 0.022
370 631 6 7 0.022
191 1071 11 14 0.021
316 740 6 8 0.021
254 847 10 13 0.021
414 1208 9 13 0.021
531 700 6 7 0.021
845 1280 10 15 0.021
346 696 6 7 0.021
405 1253 12 17 0.021
672 736 6 7 0.021
158 817 6 9 0.021
639 937 10 13 0.021
293 753 7 8 0.021
531 1029 9 10 0.021
272 1055 9 11 0.021
208 789 10 13 0.021
366 722 6 7 0.021
296 966 7 10 0.020
101 440 8 8 0.020
451 1012 9 11 0.020
147 974 8 10 0.020
685 1050 10 12 0.020
557 821 6 8 0.020
931 911 7 9 0.020
640 955 8 10 0.020
710 896 10 12 0.020
427 1299 13 17 0.020
42 757 7 9 0.020
118 1063 11 14 0.020
734 844 6 8 0.020
159 1321 13 17 0.020
376 732 6 8 0.019
69 804 6 9 0.019
32 795 9 13 0.019
258 1324 15 19 0.019
703 784 5 7 0.019
149 890 7 9 0.019
300 711 6 7 0.019
269 736 6 8 0.019
505 535 6 8 0.019
784 945 10 11 0.019
492 769 6 7 0.019
314 1251 12 16 0.019
701 807 6 8 0.019
291 739 6 8 0.019
702 826 6 9 0.019
852 957 7 10 0.019
608 801 7 8 0.019
389 531 6 7 0.019
26 875 7 10 0.019
436 1233 11 15 0.019
391 948 9 12 0.018
631 701 6 8 0.018
313 753 6 8 0.018
565 681 6 7 0.018
641 740 6 8 0.018
682 822 6 9 0.018
77 1028 10 13 0.018
435 1188 12 19 0.018
1 1244 9 16 0.018
129 1352 15 13 0.018
521 652 6 7 0.018
559 650 6 7 0.018
403 1249 11 17 0.018
404 507 6 8 0.018
537 1030 10 14 0.017
107 935 10 14 0.017
143 774 10 12 0.017
549 702 6 8 0.017
374 1212 12 16 0.017
342 719 7 8 0.017
717 1250 11 15 0.017
435 786 6 7 0.017
334 913 8 10 0.017
132 956 11 13 0.017
130 798 6 8 0.017
454 669 6 8 0.017
567 1060 9 11 0.017
620 770 6 9 0.017
696 678 6 7 0.017
681 899 7 8 0.017
509 486 7 8 0.017
666 673 6 7 0.017
516 1001 9 10 0.016
171 938 11 13 0.016
532 1143 11 14 0.016
231 1341 12 17 0.016
693 678 6 7 0.016
223 1123 10 13 0.016
618 759 6 8 0.016
284 1220 12 16 0.016
268 733 6 7 0.016
272 1186 10 12 0.016
625 695 6 8 0.016
571 717 6 8 0.016
439 989 10 12 0.016
297 1227 13 16 0.016
324 829 10 12 0.016
218 746 6 7 0.016
195 1283 12 16 0.015
601 691 6 7 0.015
626 722 6 8 0.015
600 694 6 8 0.015
903 842 6 7 0.015
466 1332 12 18 0.015
171 749 6 8 0.015
316 1236 13 16 0.015
7 797 7 10 0.015
542 998 8 10 0.015
407 1013 9 11 0.015
276 700 6 7 0.015
358 795 8 9 0.015
632 722 7 8 0.015
436 1171 12 18 0.015
557 679 6 8 0.015
892 1326 16 21 0.014
129 802 7 9 0.014
458 1134 10 13 0.014
253 1193 10 13 0.014
681 937 7 9 0.014
872 872 6 8 0.014
375 662 6 8 0.014
344 704 6 8 0.014
240 735 6 7 0.014
814 1014 10 12 0.014
394 1200 10 13 0.014
761 877 7 9 0.013
702 925 7 8 0.013
125 1348 13 14 0.013
2 834 7 10 0.013
278 704 6 6 0.013
583 701 6 7 0.013
401 674 6 7 0.013
275 732 6 8 0.013
699 708 6 7 0.013
695 960 8 9 0.013
603 668 6 7 0.013
36 853 7 10 0.013
135 887 8 11 0.013
654 786 6 8 0.013
887 1201 10 12 0.013
193 1240 12 15 0.013
372 625 6 8 0.013
381 719 6 8 0.013
931 894 7 9 0.013
50 442 8 10 0.013
591 1339 12 15 0.013
209 435 7 7 0.013
566 676 6 8 0.012
650 718 6 6 0.012
288 937 8 10 0.012
466 527 7 7 0.012
282 1012 9 11 0.012
535 1148 10 14 0.012
677 1129 10 13 0.012
847 993 8 10 0.012
100 438 7 8 0.012
787 1092 8 10 0.012
313 726 7 8 0.012
143 771 7 8 0.012
514 605 6 7 0.012
53 788 7 8 0.012
198 1242 11 14 0.012
489 763 6 7 0.012
388 1202 10 12 0.012
691 679 6 7 0.012
876 1334 16 16 0.012
283 892 10 13 0.012
728 811 6 8 0.012
564 1209 11 15 0.012
166 966 9 10 0.012
305 960 9 11 0.012
348 1039 9 12 0.012
581 514 7 8 0.012
710 703 6 8 0.012
276 787 10 12 0.012
66 1018 9 12 0.012
546 1198 9 13 0.012
35 856 7 10 0.012
922 995 9 11 0.012
666 946 8 9 0.011
190 438 7 7 0.011
430 502 7 9 0.011
769 980 8 9 0.011
385 578 6 7 0.011
359 672 6 7 0.011
521 647 6 8 0.011
843 1053 9 11 0.011
512 605 6 7 0.011
583 644 6 7 0.011
376 670 7 8 0.011
772 983 8 10 0.011
478 659 6 7 0.011
6 869 7 11 0.011
548 561 6 8 0.011
40 1330 13 17 0.011
622 1306 11 14 0.011
94 802 7 8 0.011
531 1042 8 10 0.011
144 837 7 9 0.011
75 738 7 8 0.011
669 673 6 7 0.010
124 762 6 9 0.010
300 966 8 10 0.010
28 816 6 9 0.010
419 1128 9 10 0.010
329 875 7 9 0.010
184 1159 11 14 0.010
628 671 6 7 0.010
547 537 6 8 0.010
402 559 6 8 0.010
685 934 7 8 0.010
696 726 6 7 0.010
352 753 7 9 0.010
332 688 6 8 0.010
536 649 6 8 0.010
