21_Festival_Festival_21_414
69
286 345 22 36 0.512
590 353 66 106 0.388
912 371 26 42 0.379
511 87 52 63 0.303
745 394 38 51 0.275
230 440 33 53 0.148
786 352 10 12 0.086
798 346 8 11 0.069
598 334 47 61 0.060
295 275 47 64 0.059
279 339 34 47 0.053
430 578 72 97 0.048
823 571 69 103 0.047
792 348 10 13 0.046
479 381 7 10 0.043
424 355 12 21 0.040
959 396 14 20 0.039
589 346 44 70 0.036
818 329 6 7 0.035
430 356 11 15 0.034
435 357 10 13 0.032
881 351 21 34 0.029
448 388 7 8 0.029
762 343 7 10 0.029
803 335 7 9 0.025
729 392 43 59 0.024
435 396 8 10 0.024
420 343 17 34 0.023
565 360 16 27 0.022
810 367 17 31 0.022
587 347 7 11 0.021
789 403 16 19 0.020
626 317 14 20 0.020
832 334 10 12 0.020
296 472 40 66 0.020
496 358 30 50 0.019
761 345 8 11 0.019
558 357 23 39 0.018
438 395 8 9 0.017
412 307 24 44 0.017
196 329 21 32 0.017
588 348 9 13 0.017
786 338 6 8 0.017
696 359 35 68 0.016
35 299 19 24 0.016
299 343 20 33 0.016
457 372 6 8 0.015
620 317 24 30 0.014
583 348 7 11 0.014
9 334 17 22 0.014
117 251 14 18 0.014
718 378 42 60 0.013
1018 394 6 25 0.013
341 598 69 77 0.013
980 606 43 72 0.013
624 315 12 17 0.013
836 284 37 62 0.013
972 377 14 19 0.012
121 412 34 40 0.012
1012 386 12 26 0.011
988 378 17 21 0.011
477 383 9 12 0.011
420 361 12 20 0.011
963 384 15 24 0.011
611 329 45 52 0.011
853 365 20 30 0.011
133 286 17 20 0.010
0 523 14 97 0.010
799 350 8 11 0.010
