21_Festival_Festival_21_585
272
122 333 22 27 0.744
201 315 17 23 0.676
181 336 21 26 0.662
15 301 18 21 0.659
254 338 19 24 0.643
115 284 16 20 0.642
214 290 15 19 0.641
51 233 11 13 0.631
26 258 15 18 0.627
308 322 17 20 0.624
19 326 18 20 0.622
58 348 21 24 0.617
142 262 13 16 0.591
249 276 14 18 0.584
22 235 12 15 0.579
265 263 13 16 0.576
59 257 14 16 0.560
51 205 10 12 0.553
263 229 11 14 0.551
131 280 16 19 0.535
0 391 10 27 0.532
176 228 10 14 0.530
291 244 15 17 0.504
308 280 17 19 0.489
8 207 10 12 0.474
93 199 8 10 0.472
110 238 12 16 0.470
180 255 13 15 0.467
129 204 9 11 0.459
0 344 14 25 0.455
154 194 8 10 0.452
67 229 11 13 0.445
199 243 13 17 0.437
100 214 10 11 0.430
314 225 11 13 0.386
48 289 15 18 0.382
73 201 9 11 0.381
32 207 10 13 0.378
115 198 8 10 0.364
197 193 9 10 0.360
159 241 11 13 0.356
253 310 16 20 0.343
175 190 8 10 0.343
78 285 13 17 0.340
95 256 14 16 0.327
231 248 13 16 0.324
54 312 18 23 0.269
231 242 13 16 0.267
125 282 15 19 0.262
261 252 12 15 0.258
369 62 26 42 0.249
253 190 7 9 0.247
128 178 8 9 0.239
306 172 8 10 0.238
321 264 11 12 0.213
247 406 20 26 0.207
230 185 7 9 0.196
292 192 7 10 0.183
61 183 7 9 0.182
29 184 7 9 0.175
294 194 7 9 0.170
232 239 11 13 0.170
314 204 7 9 0.169
133 203 8 10 0.164
56 282 15 18 0.162
95 200 8 11 0.160
204 177 7 9 0.159
34 204 9 12 0.157
228 241 13 15 0.155
92 165 6 8 0.150
190 247 13 18 0.147
229 188 7 9 0.146
271 180 7 9 0.136
60 278 14 17 0.132
316 280 15 18 0.131
168 166 6 7 0.127
25 179 7 9 0.126
322 186 8 9 0.126
173 192 8 10 0.124
163 180 7 9 0.121
114 239 12 15 0.118
270 199 8 10 0.117
143 244 11 13 0.115
286 180 7 8 0.112
342 378 15 19 0.111
558 51 35 43 0.109
78 237 10 13 0.107
97 229 11 13 0.104
122 160 7 8 0.100
234 181 8 9 0.099
77 217 9 12 0.098
129 290 17 20 0.098
99 225 12 15 0.093
178 189 8 9 0.093
453 137 8 10 0.093
253 157 6 7 0.090
23 190 8 9 0.089
68 196 8 10 0.089
132 303 17 19 0.088
132 178 8 9 0.086
0 287 7 18 0.085
22 354 19 22 0.084
306 230 12 15 0.082
204 159 6 8 0.082
76 170 7 8 0.082
76 159 6 7 0.081
83 239 12 14 0.081
325 279 12 16 0.080
326 188 7 9 0.080
500 180 8 12 0.077
333 321 14 19 0.077
447 200 9 11 0.076
189 169 7 8 0.073
148 231 10 12 0.073
35 195 8 11 0.068
36 181 7 8 0.068
94 166 7 8 0.067
178 192 7 10 0.066
247 308 16 20 0.064
551 267 17 24 0.064
191 170 7 8 0.063
406 519 17 18 0.062
385 389 14 16 0.062
74 169 7 8 0.062
314 198 8 10 0.060
260 176 6 8 0.058
90 168 7 9 0.057
75 157 6 7 0.055
287 176 6 9 0.055
189 242 12 16 0.054
311 377 17 20 0.053
262 179 6 8 0.052
30 180 9 10 0.051
24 173 5 7 0.051
243 178 7 9 0.051
332 400 17 22 0.050
225 193 7 10 0.049
239 185 8 10 0.049
88 165 7 8 0.049
96 9 8 9 0.049
52 159 7 7 0.048
208 373 17 21 0.047
42 287 14 17 0.046
230 187 9 11 0.046
473 182 10 11 0.046
202 193 7 9 0.045
564 58 46 60 0.044
0 258 6 15 0.044
297 243 12 15 0.043
364 520 14 17 0.043
275 150 7 7 0.043
163 215 9 11 0.043
426 196 8 11 0.042
57 184 8 10 0.040
571 70 52 60 0.040
312 388 17 21 0.039
336 205 8 10 0.039
376 387 12 14 0.039
119 282 18 22 0.038
231 253 12 16 0.038
289 194 7 10 0.038
235 388 17 22 0.038
164 172 8 10 0.037
433 177 9 11 0.035
439 348 29 27 0.035
289 189 9 11 0.034
271 176 7 9 0.034
299 146 7 7 0.034
507 452 22 33 0.033
345 220 10 12 0.033
250 163 6 9 0.031
363 220 11 13 0.031
300 145 7 7 0.031
229 193 7 10 0.030
80 244 10 14 0.030
62 180 8 10 0.029
481 194 10 12 0.029
187 163 6 7 0.028
223 160 6 7 0.028
139 243 11 13 0.028
414 395 9 11 0.028
127 459 18 22 0.027
138 305 15 20 0.026
77 291 14 18 0.026
234 498 12 16 0.026
369 354 15 19 0.025
335 173 6 8 0.025
419 220 11 14 0.025
268 300 14 17 0.025
161 152 5 7 0.025
208 457 17 20 0.025
280 150 6 7 0.025
297 159 7 8 0.024
282 149 6 7 0.024
27 154 5 7 0.024
323 176 7 8 0.024
200 231 9 12 0.023
475 222 10 12 0.023
307 382 19 22 0.023
315 181 8 11 0.023
160 151 5 6 0.023
5 335 16 23 0.023
584 81 46 59 0.023
49 159 6 7 0.023
391 391 13 14 0.021
27 142 5 6 0.021
38 173 7 8 0.020
304 319 16 19 0.019
483 218 12 16 0.018
436 186 9 10 0.018
201 228 9 12 0.018
449 138 8 9 0.018
233 158 6 6 0.018
29 151 6 8 0.017
317 232 10 13 0.017
359 517 14 17 0.017
358 21 23 27 0.017
335 177 6 9 0.017
222 162 6 8 0.017
249 157 7 9 0.016
111 265 13 16 0.016
12 354 17 23 0.016
28 143 5 6 0.016
315 373 17 20 0.016
338 211 9 11 0.015
303 152 6 7 0.015
328 282 12 17 0.015
426 335 50 51 0.015
322 527 13 16 0.015
412 393 9 10 0.015
469 288 14 20 0.014
0 297 9 16 0.014
236 171 6 8 0.014
133 248 11 14 0.013
328 300 14 19 0.013
188 500 19 22 0.013
336 409 16 20 0.013
564 40 33 36 0.013
421 199 9 11 0.013
344 413 17 20 0.013
203 307 16 21 0.013
340 222 9 11 0.013
254 507 8 9 0.013
342 213 10 12 0.013
491 339 15 19 0.013
274 301 14 19 0.013
270 263 12 15 0.013
762 156 57 100 0.013
242 228 9 11 0.013
326 398 18 22 0.012
434 174 8 10 0.012
28 140 5 6 0.012
111 279 15 19 0.012
264 220 9 11 0.012
188 171 8 9 0.012
442 348 17 18 0.012
266 323 15 20 0.012
475 215 12 15 0.012
55 360 21 24 0.011
452 231 9 11 0.011
105 173 7 8 0.011
396 402 14 16 0.011
483 197 9 11 0.011
115 220 9 12 0.011
78 155 8 10 0.011
352 59 32 44 0.011
397 389 12 13 0.010
180 499 29 29 0.010
421 195 9 10 0.010
174 259 13 15 0.010
458 137 9 9 0.010
120 156 8 10 0.010
