21_Festival_Festival_21_100
29
676 90 132 182 0.852
437 442 123 155 0.685
119 317 44 57 0.542
79 179 23 31 0.227
99 174 24 35 0.217
10 237 28 35 0.201
163 159 20 23 0.172
19 239 32 34 0.114
26 293 48 54 0.113
150 205 25 32 0.076
56 205 27 32 0.075
256 240 47 56 0.062
1 209 25 38 0.046
1 200 22 32 0.042
0 359 12 51 0.040
294 281 43 60 0.037
176 193 25 33 0.036
350 609 33 63 0.033
145 272 30 37 0.026
92 253 28 33 0.023
30 239 22 28 0.023
80 174 35 46 0.021
36 193 22 27 0.019
6 216 29 38 0.019
22 128 22 28 0.018
165 166 20 25 0.018
7 242 21 27 0.012
102 166 18 22 0.011
241 343 45 65 0.011
