21_Festival_Festival_21_513
34
212 114 76 105 0.831
507 102 77 100 0.820
60 166 36 43 0.710
359 141 34 59 0.304
975 366 25 27 0.252
762 114 54 99 0.233
159 170 44 64 0.114
971 238 14 18 0.083
986 201 11 15 0.078
143 170 46 56 0.056
180 156 57 75 0.055
645 209 31 39 0.054
940 209 10 13 0.048
333 144 51 70 0.046
976 217 12 15 0.044
767 131 65 102 0.042
389 166 24 33 0.035
709 219 16 20 0.034
134 181 19 25 0.032
913 202 13 16 0.031
1005 206 10 13 0.029
380 154 29 48 0.028
758 140 40 91 0.024
149 175 25 37 0.022
980 211 12 17 0.022
971 216 13 17 0.022
734 202 12 16 0.019
8 164 24 42 0.013
15 169 20 31 0.013
785 152 63 95 0.012
944 206 11 14 0.011
640 211 44 57 0.011
982 362 19 24 0.010
137 175 25 41 0.010
