21_Festival_Festival_21_193
225
204 439 36 45 0.781
377 407 16 22 0.632
631 438 19 37 0.609
169 390 17 25 0.595
238 410 18 28 0.566
817 428 20 31 0.479
33 381 20 22 0.434
49 422 23 38 0.408
208 380 17 22 0.390
714 454 22 39 0.385
961 356 11 13 0.374
133 378 10 16 0.329
42 494 47 70 0.276
267 389 12 15 0.235
972 438 16 25 0.230
965 436 19 27 0.224
804 407 11 17 0.217
990 407 14 18 0.209
237 329 5 6 0.204
964 330 8 9 0.203
800 351 8 10 0.181
137 354 7 8 0.179
337 376 13 14 0.179
34 498 34 59 0.173
1005 348 7 9 0.170
340 350 7 8 0.167
724 342 6 7 0.163
819 375 8 10 0.163
145 377 13 16 0.155
397 455 16 38 0.155
651 408 14 19 0.152
214 380 14 17 0.136
211 327 5 6 0.136
803 349 8 10 0.135
316 348 6 8 0.135
187 330 5 7 0.132
378 390 11 13 0.129
280 377 10 14 0.129
586 419 17 24 0.127
261 485 42 56 0.126
156 326 6 7 0.123
791 383 9 12 0.122
239 358 8 9 0.121
449 361 8 10 0.115
441 473 25 36 0.112
689 570 48 83 0.103
139 352 7 9 0.102
948 415 15 17 0.100
961 313 7 9 0.098
264 367 9 11 0.095
741 400 10 16 0.093
194 358 8 9 0.092
252 371 9 12 0.092
105 373 12 14 0.091
855 391 10 15 0.089
454 349 6 7 0.087
39 353 9 10 0.084
942 381 12 15 0.084
192 331 5 6 0.084
278 350 7 8 0.081
261 367 10 13 0.078
365 355 5 7 0.078
679 397 11 12 0.077
257 369 10 11 0.076
776 339 6 7 0.076
300 358 7 9 0.070
961 433 18 25 0.066
214 326 5 6 0.065
221 425 28 42 0.064
685 361 7 9 0.064
961 329 8 10 0.061
218 378 10 15 0.061
238 357 7 7 0.060
659 382 9 11 0.057
904 390 9 13 0.056
163 328 6 7 0.056
280 348 7 8 0.055
248 373 10 13 0.055
155 326 6 7 0.051
242 356 7 9 0.050
379 369 9 11 0.049
778 338 6 8 0.049
811 467 23 31 0.048
933 507 24 44 0.045
950 418 15 21 0.044
919 332 8 9 0.044
770 381 9 13 0.044
665 424 14 23 0.043
237 361 8 9 0.043
80 357 8 9 0.043
106 353 6 8 0.042
966 394 12 15 0.041
139 381 13 20 0.041
411 349 6 7 0.041
835 354 8 10 0.040
173 358 9 11 0.040
742 340 6 7 0.040
688 484 18 25 0.040
318 348 7 8 0.040
412 388 10 14 0.038
902 388 9 12 0.038
925 383 9 10 0.038
193 356 7 9 0.036
167 328 6 7 0.036
585 485 23 42 0.036
302 356 6 8 0.035
237 390 14 17 0.035
875 376 11 13 0.035
1013 348 8 10 0.035
376 388 10 14 0.034
217 351 7 8 0.033
199 385 14 18 0.033
313 350 7 8 0.033
20 508 29 53 0.033
647 365 7 8 0.033
30 505 27 46 0.033
451 358 8 10 0.032
343 352 7 8 0.032
737 361 7 8 0.032
809 377 9 12 0.032
459 370 9 11 0.032
6 377 18 24 0.032
584 384 10 13 0.031
861 391 11 14 0.030
685 397 10 12 0.030
979 442 16 23 0.029
379 378 11 13 0.029
482 424 14 23 0.029
197 357 7 9 0.029
254 372 11 14 0.029
389 349 6 6 0.028
334 406 18 23 0.028
932 334 9 10 0.028
414 389 11 14 0.028
190 357 8 10 0.027
171 360 9 11 0.026
806 403 11 17 0.026
192 389 13 18 0.026
76 357 9 11 0.025
921 331 8 9 0.025
156 363 9 11 0.025
878 379 10 13 0.025
112 375 12 16 0.024
924 332 9 11 0.024
675 393 10 13 0.024
215 351 5 7 0.023
756 354 7 8 0.023
272 388 11 16 0.023
397 349 6 7 0.023
823 373 9 11 0.022
43 434 35 53 0.022
38 384 19 26 0.022
800 409 12 17 0.021
79 359 9 11 0.021
55 430 23 37 0.021
4 363 11 17 0.020
175 353 7 8 0.020
385 369 9 11 0.020
935 382 11 14 0.020
238 327 5 6 0.020
308 332 6 7 0.019
399 366 7 10 0.019
174 388 14 22 0.019
189 395 14 18 0.019
579 385 11 13 0.019
230 415 20 26 0.019
10 372 14 18 0.019
481 367 8 10 0.019
563 386 12 16 0.019
107 348 7 8 0.018
996 349 7 9 0.018
819 333 6 8 0.017
77 327 7 7 0.017
54 510 45 59 0.017
655 383 10 13 0.017
1014 373 8 12 0.017
795 353 8 10 0.017
692 398 10 12 0.016
84 249 8 10 0.016
153 367 10 13 0.016
54 413 21 39 0.015
177 360 9 12 0.015
863 365 9 10 0.015
832 355 8 10 0.015
326 341 5 7 0.014
300 355 9 11 0.014
152 327 8 10 0.014
472 393 15 19 0.014
736 341 6 7 0.014
408 390 10 13 0.014
381 349 5 7 0.014
387 350 7 10 0.014
787 383 9 14 0.013
821 334 7 8 0.013
546 374 7 9 0.013
52 472 44 78 0.013
547 495 21 38 0.013
844 328 5 7 0.013
181 348 6 7 0.013
375 366 8 11 0.013
1 382 14 23 0.013
868 365 10 10 0.013
748 370 8 10 0.013
695 394 10 13 0.013
651 369 8 9 0.013
996 404 11 16 0.013
836 358 10 11 0.012
108 357 7 8 0.012
37 350 8 9 0.012
817 460 27 33 0.012
870 368 10 12 0.012
417 385 11 14 0.012
261 348 6 8 0.012
187 330 8 9 0.012
925 401 11 14 0.012
857 395 12 14 0.012
812 345 7 9 0.012
161 360 10 12 0.011
713 453 17 29 0.011
823 427 22 30 0.011
745 366 7 9 0.011
80 335 6 8 0.010
939 380 11 13 0.010
969 391 11 14 0.010
284 377 11 16 0.010
