21_Festival_Festival_21_605
47
634 56 66 94 0.888
806 76 64 87 0.879
178 114 63 77 0.879
311 61 73 96 0.878
446 29 82 114 0.843
938 257 29 39 0.773
986 183 19 26 0.748
992 265 28 32 0.724
759 160 21 28 0.697
7 248 16 23 0.678
31 228 14 20 0.674
88 266 17 26 0.660
934 206 17 21 0.655
78 160 13 15 0.645
58 237 20 25 0.614
147 192 14 15 0.457
84 312 14 18 0.275
54 277 16 20 0.196
1 230 10 15 0.167
42 125 9 11 0.155
63 221 15 17 0.143
26 235 16 22 0.138
963 222 15 18 0.138
14 107 8 10 0.128
43 259 12 16 0.115
960 196 12 15 0.068
126 265 12 24 0.065
4 224 11 15 0.056
77 315 14 19 0.040
58 274 15 20 0.039
288 139 13 17 0.034
56 234 17 21 0.033
8 220 11 13 0.033
289 134 21 27 0.032
79 226 15 20 0.024
93 273 15 22 0.019
918 264 13 23 0.019
12 249 16 22 0.016
40 126 8 9 0.015
132 200 11 13 0.015
72 317 15 19 0.014
126 255 12 22 0.014
129 243 11 20 0.014
286 144 11 13 0.012
1008 323 15 26 0.011
0 266 8 19 0.011
920 258 20 30 0.010
