46_Jockey_Jockey_46_909
62
509 287 27 35 0.809
457 415 44 48 0.782
784 183 15 21 0.730
493 554 52 65 0.714
650 246 17 22 0.700
644 189 12 16 0.668
694 180 13 20 0.653
736 175 12 18 0.636
221 572 38 64 0.628
276 181 14 17 0.626
738 267 19 22 0.616
913 279 19 30 0.611
487 153 10 13 0.530
534 160 10 12 0.517
481 186 11 17 0.483
357 194 11 14 0.431
614 143 6 7 0.201
576 137 6 7 0.193
0 205 10 30 0.187
731 328 16 26 0.179
507 149 6 9 0.158
761 141 6 7 0.148
314 191 9 12 0.081
525 158 9 11 0.060
510 150 6 8 0.047
675 250 13 17 0.045
510 155 7 9 0.044
771 209 13 16 0.044
343 559 30 38 0.043
526 180 10 15 0.041
548 158 7 9 0.039
649 282 15 21 0.036
506 154 8 11 0.032
580 138 6 7 0.028
729 202 9 13 0.028
317 192 10 11 0.027
361 196 10 13 0.024
577 137 9 10 0.022
725 334 18 24 0.021
599 107 10 13 0.020
525 185 10 13 0.019
307 212 7 8 0.019
789 279 12 14 0.019
726 324 17 26 0.018
648 190 11 15 0.017
691 181 12 18 0.017
439 109 12 15 0.017
620 141 5 6 0.016
361 191 11 14 0.015
647 280 13 19 0.015
613 143 5 7 0.015
617 139 5 7 0.015
730 321 17 24 0.014
611 96 9 11 0.013
353 189 9 12 0.013
731 271 16 20 0.013
308 174 7 8 0.012
521 184 12 16 0.012
767 209 12 15 0.012
523 179 9 13 0.011
447 141 7 9 0.011
312 182 7 10 0.010
