4_Dancing_Dancing_4_41
36
601 105 51 70 0.751
22 401 21 26 0.742
150 396 20 26 0.723
130 375 16 20 0.706
38 380 18 24 0.699
96 400 21 27 0.684
57 364 16 19 0.665
550 97 46 83 0.655
256 386 16 20 0.654
229 370 14 17 0.623
196 393 16 20 0.609
176 370 16 20 0.589
103 353 15 18 0.515
141 341 12 17 0.079
309 323 11 14 0.077
313 359 11 15 0.055
84 361 13 15 0.048
0 400 8 19 0.038
397 355 13 17 0.036
282 211 9 11 0.030
581 92 44 86 0.030
175 376 16 20 0.027
81 138 10 15 0.021
110 373 14 18 0.021
402 352 13 17 0.017
174 341 12 15 0.017
180 394 12 16 0.015
391 377 13 15 0.014
384 354 12 16 0.013
67 195 10 12 0.013
374 361 13 16 0.012
397 329 11 15 0.011
380 354 11 15 0.011
143 344 12 16 0.011
1 370 13 19 0.010
575 202 37 41 0.010
