4_Dancing_Dancing_4_84
26
344 154 42 51 0.850
135 175 44 55 0.839
852 107 39 47 0.830
478 136 39 45 0.823
699 159 45 57 0.823
734 69 21 25 0.788
274 135 18 21 0.786
149 77 18 22 0.778
222 72 18 23 0.776
605 82 19 24 0.773
537 197 32 51 0.767
790 64 21 23 0.763
52 70 20 25 0.761
451 137 21 26 0.685
85 146 17 21 0.579
764 128 21 26 0.544
676 -3 17 16 0.464
693 135 22 31 0.125
114 110 10 12 0.079
945 215 15 20 0.050
79 147 17 21 0.018
716 0 14 15 0.015
762 -4 14 11 0.015
942 208 16 24 0.013
691 16 13 16 0.011
118 108 10 13 0.010
