4_Dancing_Dancing_4_769
27
403 123 43 60 0.829
463 233 44 57 0.816
799 176 26 32 0.745
908 149 26 35 0.727
121 63 20 26 0.610
59 48 20 25 0.209
0 46 10 23 0.111
1 25 16 22 0.097
25 51 23 25 0.089
7 80 19 22 0.067
63 43 19 23 0.055
86 53 17 22 0.052
152 50 21 22 0.046
165 58 21 22 0.042
181 61 17 24 0.041
1006 181 17 29 0.039
12 50 20 24 0.033
10 66 18 25 0.031
60 57 20 24 0.023
152 60 18 20 0.018
33 57 19 22 0.016
146 57 16 17 0.014
22 645 14 17 0.013
749 307 20 21 0.013
0 29 19 29 0.012
80 147 15 15 0.011
997 181 21 28 0.010
