18_Concerts_Concerts_18_127
26
150 270 71 94 0.833
359 230 59 82 0.822
173 161 47 72 0.815
529 223 55 69 0.814
737 187 53 73 0.811
663 169 51 76 0.799
801 186 45 66 0.796
10 194 45 64 0.790
244 130 38 54 0.787
910 202 42 61 0.781
274 229 54 94 0.779
443 235 47 72 0.752
51 175 34 52 0.742
952 197 37 51 0.742
306 178 43 53 0.738
451 180 40 51 0.725
845 201 30 45 0.680
569 187 35 47 0.580
929 202 43 56 0.367
404 184 27 39 0.331
763 167 32 45 0.121
1013 181 11 48 0.074
623 204 28 35 0.031
394 192 40 56 0.030
680 199 36 51 0.025
462 192 33 48 0.017
