25_Soldier_Patrol_Soldier_Patrol_25_700
49
479 415 17 22 0.714
80 425 27 34 0.690
543 370 31 42 0.654
173 388 26 37 0.613
433 415 14 21 0.548
586 414 16 23 0.444
225 405 17 25 0.386
103 403 19 23 0.324
888 383 21 27 0.295
458 421 14 17 0.292
58 393 12 18 0.244
216 405 18 25 0.239
509 416 13 17 0.225
52 420 18 23 0.197
468 416 17 19 0.183
111 397 17 24 0.139
62 393 14 19 0.129
120 423 19 23 0.117
408 427 14 17 0.115
628 428 14 18 0.106
114 412 18 24 0.092
53 397 15 21 0.090
595 409 12 19 0.089
506 413 14 17 0.088
576 415 19 24 0.074
882 388 21 25 0.064
906 388 20 24 0.063
532 373 29 36 0.062
117 394 15 23 0.043
436 412 13 18 0.038
235 414 17 22 0.034
67 393 14 19 0.033
404 426 14 16 0.031
452 423 13 18 0.029
440 414 14 19 0.028
622 423 14 18 0.024
240 417 16 20 0.023
387 412 12 15 0.023
206 407 17 22 0.023
113 390 16 21 0.021
401 422 13 15 0.020
598 405 11 15 0.020
570 418 18 22 0.018
204 403 15 22 0.013
245 421 16 18 0.013
529 378 21 26 0.012
414 424 15 19 0.012
912 384 20 25 0.012
507 412 19 25 0.011
