25_Soldier_Patrol_Soldier_Patrol_25_1029
50
122 437 60 73 0.851
256 361 56 66 0.843
610 294 38 43 0.820
247 177 44 55 0.818
458 179 46 53 0.816
580 141 31 45 0.811
660 310 36 41 0.807
155 198 50 61 0.802
514 385 43 63 0.794
555 327 31 39 0.788
874 169 41 47 0.785
716 185 35 45 0.758
502 183 30 43 0.735
737 143 56 71 0.702
657 191 28 41 0.665
435 162 9 11 0.508
389 182 8 9 0.293
411 184 7 8 0.228
399 185 7 9 0.201
394 183 8 9 0.145
549 164 12 15 0.129
385 182 7 10 0.110
408 167 8 9 0.104
424 177 7 9 0.098
505 160 14 17 0.069
462 153 8 10 0.046
654 187 21 37 0.046
546 167 13 17 0.044
438 163 9 13 0.040
378 185 6 7 0.028
649 187 17 27 0.026
645 186 15 21 0.025
553 161 11 16 0.024
623 144 10 13 0.023
542 169 13 15 0.023
428 179 7 10 0.023
632 156 8 11 0.021
596 215 21 23 0.018
972 244 50 60 0.018
743 365 18 26 0.016
509 157 11 14 0.016
457 151 11 12 0.016
504 157 11 13 0.015
648 182 16 22 0.015
629 153 9 13 0.014
667 196 30 41 0.013
501 158 22 27 0.012
460 157 10 14 0.012
545 161 19 25 0.010
961 256 56 72 0.010
