25_Soldier_Patrol_Soldier_Patrol_25_515
61
786 308 18 24 0.720
720 300 20 26 0.716
803 294 19 24 0.703
835 313 16 23 0.696
56 307 15 20 0.694
638 310 18 24 0.661
563 336 14 18 0.653
537 312 14 18 0.652
521 316 11 17 0.636
700 317 15 20 0.634
476 318 14 20 0.626
414 316 14 18 0.625
615 322 14 17 0.616
395 311 12 17 0.606
373 320 13 17 0.605
367 296 12 18 0.595
669 312 16 21 0.591
578 323 14 18 0.582
887 326 18 23 0.572
860 303 15 22 0.564
440 332 12 16 0.517
912 309 17 23 0.475
921 309 17 22 0.466
462 314 13 18 0.429
738 325 13 18 0.368
529 314 15 18 0.282
137 303 10 11 0.211
895 321 18 22 0.174
653 296 15 18 0.145
619 306 14 17 0.139
905 310 14 21 0.134
174 300 8 10 0.115
617 314 14 18 0.115
619 317 17 21 0.109
674 311 15 20 0.106
753 309 15 19 0.102
379 315 14 17 0.102
854 302 14 20 0.040
927 308 15 20 0.038
208 304 11 14 0.038
763 313 15 20 0.033
177 302 9 13 0.033
387 345 12 14 0.031
879 300 12 17 0.027
701 309 12 17 0.026
765 319 15 19 0.026
576 319 14 17 0.020
134 305 9 11 0.017
377 301 11 16 0.016
748 320 18 21 0.015
612 319 13 18 0.015
393 321 12 15 0.012
172 298 12 14 0.012
880 309 15 20 0.012
459 306 10 14 0.012
92 303 6 8 0.012
647 296 14 16 0.011
758 306 14 19 0.011
584 325 12 16 0.011
172 295 10 13 0.010
458 311 12 15 0.010
