48_Parachutist_Paratrooper_Parachutist_Paratrooper_48_814
24
387 222 221 269 0.853
305 397 23 27 0.670
694 342 211 362 0.653
252 399 25 29 0.645
155 406 25 29 0.629
210 409 22 24 0.612
581 406 43 59 0.578
56 405 23 29 0.577
0 400 17 24 0.201
628 371 49 66 0.152
110 424 21 26 0.143
86 407 17 25 0.092
37 409 15 21 0.072
126 402 13 16 0.068
287 412 14 20 0.067
630 419 70 96 0.049
185 414 18 22 0.048
90 403 14 21 0.037
282 414 16 23 0.023
630 363 37 53 0.021
599 390 30 48 0.019
147 414 24 27 0.014
138 417 17 24 0.012
136 407 17 21 0.011
