28_Sports_Fan_Sports_Fan_28_7
645
468 646 118 144 0.867
942 854 68 93 0.826
868 1133 105 140 0.825
84 861 70 102 0.821
144 676 56 61 0.793
589 637 34 38 0.770
146 870 54 77 0.739
840 537 25 30 0.738
51 783 53 64 0.725
196 558 31 36 0.718
925 693 38 45 0.717
206 662 39 48 0.712
297 432 23 28 0.691
4 564 38 50 0.685
0 858 28 86 0.680
168 525 24 34 0.662
189 415 26 28 0.658
816 535 23 26 0.649
807 808 39 47 0.647
540 598 36 38 0.642
194 302 19 27 0.633
495 587 23 30 0.631
978 666 33 34 0.631
118 352 21 28 0.624
89 567 38 48 0.620
603 508 23 24 0.619
940 277 16 19 0.617
653 581 23 37 0.613
52 613 31 48 0.613
260 344 22 27 0.610
863 351 17 21 0.610
60 502 25 35 0.609
31 383 23 29 0.609
46 223 20 24 0.607
709 722 54 77 0.606
10 73 15 19 0.598
289 276 16 22 0.583
972 294 14 20 0.581
53 265 21 22 0.579
871 219 15 19 0.574
7 190 15 20 0.572
210 358 24 28 0.572
112 38 14 18 0.570
806 414 21 23 0.570
26 292 20 23 0.568
199 129 13 18 0.567
670 634 29 43 0.561
246 30 14 17 0.559
705 108 14 18 0.550
711 545 21 30 0.548
976 523 20 29 0.547
203 196 15 21 0.545
884 298 16 19 0.538
258 154 15 20 0.538
86 200 18 21 0.522
126 270 17 23 0.516
959 201 13 16 0.514
920 309 15 17 0.514
963 233 12 17 0.512
889 238 13 16 0.510
819 117 11 15 0.508
876 6 11 15 0.507
923 231 14 19 0.503
1008 298 14 20 0.503
353 101 12 16 0.503
586 89 14 18 0.503
20 16 13 17 0.497
917 189 13 17 0.497
424 665 38 53 0.496
336 0 12 10 0.496
141 76 14 18 0.496
304 105 13 17 0.492
216 301 16 22 0.489
242 404 23 28 0.487
90 12 14 16 0.486
777 379 15 20 0.485
160 119 15 19 0.485
201 232 16 22 0.483
778 278 13 16 0.478
834 325 15 19 0.476
95 387 24 31 0.475
270 224 17 19 0.468
986 272 14 18 0.468
879 401 16 21 0.467
686 62 12 15 0.465
842 454 18 20 0.465
803 139 12 15 0.463
72 43 12 16 0.461
142 259 16 21 0.461
141 209 16 19 0.459
799 261 15 17 0.459
338 25 13 16 0.455
203 97 13 18 0.454
38 126 15 18 0.454
346 138 15 18 0.454
124 9 13 15 0.450
520 36 12 15 0.450
145 15 12 15 0.448
131 126 15 19 0.447
439 544 19 22 0.445
548 53 12 14 0.443
73 16 11 15 0.441
882 152 13 15 0.439
602 51 12 15 0.435
758 682 42 52 0.429
894 172 11 15 0.429
979 79 11 14 0.416
1006 234 14 20 0.416
841 144 12 15 0.416
302 8 12 14 0.414
709 48 12 15 0.414
614 125 13 16 0.412
176 33 13 16 0.409
939 166 13 16 0.407
285 35 12 15 0.405
859 69 10 14 0.404
833 508 17 22 0.404
477 7 12 14 0.403
355 45 13 16 0.398
916 384 16 20 0.395
48 7 13 15 0.394
913 593 21 31 0.393
560 5 11 12 0.389
483 69 11 14 0.386
833 4 10 13 0.386
954 107 12 15 0.386
391 1 12 14 0.383
638 4 10 11 0.383
552 25 11 15 0.377
441 15 13 16 0.372
931 112 11 15 0.372
914 150 11 15 0.372
387 79 14 18 0.370
835 120 12 14 0.370
163 217 16 18 0.370
749 130 12 15 0.369
1007 341 15 17 0.367
1007 435 16 24 0.365
883 68 11 14 0.365
983 51 11 14 0.362
996 197 13 16 0.360
934 344 16 19 0.359
53 559 26 31 0.357
590 9 10 13 0.354
875 128 13 16 0.353
361 123 11 16 0.350
854 275 13 19 0.345
0 1102 70 134 0.344
220 220 15 19 0.343
450 58 12 16 0.342
442 86 13 16 0.340
316 631 38 73 0.338
1005 363 15 19 0.337
632 50 12 15 0.335
321 49 13 17 0.333
913 541 19 29 0.332
961 125 12 15 0.330
552 552 20 24 0.328
775 5 11 12 0.326
786 420 17 21 0.325
846 47 10 13 0.325
0 133 8 25 0.322
998 487 21 27 0.322
550 77 12 16 0.317
749 112 12 15 0.316
207 72 13 16 0.314
824 64 10 13 0.314
661 40 12 14 0.311
814 188 13 18 0.311
992 591 21 31 0.309
627 107 13 15 0.304
783 116 12 15 0.304
818 16 10 14 0.303
888 266 13 17 0.295
908 125 12 15 0.294
794 89 10 13 0.292
617 38 11 15 0.291
375 44 13 17 0.291
101 383 23 30 0.291
263 94 13 16 0.289
904 29 10 12 0.288
385 31 11 15 0.288
925 168 12 15 0.285
574 48 12 15 0.283
129 313 19 24 0.277
518 90 11 15 0.273
792 26 10 13 0.271
519 9 11 14 0.268
87 83 13 18 0.267
865 257 14 17 0.267
621 79 12 16 0.264
635 21 10 13 0.263
857 235 12 15 0.260
169 91 13 18 0.257
950 69 10 13 0.257
395 561 21 27 0.256
762 83 11 13 0.254
901 87 10 13 0.253
673 92 12 16 0.251
410 112 12 16 0.249
757 16 10 13 0.247
548 118 12 16 0.247
66 165 14 20 0.244
76 235 16 19 0.240
738 89 11 15 0.238
230 83 13 17 0.238
833 231 13 15 0.236
699 87 12 15 0.235
504 59 13 15 0.229
970 126 12 15 0.228
298 140 13 19 0.228
109 71 13 17 0.227
828 43 10 13 0.223
983 226 14 17 0.222
500 92 12 15 0.221
293 371 20 25 0.219
250 310 18 22 0.218
22 271 16 20 0.216
748 126 12 15 0.210
844 64 10 13 0.208
225 221 15 19 0.207
176 243 15 19 0.206
908 0 10 9 0.205
730 35 9 12 0.203
998 581 22 32 0.198
822 185 13 17 0.195
123 383 21 27 0.195
649 98 12 15 0.192
711 71 11 14 0.190
917 287 14 16 0.189
454 114 13 16 0.188
46 202 17 19 0.188
6 273 17 25 0.188
94 238 14 19 0.187
987 177 12 15 0.186
940 129 12 15 0.185
428 21 12 16 0.185
958 453 18 22 0.184
834 249 13 17 0.181
213 266 17 21 0.181
913 69 9 13 0.181
98 268 13 21 0.179
456 2 11 14 0.179
994 159 12 14 0.179
120 406 23 31 0.177
587 33 11 14 0.176
287 369 20 24 0.175
571 631 25 30 0.175
682 3 10 10 0.175
275 80 12 15 0.174
970 416 16 23 0.173
872 5 11 15 0.172
874 91 10 13 0.172
766 100 10 14 0.171
740 57 10 14 0.166
560 138 12 14 0.164
509 60 12 15 0.159
832 236 13 17 0.158
916 646 26 31 0.157
963 22 11 13 0.156
890 485 16 22 0.155
831 537 24 28 0.155
42 322 18 24 0.151
814 500 18 23 0.151
845 24 9 12 0.148
493 37 11 14 0.146
401 39 11 15 0.146
283 366 18 24 0.145
974 291 16 20 0.145
593 9 11 14 0.143
404 54 11 15 0.143
1013 56 10 13 0.143
424 -2 11 11 0.142
202 397 23 25 0.142
736 566 15 20 0.141
779 647 32 45 0.139
648 56 10 15 0.138
923 165 11 15 0.138
6 1029 40 89 0.136
817 187 14 17 0.136
607 3 10 12 0.135
464 52 12 15 0.135
265 89 13 16 0.135
906 53 10 13 0.134
1000 502 19 27 0.133
765 80 11 14 0.132
862 171 11 15 0.132
941 2 10 11 0.131
638 23 11 13 0.131
203 300 19 26 0.128
329 81 12 16 0.127
523 11 10 15 0.126
918 38 10 13 0.126
1001 117 10 13 0.126
648 112 12 16 0.125
846 424 15 18 0.121
368 8 12 15 0.117
935 21 10 12 0.117
932 391 15 20 0.116
31 253 16 21 0.114
986 594 22 30 0.113
270 120 13 18 0.112
984 141 13 15 0.112
682 66 13 16 0.112
923 367 16 20 0.111
902 51 10 13 0.111
915 612 22 33 0.111
803 296 12 16 0.110
945 88 11 13 0.109
1002 369 19 24 0.109
990 172 12 15 0.108
179 0 11 10 0.106
364 12 11 13 0.106
62 35 13 17 0.106
440 43 12 15 0.106
435 43 11 15 0.104
479 53 11 15 0.102
820 191 13 17 0.102
95 259 15 20 0.102
931 11 10 12 0.101
28 263 15 20 0.101
1002 0 10 8 0.098
377 654 67 90 0.096
733 32 10 13 0.096
148 14 13 15 0.095
184 66 13 17 0.095
458 55 12 17 0.095
903 93 10 14 0.095
720 0 10 8 0.094
270 52 13 15 0.094
869 504 20 24 0.094
464 34 11 15 0.092
799 65 10 14 0.092
237 531 25 29 0.092
989 390 19 25 0.091
934 114 12 16 0.091
685 135 12 14 0.089
581 72 13 15 0.089
921 226 14 18 0.088
957 42 10 14 0.088
852 164 11 15 0.088
552 74 12 15 0.087
749 56 11 13 0.086
405 107 14 18 0.086
938 22 11 14 0.086
308 34 12 15 0.085
906 536 21 30 0.085
488 43 11 14 0.085
156 19 14 17 0.084
886 136 13 16 0.083
550 39 11 15 0.083
754 20 11 13 0.083
963 445 17 22 0.082
83 234 16 20 0.082
212 75 13 17 0.081
880 493 20 24 0.081
389 515 16 20 0.081
608 50 13 15 0.081
795 68 11 14 0.081
851 104 11 15 0.080
297 11 11 16 0.080
89 390 24 31 0.080
794 30 9 13 0.079
171 32 13 18 0.078
276 223 15 19 0.077
784 427 19 26 0.076
113 31 15 18 0.076
326 39 13 17 0.075
800 57 11 14 0.074
803 56 10 13 0.072
814 1198 66 113 0.072
202 70 13 17 0.072
804 366 16 21 0.072
760 52 11 14 0.071
790 647 23 31 0.071
960 39 11 13 0.070
986 50 11 14 0.070
220 91 13 18 0.070
794 161 11 16 0.070
88 276 15 21 0.070
988 189 12 16 0.069
932 167 14 17 0.069
724 89 10 14 0.068
32 124 15 19 0.068
638 108 14 17 0.068
905 449 17 22 0.067
953 457 19 23 0.065
893 263 12 16 0.065
964 29 11 13 0.064
866 124 11 15 0.064
314 639 48 111 0.063
291 570 25 29 0.062
300 375 20 25 0.062
130 34 12 16 0.062
931 80 10 13 0.062
949 55 10 13 0.061
899 96 10 13 0.061
975 38 10 14 0.061
943 32 10 14 0.060
966 122 12 16 0.060
808 140 12 15 0.060
104 70 15 18 0.059
125 227 14 19 0.059
345 636 69 97 0.059
913 284 13 16 0.057
1002 431 19 23 0.056
529 105 13 17 0.055
778 8 12 15 0.055
853 184 11 15 0.055
827 162 12 15 0.054
622 71 12 16 0.054
1010 115 9 13 0.054
494 124 11 14 0.053
813 226 12 15 0.052
832 275 13 17 0.052
56 226 17 22 0.052
960 92 12 16 0.051
827 210 13 19 0.051
895 522 22 27 0.050
12 346 19 28 0.050
1011 672 12 30 0.049
919 149 12 14 0.049
844 162 12 16 0.049
135 325 17 23 0.049
278 83 12 15 0.049
845 98 11 14 0.049
717 1 10 9 0.049
683 30 10 14 0.048
813 410 19 24 0.048
264 224 15 19 0.048
809 296 13 17 0.047
223 10 11 14 0.046
609 97 12 16 0.046
183 81 12 17 0.045
814 16 9 13 0.045
994 387 19 26 0.045
864 616 25 31 0.044
235 83 12 16 0.044
216 352 21 26 0.043
1013 624 12 31 0.043
984 155 12 15 0.043
18 181 14 20 0.042
940 25 11 15 0.042
485 71 12 15 0.042
354 635 84 127 0.041
273 -1 11 8 0.041
187 268 16 21 0.040
454 85 12 16 0.040
742 669 47 66 0.040
299 107 12 19 0.039
243 1 11 11 0.039
663 27 11 14 0.039
74 336 16 24 0.038
251 29 12 17 0.038
371 98 13 17 0.038
483 61 13 17 0.038
34 26 12 17 0.038
675 96 12 17 0.038
207 66 13 16 0.037
0 230 11 20 0.037
166 121 13 18 0.036
800 359 15 20 0.036
883 41 10 12 0.036
806 616 22 30 0.036
352 104 15 21 0.036
987 263 14 18 0.035
51 112 13 17 0.035
680 6 11 14 0.035
756 36 10 15 0.035
928 380 15 22 0.035
696 593 17 25 0.035
924 46 10 14 0.034
878 508 20 24 0.034
2 341 15 26 0.034
290 199 15 19 0.033
297 566 21 26 0.033
398 146 13 15 0.033
129 275 17 23 0.033
211 189 14 20 0.032
726 3 10 10 0.032
540 73 12 16 0.031
139 320 17 23 0.031
425 672 48 69 0.031
315 54 12 17 0.031
274 410 22 29 0.031
765 33 11 13 0.031
946 3 10 11 0.030
905 435 17 22 0.030
813 239 12 16 0.030
82 575 33 43 0.030
471 530 18 23 0.030
-1 891 17 80 0.029
669 512 13 15 0.029
33 562 26 32 0.029
424 112 13 18 0.029
452 540 17 21 0.029
240 110 13 17 0.029
339 138 14 17 0.029
810 184 13 18 0.029
883 481 19 24 0.028
100 275 15 21 0.028
706 543 20 28 0.028
69 1136 75 106 0.028
835 278 12 17 0.027
909 443 16 22 0.027
227 12 13 17 0.027
519 131 12 16 0.027
95 195 17 20 0.027
321 283 18 23 0.026
975 13 9 11 0.026
997 665 20 31 0.026
905 37 10 14 0.026
902 443 17 23 0.026
239 106 12 17 0.026
8 348 16 25 0.026
385 571 25 35 0.026
299 352 21 27 0.026
1016 177 10 15 0.025
840 324 14 19 0.025
869 602 22 32 0.025
98 4 12 14 0.024
294 168 14 20 0.024
944 157 12 16 0.024
773 693 29 38 0.024
184 31 12 16 0.024
132 41 12 16 0.024
302 341 19 26 0.024
465 533 19 22 0.024
998 326 14 18 0.024
325 149 13 15 0.023
278 217 16 19 0.023
736 573 17 22 0.022
777 259 10 14 0.022
509 6 11 13 0.022
225 241 17 21 0.022
298 204 14 20 0.022
862 506 20 22 0.022
11 709 32 47 0.021
123 153 14 17 0.021
329 94 12 16 0.021
942 344 15 18 0.021
252 300 18 23 0.021
1011 600 13 33 0.021
41 198 15 18 0.021
818 304 13 17 0.021
389 581 21 34 0.021
72 168 14 18 0.020
136 209 14 18 0.020
130 232 15 19 0.020
810 362 16 21 0.020
480 126 13 16 0.020
919 364 16 19 0.020
42 111 15 19 0.020
784 414 14 20 0.020
657 542 22 24 0.020
798 104 10 14 0.020
127 75 15 19 0.019
608 124 13 15 0.019
894 379 15 19 0.019
144 507 21 25 0.019
1010 74 10 15 0.019
874 198 11 15 0.019
336 62 11 16 0.019
63 103 13 17 0.019
686 25 10 14 0.018
902 425 15 21 0.018
900 454 18 24 0.018
874 577 18 26 0.018
423 89 11 15 0.018
403 557 19 24 0.018
898 537 23 29 0.018
404 665 57 86 0.018
1015 680 10 31 0.017
96 231 15 20 0.017
505 25 11 14 0.017
214 56 12 15 0.017
308 397 21 27 0.016
394 148 14 17 0.016
792 169 12 15 0.016
46 320 19 23 0.016
154 58 12 15 0.016
66 330 18 24 0.016
829 326 13 18 0.016
311 98 12 17 0.016
231 156 13 19 0.016
304 331 17 24 0.016
435 81 13 17 0.015
825 201 12 15 0.015
98 118 13 19 0.015
785 437 18 23 0.015
1016 540 9 26 0.015
274 569 28 32 0.015
431 105 13 18 0.015
969 299 16 20 0.014
84 68 13 19 0.014
697 622 22 30 0.014
393 135 15 18 0.014
781 133 11 15 0.014
866 498 19 24 0.014
9 326 19 28 0.014
666 107 12 17 0.014
1015 146 9 15 0.014
25 125 13 18 0.014
988 19 9 12 0.013
0 473 7 28 0.013
872 519 17 23 0.013
850 304 12 17 0.013
261 310 19 22 0.013
1007 570 15 32 0.013
359 146 13 15 0.013
931 37 12 15 0.013
0 1042 24 82 0.013
235 231 15 19 0.013
381 145 12 15 0.013
234 404 23 26 0.013
-1 460 8 28 0.013
271 74 13 16 0.013
1014 28 9 14 0.013
392 566 25 36 0.013
221 14 12 17 0.012
158 224 15 20 0.012
491 98 12 16 0.012
611 603 18 25 0.012
290 161 13 18 0.012
917 521 17 21 0.012
224 25 12 15 0.011
240 161 14 18 0.011
556 140 11 14 0.011
302 635 41 63 0.011
294 345 18 25 0.011
801 379 15 18 0.011
869 544 15 22 0.011
476 548 19 27 0.011
465 128 12 16 0.011
665 523 16 21 0.011
227 116 12 18 0.011
335 615 42 77 0.011
286 189 15 18 0.010
3 267 12 24 0.010
249 0 12 10 0.010
701 594 20 25 0.010
987 376 17 23 0.010
62 160 15 20 0.010
664 511 14 17 0.010
197 0 13 11 0.010
