35_Basketball_Basketball_35_327
33
915 139 41 56 0.837
410 227 53 80 0.814
791 168 31 39 0.802
598 159 22 28 0.793
764 143 29 37 0.791
84 162 27 35 0.775
25 174 24 33 0.773
541 151 27 35 0.771
665 152 28 32 0.766
250 167 21 27 0.763
186 180 19 26 0.762
738 153 25 32 0.751
969 183 30 37 0.750
436 161 21 26 0.746
324 182 18 25 0.746
636 169 22 28 0.741
384 173 24 29 0.737
829 146 26 34 0.728
465 177 23 31 0.717
492 175 19 24 0.717
984 157 22 27 0.650
561 159 19 25 0.616
510 191 16 21 0.561
524 176 15 19 0.091
99 160 20 31 0.081
515 184 18 22 0.071
1016 139 8 25 0.057
1011 141 14 26 0.047
528 172 15 23 0.038
816 150 20 26 0.030
1013 136 12 23 0.015
421 161 12 16 0.011
569 176 17 22 0.010
