35_Basketball_basketballgame_ball_35_375
887
993 534 12 18 0.672
951 186 8 10 0.547
685 235 8 11 0.537
908 204 8 10 0.536
1016 259 8 12 0.534
649 178 7 10 0.532
501 219 8 9 0.525
278 191 8 10 0.523
964 166 9 10 0.518
592 227 7 10 0.510
972 186 8 10 0.507
478 180 7 9 0.507
612 115 8 10 0.501
346 184 7 10 0.496
674 159 8 9 0.494
636 233 8 10 0.489
808 189 7 10 0.487
660 135 7 9 0.485
626 154 7 9 0.478
864 223 8 10 0.477
738 100 7 9 0.476
379 193 7 9 0.476
863 198 8 10 0.475
508 127 6 9 0.474
301 192 7 9 0.470
656 220 7 10 0.468
548 166 7 9 0.466
981 242 9 11 0.465
435 200 7 9 0.463
568 167 7 10 0.463
319 195 7 9 0.461
987 480 11 17 0.461
625 177 7 9 0.459
832 216 7 9 0.458
119 171 7 9 0.456
605 192 7 9 0.456
681 136 7 9 0.452
636 132 8 9 0.450
558 234 7 10 0.450
865 180 8 9 0.448
879 117 7 9 0.448
57 163 7 8 0.448
892 157 7 10 0.447
818 175 7 9 0.443
612 230 7 10 0.443
935 101 7 9 0.441
916 138 8 10 0.441
522 226 8 9 0.441
917 159 7 9 0.441
362 145 7 8 0.439
824 152 8 9 0.439
460 120 6 8 0.438
320 183 7 8 0.438
628 215 9 10 0.438
968 80 8 9 0.435
696 205 7 10 0.435
574 148 8 10 0.434
441 179 7 8 0.434
715 125 6 9 0.432
872 520 10 15 0.432
706 241 7 10 0.429
650 159 8 9 0.428
900 57 7 8 0.425
775 214 8 10 0.425
831 97 6 8 0.425
925 72 7 9 0.423
518 105 7 8 0.423
525 204 7 9 0.421
861 135 7 9 0.421
949 77 7 9 0.418
720 100 8 9 0.418
593 131 7 9 0.418
941 164 8 9 0.417
897 182 7 9 0.414
220 184 7 9 0.412
702 42 6 8 0.412
535 184 7 10 0.412
478 103 6 8 0.409
995 170 8 9 0.409
542 206 8 10 0.409
935 209 8 10 0.407
892 138 7 9 0.404
587 214 7 10 0.403
155 176 7 9 0.402
520 186 7 9 0.402
594 111 7 9 0.402
696 103 6 8 0.400
540 148 7 9 0.400
639 75 7 9 0.398
958 100 7 8 0.398
1001 103 8 9 0.398
840 175 8 9 0.398
236 186 7 9 0.398
877 53 7 9 0.395
824 203 7 10 0.395
614 216 7 9 0.395
1001 56 7 10 0.393
678 116 7 9 0.393
7 158 6 8 0.393
918 226 8 10 0.393
404 96 7 8 0.391
938 120 7 9 0.391
594 150 7 9 0.391
1006 277 9 11 0.391
430 121 7 9 0.390
428 136 6 8 0.390
466 159 7 9 0.390
682 202 7 9 0.389
853 117 7 9 0.387
683 63 6 8 0.386
95 153 6 9 0.386
240 117 6 8 0.386
447 140 7 8 0.384
569 212 7 9 0.384
702 60 7 9 0.383
853 94 7 8 0.383
920 188 7 9 0.383
576 113 7 9 0.381
272 158 7 8 0.381
723 43 7 9 0.379
501 167 7 9 0.379
775 147 7 8 0.379
952 556 9 17 0.376
661 78 7 8 0.374
627 57 7 8 0.372
493 140 7 8 0.372
947 137 7 10 0.372
428 158 7 8 0.369
517 164 8 9 0.368
34 160 6 8 0.368
620 76 7 9 0.367
298 141 6 8 0.367
885 234 8 9 0.367
496 103 7 9 0.367
483 159 7 8 0.367
674 221 8 9 0.367
475 47 6 8 0.365
558 186 8 10 0.364
719 8 6 8 0.362
863 156 7 9 0.361
695 119 7 9 0.360
448 66 6 7 0.359
412 153 7 8 0.359
882 209 8 10 0.358
203 166 6 9 0.357
411 194 7 9 0.357
576 90 8 10 0.355
884 98 6 8 0.354
174 129 6 8 0.354
532 126 7 8 0.354
596 351 9 12 0.354
959 490 8 15 0.353
360 167 7 9 0.352
679 83 7 8 0.352
273 175 7 9 0.350
781 25 7 9 0.347
395 64 6 8 0.347
901 99 7 8 0.347
821 31 7 8 0.347
766 44 7 8 0.347
526 70 6 8 0.345
397 175 7 8 0.345
192 147 6 9 0.343
846 151 7 9 0.343
415 176 6 9 0.342
106 91 6 7 0.340
473 137 6 9 0.340
256 175 7 9 0.338
643 23 6 9 0.335
559 105 7 10 0.335
67 138 7 8 0.333
256 194 7 8 0.333
917 116 7 9 0.333
570 127 8 10 0.333
604 58 7 9 0.332
542 107 7 9 0.332
717 81 7 8 0.332
831 117 7 9 0.329
459 180 6 8 0.329
889 39 6 8 0.327
976 22 6 9 0.327
427 47 6 7 0.327
381 114 6 8 0.327
249 155 7 9 0.327
614 6 7 8 0.327
101 167 7 8 0.327
661 57 7 8 0.327
321 125 6 8 0.324
9 92 6 7 0.324
519 87 6 9 0.324
51 518 10 17 0.324
997 38 7 8 0.322
593 17 7 9 0.322
239 172 7 9 0.321
940 17 7 8 0.319
646 56 7 9 0.319
52 138 7 8 0.319
730 62 7 8 0.319
298 106 5 8 0.316
613 95 7 8 0.316
355 77 6 7 0.314
352 129 6 8 0.314
975 56 7 10 0.312
456 99 6 8 0.312
142 176 7 8 0.312
112 63 6 7 0.312
974 224 8 10 0.312
702 23 6 9 0.311
42 75 6 8 0.309
369 94 6 8 0.309
999 81 7 8 0.308
312 162 6 8 0.308
385 78 6 8 0.306
157 140 6 8 0.302
484 12 6 8 0.298
698 83 7 8 0.298
394 148 7 9 0.298
555 91 7 8 0.297
920 58 7 8 0.297
30 105 6 7 0.295
612 151 7 9 0.295
75 168 7 8 0.294
84 77 6 7 0.292
202 95 6 7 0.291
103 112 6 8 0.289
283 137 7 8 0.289
291 175 7 9 0.289
449 158 7 8 0.288
648 240 7 9 0.288
398 311 8 11 0.288
390 42 6 8 0.286
757 186 7 9 0.286
231 153 7 8 0.285
677 40 6 8 0.283
290 121 7 8 0.282
132 157 7 9 0.279
941 37 7 8 0.279
575 191 7 9 0.277
463 28 6 8 0.276
450 43 7 8 0.276
917 502 9 15 0.276
740 26 7 8 0.274
535 49 6 8 0.273
452 213 7 10 0.273
257 89 5 7 0.271
592 53 7 8 0.270
300 37 6 8 0.270
415 64 6 8 0.268
598 77 6 8 0.268
541 92 6 8 0.267
782 11 7 8 0.267
80 568 9 17 0.266
111 156 7 8 0.265
96 128 6 8 0.264
613 133 7 9 0.264
558 220 7 9 0.260
1003 20 7 9 0.260
699 141 6 8 0.260
182 66 6 8 0.258
491 125 7 8 0.258
479 88 6 8 0.257
264 143 6 7 0.257
360 27 6 7 0.255
148 65 6 7 0.255
540 71 7 8 0.255
160 83 5 8 0.255
225 82 5 7 0.255
120 31 6 7 0.254
697 12 6 8 0.251
634 99 6 8 0.251
95 64 5 7 0.250
965 146 7 9 0.250
799 225 7 9 0.250
280 37 6 7 0.250
497 87 6 8 0.249
349 106 6 8 0.249
308 124 6 7 0.247
173 173 6 9 0.244
520 14 6 8 0.244
839 14 6 7 0.243
913 18 6 8 0.243
751 226 8 10 0.243
907 77 6 8 0.243
533 3 6 8 0.243
62 122 6 7 0.242
197 133 6 8 0.242
28 61 6 7 0.240
730 28 6 8 0.238
155 128 6 8 0.238
56 16 5 6 0.236
362 115 5 7 0.235
414 134 6 8 0.235
928 3 7 7 0.235
739 84 6 8 0.234
123 110 6 8 0.232
215 154 6 9 0.232
676 7 7 8 0.231
494 186 7 9 0.231
576 16 6 8 0.229
134 51 5 7 0.229
725 183 7 10 0.229
31 91 6 8 0.228
339 131 6 7 0.227
132 144 7 8 0.227
1005 515 9 14 0.227
16 118 6 8 0.226
509 72 7 8 0.225
507 147 6 8 0.224
762 85 6 9 0.223
30 125 6 8 0.223
177 115 6 7 0.222
161 53 5 6 0.222
205 53 5 7 0.222
612 41 6 8 0.221
273 120 6 8 0.218
378 59 6 8 0.217
380 25 6 8 0.217
504 1 5 7 0.216
592 5 6 8 0.216
236 69 5 7 0.216
414 81 6 8 0.216
270 104 6 7 0.216
363 60 5 8 0.216
332 76 6 8 0.212
464 14 6 7 0.211
556 123 6 9 0.211
273 58 6 7 0.208
749 65 7 8 0.208
165 161 6 9 0.208
224 135 6 8 0.208
615 24 6 8 0.207
444 14 6 8 0.207
673 8 7 8 0.206
146 161 7 9 0.206
100 3 6 7 0.206
585 180 7 9 0.206
275 159 6 8 0.206
1016 82 7 8 0.205
55 94 6 6 0.202
646 4 7 8 0.202
566 55 6 8 0.201
563 33 6 8 0.201
238 116 6 8 0.198
223 39 5 7 0.196
477 123 6 8 0.196
988 127 7 9 0.195
407 45 6 8 0.195
973 122 6 9 0.194
234 84 6 7 0.193
757 30 6 8 0.189
948 2 7 7 0.188
996 5 7 8 0.188
486 11 6 8 0.187
608 193 7 9 0.187
754 208 8 10 0.187
671 8 6 8 0.186
256 71 6 7 0.186
821 139 7 8 0.186
315 106 6 7 0.183
0 115 6 8 0.181
409 12 5 8 0.179
122 95 6 7 0.178
66 77 6 7 0.175
979 104 7 8 0.175
68 97 6 8 0.174
195 180 7 9 0.174
1017 197 7 10 0.174
949 238 7 9 0.174
321 21 5 7 0.173
187 34 5 6 0.173
134 65 5 7 0.172
896 432 8 15 0.172
915 37 7 8 0.172
82 107 6 8 0.172
331 60 5 7 0.172
986 5 6 9 0.169
254 58 6 6 0.168
561 74 6 9 0.168
894 158 7 9 0.168
471 209 8 9 0.168
913 36 7 8 0.167
302 71 6 7 0.167
88 52 6 7 0.166
473 158 7 9 0.166
123 1 5 7 0.165
568 210 7 9 0.164
260 7 5 7 0.163
746 43 6 8 0.163
811 192 8 10 0.162
947 58 7 8 0.162
735 233 7 9 0.160
288 161 6 8 0.159
919 158 7 9 0.158
329 60 6 7 0.157
892 538 9 15 0.157
92 16 5 7 0.155
258 6 5 7 0.155
651 97 6 8 0.154
749 226 8 10 0.154
8 91 5 8 0.153
77 11 5 7 0.152
184 66 6 7 0.152
871 76 6 9 0.151
982 5 7 8 0.149
723 158 6 9 0.149
966 42 6 8 0.148
336 106 6 8 0.148
128 15 5 7 0.148
580 43 6 8 0.147
270 74 6 8 0.147
855 94 7 9 0.147
352 41 6 7 0.146
209 19 5 7 0.146
126 110 5 8 0.145
501 18 5 7 0.144
1 133 5 8 0.143
443 30 5 7 0.142
801 13 6 8 0.141
428 82 6 8 0.141
634 44 6 8 0.141
838 141 7 8 0.140
584 266 7 9 0.140
207 34 5 7 0.138
1010 343 10 12 0.138
195 5 6 6 0.137
296 105 6 8 0.136
673 39 6 8 0.135
622 198 6 9 0.134
54 16 5 7 0.134
823 156 7 10 0.134
853 201 6 9 0.133
630 42 6 8 0.132
425 14 6 8 0.131
244 18 5 6 0.131
802 14 6 8 0.130
422 28 5 7 0.130
493 135 6 9 0.129
197 183 6 9 0.129
315 37 5 7 0.129
1007 193 7 10 0.129
526 259 7 9 0.128
143 80 5 7 0.128
991 127 7 9 0.128
541 259 8 9 0.127
54 95 5 7 0.125
86 95 6 7 0.125
411 133 6 8 0.125
764 44 6 9 0.124
18 120 5 7 0.123
328 6 6 7 0.123
809 62 7 8 0.122
193 179 7 8 0.122
53 60 6 7 0.121
275 58 6 6 0.120
57 14 5 7 0.119
188 33 5 6 0.119
244 138 6 8 0.118
595 77 7 9 0.117
1017 171 7 9 0.117
181 64 5 8 0.117
439 6 6 8 0.116
750 259 8 10 0.115
85 97 6 7 0.114
507 219 8 10 0.114
424 12 6 8 0.114
597 93 7 9 0.113
682 25 7 8 0.111
156 19 5 7 0.111
407 95 6 8 0.111
159 375 8 13 0.111
201 96 6 7 0.111
65 4 5 7 0.109
829 201 7 9 0.109
18 78 5 7 0.108
324 143 6 8 0.106
492 74 5 8 0.106
319 68 6 7 0.106
199 132 7 8 0.106
173 34 5 7 0.103
819 13 6 7 0.102
140 79 6 7 0.102
632 9 6 8 0.101
313 78 6 8 0.100
1012 146 8 11 0.099
69 31 5 7 0.099
381 193 8 9 0.099
623 27 7 8 0.098
1013 195 7 9 0.097
821 204 7 10 0.097
137 95 5 8 0.097
797 124 7 8 0.096
868 178 7 10 0.096
829 96 6 9 0.095
237 84 6 7 0.095
323 94 5 7 0.094
978 224 9 10 0.094
764 67 6 8 0.094
192 18 5 6 0.093
752 222 8 10 0.093
19 158 6 7 0.092
145 167 7 9 0.091
728 184 7 10 0.091
53 31 5 7 0.091
1002 471 9 12 0.091
467 28 6 7 0.091
271 120 6 7 0.090
157 21 5 6 0.088
131 142 6 9 0.088
822 12 6 8 0.088
79 186 6 8 0.088
550 54 6 8 0.088
798 64 6 7 0.087
480 11 7 8 0.086
220 119 6 8 0.086
289 94 6 7 0.086
659 32 6 8 0.085
656 134 8 10 0.084
812 63 6 8 0.084
279 36 5 7 0.083
1011 145 7 9 0.083
191 33 5 7 0.082
813 226 7 9 0.082
247 6 5 6 0.082
960 22 7 8 0.082
736 26 6 9 0.081
949 185 7 10 0.080
795 65 6 8 0.080
759 185 7 9 0.080
1017 7 6 7 0.079
640 118 7 8 0.079
26 141 6 8 0.079
649 174 8 11 0.079
778 147 7 8 0.078
176 19 5 7 0.078
102 31 5 6 0.078
190 18 5 6 0.077
165 147 6 9 0.077
467 65 6 8 0.077
836 123 6 9 0.076
747 260 9 10 0.076
795 24 6 8 0.076
576 13 7 8 0.075
561 266 8 10 0.075
506 154 7 9 0.074
39 51 5 7 0.074
800 31 6 8 0.074
261 6 6 7 0.074
754 267 8 11 0.074
377 41 6 7 0.072
757 19 7 7 0.072
125 81 5 8 0.072
874 272 8 9 0.072
162 6 6 7 0.072
212 154 6 9 0.071
1013 260 8 12 0.071
104 32 5 7 0.071
801 73 6 9 0.071
339 147 6 8 0.071
212 19 5 7 0.071
64 30 5 6 0.070
896 178 9 11 0.069
701 55 7 10 0.068
819 140 6 8 0.068
621 74 8 9 0.068
358 10 5 6 0.068
1 411 9 14 0.067
1018 36 7 9 0.067
217 171 7 8 0.067
824 31 6 9 0.066
908 583 11 17 0.066
1017 635 7 19 0.066
411 79 6 8 0.066
83 127 6 8 0.066
242 116 6 8 0.066
27 106 6 8 0.066
316 195 7 9 0.066
960 92 8 11 0.066
150 4 5 6 0.065
185 169 7 8 0.065
816 225 7 9 0.064
751 262 8 10 0.064
665 13 6 8 0.064
803 75 6 8 0.064
271 92 6 7 0.064
858 134 8 9 0.064
812 266 8 9 0.063
744 10 6 7 0.063
909 32 6 8 0.063
47 119 6 8 0.063
623 177 7 9 0.062
337 42 5 7 0.062
875 605 10 14 0.062
348 129 8 9 0.061
180 5 6 7 0.061
231 23 5 7 0.061
493 76 6 9 0.060
378 176 6 8 0.060
87 30 6 6 0.060
520 158 7 9 0.060
335 28 6 7 0.060
298 23 5 7 0.059
1018 130 6 10 0.058
37 52 6 7 0.057
139 97 6 8 0.057
587 178 7 10 0.057
996 155 7 10 0.057
449 214 8 10 0.056
938 208 7 10 0.056
388 94 6 8 0.056
228 7 5 6 0.056
389 17 6 8 0.055
141 18 6 6 0.055
610 151 7 9 0.054
676 225 9 11 0.054
538 148 7 10 0.054
772 108 6 9 0.054
971 125 7 9 0.054
867 553 10 13 0.053
870 69 6 8 0.053
195 198 7 9 0.053
128 143 6 8 0.053
293 56 6 7 0.053
462 213 8 10 0.053
404 12 6 7 0.052
610 174 6 9 0.052
100 164 7 9 0.052
374 11 6 7 0.051
60 28 5 6 0.050
179 113 6 7 0.050
944 164 7 9 0.050
557 73 7 8 0.050
336 26 5 7 0.050
283 79 6 7 0.050
999 472 9 14 0.050
869 21 6 8 0.049
182 163 6 9 0.049
580 76 6 8 0.048
593 146 8 10 0.047
390 12 6 7 0.047
348 103 6 8 0.047
384 111 8 10 0.047
862 24 6 8 0.047
317 99 6 7 0.047
825 274 8 10 0.046
795 693 10 15 0.046
1003 195 8 10 0.046
974 228 7 11 0.045
773 107 7 8 0.045
91 22 6 7 0.045
231 7 6 6 0.044
959 25 6 8 0.044
285 74 5 8 0.043
999 314 9 11 0.043
651 27 7 8 0.043
561 6 7 8 0.042
143 34 5 6 0.042
933 187 7 10 0.042
756 272 8 10 0.042
220 133 7 8 0.042
775 601 11 15 0.042
103 9 5 7 0.041
243 34 5 7 0.041
75 12 5 7 0.041
218 118 6 8 0.041
640 70 8 11 0.041
59 75 6 7 0.040
32 126 6 8 0.040
536 9 6 8 0.040
594 54 7 10 0.040
806 13 6 7 0.039
518 91 7 10 0.039
702 83 7 8 0.039
560 184 8 10 0.039
811 573 11 15 0.038
1 6 5 6 0.038
391 175 7 8 0.038
804 147 6 9 0.038
78 183 6 8 0.038
805 183 7 8 0.038
351 8 6 6 0.038
872 272 7 8 0.038
865 20 6 8 0.038
802 67 7 10 0.038
514 32 6 8 0.038
54 519 10 17 0.037
247 153 8 9 0.037
725 8 6 7 0.037
909 73 7 9 0.036
144 114 6 8 0.036
530 4 7 9 0.036
227 183 9 10 0.036
199 119 5 7 0.036
780 175 7 9 0.036
208 151 8 10 0.036
755 27 8 9 0.035
814 552 11 16 0.034
812 568 12 15 0.034
554 17 6 8 0.034
445 93 6 8 0.034
206 62 5 7 0.034
57 56 6 7 0.033
51 140 8 9 0.033
781 177 7 9 0.033
245 190 7 9 0.033
899 431 10 15 0.033
516 21 6 8 0.033
174 104 6 8 0.033
559 8 6 7 0.032
232 68 6 8 0.032
178 89 6 7 0.032
372 131 6 7 0.032
793 128 7 9 0.032
492 33 5 8 0.031
3 408 10 15 0.031
582 16 8 9 0.031
855 125 8 11 0.031
449 8 6 8 0.031
917 32 6 9 0.031
846 267 7 8 0.031
831 164 9 11 0.030
820 270 8 9 0.030
981 268 8 12 0.030
799 16 8 9 0.030
130 160 8 10 0.030
123 192 7 8 0.030
84 51 5 7 0.030
618 21 7 10 0.030
222 49 5 7 0.029
472 48 6 8 0.029
913 13 7 7 0.029
354 10 5 7 0.029
942 611 9 17 0.028
586 266 8 10 0.028
728 57 8 11 0.028
749 93 8 10 0.028
956 558 10 17 0.028
1019 125 6 10 0.028
411 244 6 8 0.028
562 36 6 7 0.028
333 230 7 9 0.028
805 67 8 9 0.027
226 83 8 9 0.027
650 116 6 8 0.027
38 174 6 7 0.027
861 12 6 7 0.026
173 92 6 7 0.026
142 30 5 7 0.026
124 134 6 8 0.026
83 525 9 15 0.026
466 69 6 8 0.026
894 535 9 15 0.026
967 77 7 10 0.025
461 24 7 9 0.025
30 102 7 9 0.025
467 215 8 10 0.025
315 101 7 9 0.025
160 134 8 10 0.024
1006 315 10 13 0.024
774 77 6 8 0.024
456 58 8 10 0.024
401 28 5 8 0.024
294 2 5 6 0.024
762 7 6 7 0.023
777 4 6 7 0.023
778 172 7 9 0.023
230 52 6 7 0.023
857 25 6 8 0.023
364 102 8 10 0.022
770 105 8 10 0.022
748 256 8 10 0.022
492 48 6 8 0.022
751 64 8 9 0.022
996 225 7 11 0.021
598 354 10 12 0.021
794 86 7 9 0.021
767 115 7 9 0.021
205 6 5 6 0.021
667 101 7 9 0.021
801 148 6 9 0.021
807 149 7 9 0.021
351 50 6 7 0.021
329 166 6 8 0.021
874 515 10 15 0.020
406 12 7 9 0.020
514 260 9 10 0.020
642 203 7 9 0.020
526 20 6 8 0.020
196 86 6 8 0.020
983 153 7 9 0.020
221 112 6 8 0.019
495 52 6 8 0.019
511 260 8 9 0.019
778 49 6 8 0.019
943 606 10 18 0.019
806 35 6 8 0.019
683 187 6 9 0.019
358 66 7 9 0.018
41 10 4 6 0.018
958 6 6 7 0.018
525 257 7 9 0.018
292 2 6 6 0.018
1005 343 10 12 0.018
100 172 7 9 0.018
546 28 6 8 0.018
212 77 5 7 0.017
299 194 8 9 0.017
769 107 6 9 0.017
645 201 7 9 0.017
341 94 6 8 0.017
12 5 5 6 0.017
376 25 8 9 0.017
496 38 6 8 0.017
852 91 7 9 0.017
193 196 7 8 0.017
871 11 7 7 0.017
819 135 6 8 0.017
697 149 7 9 0.017
998 313 7 11 0.016
309 74 8 9 0.016
989 153 6 9 0.016
843 9 6 7 0.016
915 584 11 16 0.016
492 42 6 8 0.016
36 165 8 9 0.015
563 41 8 10 0.015
734 211 7 10 0.015
199 195 6 9 0.015
434 48 5 9 0.015
378 132 6 8 0.015
760 272 8 10 0.015
556 707 101 62 0.015
378 163 6 9 0.015
36 48 5 7 0.015
679 195 7 9 0.015
393 60 8 10 0.014
905 120 7 9 0.014
295 20 5 6 0.014
883 74 6 8 0.014
104 89 8 10 0.014
872 510 10 16 0.014
951 711 10 17 0.014
402 119 6 8 0.014
900 539 9 14 0.014
736 264 8 10 0.014
779 190 7 10 0.014
866 17 7 10 0.013
84 184 6 8 0.013
358 172 7 9 0.013
986 486 10 15 0.013
801 122 6 8 0.013
685 186 6 8 0.013
308 61 5 8 0.013
871 493 10 14 0.013
760 609 12 18 0.013
384 35 8 9 0.013
342 77 8 10 0.013
778 603 12 15 0.013
423 18 8 9 0.013
353 38 7 9 0.013
951 240 8 10 0.013
607 465 10 15 0.012
65 95 7 9 0.012
1013 483 8 13 0.012
986 478 8 14 0.012
456 193 6 9 0.012
14 573 10 15 0.012
976 272 9 11 0.012
316 9 5 6 0.012
766 607 12 16 0.011
267 73 8 9 0.011
257 34 6 7 0.011
806 580 11 13 0.011
39 3 5 6 0.011
878 16 6 7 0.011
459 185 6 9 0.011
207 198 7 8 0.011
757 613 12 17 0.011
780 42 6 9 0.011
419 726 17 19 0.011
77 567 10 16 0.011
257 31 5 7 0.011
885 74 6 9 0.010
908 590 10 15 0.010
952 563 9 15 0.010
750 134 6 9 0.010
742 179 6 9 0.010
498 643 17 19 0.010
