35_Basketball_playingbasketball_35_606
81
381 192 25 29 0.784
27 381 16 18 0.692
197 201 22 31 0.689
79 388 17 19 0.648
243 404 11 15 0.574
890 393 12 14 0.470
838 404 9 11 0.403
951 381 14 15 0.395
292 451 6 8 0.347
782 415 9 10 0.338
434 425 5 7 0.276
697 423 6 8 0.243
851 431 7 8 0.181
341 400 11 13 0.162
460 426 6 7 0.162
914 443 7 8 0.150
798 400 8 10 0.128
808 413 8 10 0.122
618 424 6 7 0.121
575 424 6 8 0.120
363 425 6 8 0.104
984 439 8 10 0.100
658 423 6 7 0.094
957 381 12 14 0.094
305 426 6 8 0.088
267 425 5 7 0.083
499 424 6 7 0.082
398 441 5 6 0.078
800 404 9 11 0.074
945 382 13 15 0.066
999 440 7 8 0.066
222 426 8 9 0.065
655 423 6 8 0.062
810 412 9 10 0.054
543 424 6 7 0.052
431 424 6 7 0.052
460 421 5 8 0.051
2 409 13 17 0.051
986 438 10 11 0.048
214 421 6 10 0.047
290 452 6 7 0.046
576 427 5 6 0.045
220 424 8 10 0.043
458 417 6 7 0.040
360 425 6 8 0.039
216 421 7 11 0.033
801 402 9 10 0.032
777 403 7 9 0.029
269 427 6 6 0.027
0 436 5 19 0.027
540 424 5 7 0.025
435 459 5 5 0.025
789 400 8 10 0.025
601 441 6 6 0.025
289 442 6 8 0.024
656 426 6 8 0.024
306 423 7 9 0.023
285 431 5 6 0.022
884 387 11 15 0.021
694 423 6 7 0.020
341 392 13 15 0.018
911 442 7 9 0.018
244 444 6 7 0.018
572 423 6 7 0.017
434 428 5 7 0.017
211 419 8 11 0.017
261 427 6 7 0.017
456 427 5 6 0.016
782 419 9 9 0.016
870 395 9 13 0.016
831 392 6 9 0.015
330 458 6 7 0.015
872 390 10 15 0.015
1019 376 5 15 0.014
499 427 6 6 0.014
941 383 12 14 0.014
979 438 9 10 0.013
302 423 6 8 0.012
774 401 8 10 0.011
892 398 11 13 0.010
230 260 8 11 0.010
