35_Basketball_basketballgame_ball_35_178
340
197 470 21 24 0.779
839 187 26 37 0.762
84 392 28 34 0.751
455 383 29 33 0.748
690 386 27 26 0.712
303 486 18 22 0.653
568 261 30 30 0.650
27 674 7 9 0.316
13 659 7 8 0.300
120 675 6 7 0.277
46 666 6 8 0.253
883 675 6 7 0.217
845 671 5 6 0.209
582 238 14 17 0.187
541 697 5 6 0.185
56 660 7 8 0.174
797 684 5 6 0.161
33 657 6 8 0.159
744 691 5 6 0.147
915 672 5 6 0.145
832 679 6 6 0.144
812 681 5 5 0.142
227 686 6 6 0.142
664 692 5 6 0.140
327 692 5 6 0.138
760 703 5 6 0.125
761 692 5 6 0.121
263 506 15 20 0.120
934 669 5 6 0.119
861 676 5 6 0.114
73 664 6 8 0.111
795 684 5 6 0.110
660 704 5 7 0.106
831 680 5 6 0.104
79 665 5 7 0.103
325 705 4 6 0.102
478 689 5 6 0.099
289 702 5 6 0.096
66 662 7 8 0.096
719 690 5 6 0.093
322 704 5 7 0.093
834 648 4 6 0.092
83 666 6 7 0.092
113 669 6 8 0.088
353 692 5 5 0.088
552 688 5 6 0.082
494 704 5 6 0.082
650 694 5 6 0.077
422 692 4 6 0.076
526 384 29 31 0.074
602 701 4 6 0.074
680 693 5 6 0.073
757 705 6 6 0.073
48 634 5 7 0.071
124 675 5 7 0.070
20 649 6 7 0.068
534 681 4 6 0.066
826 679 5 7 0.066
38 659 6 9 0.065
862 656 5 6 0.065
222 597 5 7 0.064
620 693 4 6 0.063
864 655 5 6 0.063
339 702 4 6 0.062
900 676 6 6 0.060
757 663 5 6 0.060
76 664 8 9 0.060
874 677 6 7 0.057
219 697 6 7 0.057
959 667 5 6 0.057
225 688 6 6 0.057
1015 664 6 7 0.056
791 671 4 6 0.056
349 671 5 6 0.055
945 648 5 6 0.055
230 687 5 7 0.054
603 699 4 6 0.053
766 681 4 6 0.051
505 679 5 6 0.051
354 702 5 6 0.050
371 701 5 6 0.049
811 649 4 5 0.047
902 664 4 6 0.047
654 691 5 6 0.047
490 689 5 6 0.046
634 691 4 6 0.046
1010 647 5 5 0.046
370 694 5 6 0.046
592 671 4 6 0.045
733 659 5 5 0.044
949 665 6 7 0.044
260 661 5 7 0.044
533 680 5 6 0.044
111 666 5 7 0.043
810 647 5 6 0.043
601 681 5 6 0.043
147 605 5 5 0.043
361 674 4 6 0.042
923 684 6 7 0.042
135 672 5 6 0.042
220 597 5 7 0.041
129 674 6 7 0.041
901 674 5 6 0.040
44 650 6 7 0.040
603 678 5 6 0.040
731 657 5 6 0.040
500 691 5 6 0.040
928 674 5 7 0.039
147 693 5 6 0.039
832 685 5 6 0.038
989 652 4 6 0.038
976 665 5 6 0.038
785 690 5 6 0.038
993 627 4 6 0.038
131 665 5 6 0.038
471 671 4 6 0.038
947 648 5 6 0.037
404 688 5 6 0.037
291 701 5 6 0.037
868 703 5 7 0.037
730 700 6 6 0.036
435 692 5 6 0.036
460 696 4 6 0.036
225 597 5 6 0.036
983 635 4 5 0.036
747 664 5 6 0.036
567 694 5 6 0.036
503 678 4 6 0.035
830 647 4 6 0.035
326 667 4 6 0.035
357 653 5 5 0.035
576 693 5 6 0.034
489 690 5 6 0.034
792 710 5 6 0.034
237 682 5 7 0.034
960 654 5 6 0.034
723 701 5 6 0.034
347 671 5 6 0.034
951 663 5 7 0.033
396 701 5 6 0.033
784 713 5 6 0.032
925 658 5 6 0.031
990 651 4 6 0.031
405 690 4 6 0.031
430 707 5 6 0.031
27 646 6 7 0.030
1012 679 5 6 0.030
592 696 5 6 0.030
695 691 5 6 0.030
465 699 5 6 0.030
620 696 5 6 0.029
563 670 5 6 0.029
465 696 6 6 0.029
675 645 5 6 0.029
812 685 5 6 0.029
107 689 6 8 0.028
567 700 5 6 0.028
921 657 5 6 0.028
975 650 5 6 0.028
619 675 4 6 0.028
203 682 6 7 0.028
785 660 5 6 0.028
935 656 5 6 0.027
85 660 5 7 0.027
436 689 5 6 0.027
359 652 4 6 0.027
506 667 4 6 0.027
279 678 4 6 0.027
135 693 5 6 0.027
632 697 5 6 0.026
1014 678 5 7 0.026
843 648 5 6 0.026
824 649 5 5 0.026
31 673 6 9 0.026
145 603 4 6 0.026
794 648 5 5 0.025
143 693 6 7 0.025
1013 666 6 6 0.025
31 640 6 7 0.024
693 745 7 9 0.024
144 605 5 6 0.024
310 699 5 7 0.024
632 694 5 6 0.024
146 689 6 8 0.024
794 710 5 6 0.024
598 703 5 5 0.024
451 679 5 6 0.023
692 694 5 6 0.023
792 647 4 5 0.023
121 664 5 6 0.023
372 691 4 6 0.023
565 670 5 6 0.023
667 673 4 6 0.022
118 672 7 9 0.022
414 700 5 5 0.022
544 748 6 8 0.022
900 627 4 5 0.021
926 653 5 6 0.021
137 604 5 6 0.021
578 671 5 6 0.021
430 673 5 6 0.021
427 673 5 6 0.021
996 628 4 6 0.021
621 688 4 6 0.020
730 643 5 6 0.020
323 667 5 7 0.020
696 745 6 8 0.020
678 658 5 6 0.020
985 654 5 6 0.020
787 711 5 6 0.020
153 625 4 5 0.020
282 677 4 6 0.020
393 702 5 6 0.020
568 624 5 6 0.020
385 683 5 6 0.020
451 681 5 6 0.020
386 697 5 6 0.020
685 698 5 6 0.019
595 710 5 6 0.019
15 664 5 8 0.019
914 627 4 6 0.019
74 647 6 7 0.019
333 655 4 6 0.019
465 691 5 7 0.018
237 680 4 6 0.018
81 669 6 8 0.018
713 690 4 5 0.018
600 644 4 5 0.018
295 721 5 5 0.018
786 634 4 6 0.018
238 690 5 7 0.018
572 633 5 6 0.018
852 635 4 6 0.018
649 697 5 6 0.018
145 626 5 5 0.017
582 651 4 6 0.017
456 698 5 5 0.017
843 669 7 9 0.017
186 685 6 7 0.017
795 653 5 6 0.017
568 690 4 6 0.017
771 647 4 6 0.017
72 692 7 8 0.017
845 650 4 6 0.017
578 690 5 5 0.017
986 634 5 5 0.017
647 689 5 6 0.016
1013 604 5 5 0.016
799 611 5 6 0.016
401 231 17 19 0.016
13 678 6 7 0.016
29 691 7 8 0.016
389 647 5 5 0.016
411 687 4 6 0.016
184 689 5 7 0.016
934 669 8 8 0.015
219 600 5 6 0.015
928 623 5 5 0.015
197 674 6 7 0.015
774 677 5 6 0.015
89 670 6 8 0.015
361 673 5 5 0.015
117 621 5 6 0.015
132 584 5 6 0.015
771 660 5 6 0.015
912 671 8 9 0.015
207 649 5 6 0.015
72 644 6 6 0.015
746 645 5 5 0.014
579 267 29 27 0.014
578 703 5 6 0.014
949 620 5 5 0.014
761 636 4 5 0.014
838 632 4 6 0.014
152 674 5 6 0.014
325 710 5 7 0.014
375 664 4 5 0.014
642 671 4 5 0.014
145 695 6 7 0.014
337 687 5 6 0.014
856 635 5 5 0.014
633 674 4 5 0.014
664 672 5 6 0.014
734 687 5 6 0.014
390 668 4 6 0.014
412 676 5 5 0.014
201 676 5 7 0.014
822 638 4 6 0.013
599 643 4 5 0.013
360 583 5 5 0.013
673 645 4 5 0.013
747 659 4 6 0.013
974 617 4 6 0.013
731 640 5 6 0.013
804 627 5 6 0.013
277 678 4 6 0.013
543 664 4 6 0.013
581 655 5 6 0.013
258 665 6 8 0.013
885 634 5 6 0.013
491 676 5 6 0.013
334 652 4 6 0.012
104 690 6 8 0.012
198 685 5 7 0.012
630 651 5 6 0.012
823 686 5 6 0.012
472 705 5 6 0.012
503 679 5 7 0.012
213 638 5 5 0.012
619 658 5 6 0.012
180 695 5 6 0.012
756 709 6 7 0.012
919 671 9 9 0.012
948 621 5 6 0.012
551 650 5 6 0.011
746 636 4 6 0.011
352 649 5 6 0.011
111 684 6 8 0.011
883 672 8 9 0.011
50 644 6 7 0.011
983 665 5 6 0.011
961 670 5 6 0.011
544 667 5 6 0.011
181 699 6 7 0.011
860 627 5 5 0.011
559 703 6 6 0.011
119 605 5 5 0.011
631 656 4 5 0.011
914 686 5 7 0.011
258 660 5 7 0.011
520 555 7 10 0.010
730 625 5 6 0.010
691 702 5 6 0.010
228 597 5 6 0.010
729 628 4 6 0.010
761 641 5 6 0.010
838 628 5 5 0.010
877 691 5 6 0.010
1011 631 5 5 0.010
206 648 5 5 0.010
