35_Basketball_basketballgame_ball_35_689
339
524 207 12 15 0.711
316 315 18 23 0.706
207 255 16 17 0.693
383 140 10 13 0.686
665 226 13 16 0.679
137 137 10 14 0.675
314 130 11 14 0.673
871 199 12 15 0.672
576 93 11 14 0.666
342 137 11 14 0.664
413 108 10 14 0.662
475 144 11 15 0.662
582 64 11 15 0.662
284 132 10 13 0.661
689 236 12 16 0.659
548 130 10 13 0.659
68 147 11 15 0.657
421 202 11 15 0.657
656 70 11 14 0.655
551 94 10 13 0.653
391 49 10 13 0.652
175 113 11 14 0.650
448 177 11 15 0.650
515 189 10 15 0.650
553 216 12 14 0.649
624 316 15 20 0.649
579 132 11 14 0.647
123 195 11 13 0.646
807 155 12 16 0.646
411 142 11 13 0.646
519 2 10 13 0.645
926 168 11 14 0.645
521 91 10 14 0.645
29 145 11 14 0.644
449 202 12 15 0.642
581 193 12 16 0.642
959 190 11 14 0.641
394 79 9 13 0.641
938 71 11 14 0.641
237 90 11 14 0.641
722 183 12 14 0.641
371 16 10 12 0.639
699 21 11 13 0.639
707 57 10 13 0.639
323 99 11 14 0.639
96 152 12 15 0.639
469 219 12 14 0.639
74 128 11 13 0.636
591 217 12 17 0.636
395 23 10 13 0.634
22 122 11 14 0.634
802 88 11 14 0.634
353 103 10 14 0.634
393 190 12 14 0.634
480 116 11 15 0.634
654 105 10 13 0.633
882 174 11 14 0.633
369 78 9 12 0.632
184 154 11 13 0.632
802 203 12 15 0.629
422 174 11 13 0.628
173 0 10 12 0.627
653 202 12 15 0.627
55 99 10 12 0.626
219 121 10 13 0.626
616 71 11 14 0.625
297 98 10 13 0.624
153 48 11 14 0.624
50 126 10 13 0.622
206 3 9 13 0.621
437 24 10 13 0.621
552 196 11 14 0.621
35 65 10 13 0.619
270 97 9 12 0.619
61 68 10 13 0.618
78 44 9 11 0.617
996 280 11 14 0.617
552 11 10 12 0.617
425 51 10 13 0.617
985 107 11 14 0.616
462 24 10 13 0.615
946 140 11 15 0.615
556 162 11 13 0.615
241 124 11 14 0.614
490 87 11 13 0.613
624 103 10 13 0.613
436 143 10 14 0.612
50 40 9 13 0.612
311 40 10 14 0.610
932 38 10 14 0.610
987 141 12 15 0.610
742 18 10 13 0.609
230 1 10 13 0.609
300 11 10 14 0.609
212 85 10 14 0.607
970 38 11 14 0.607
518 64 10 14 0.606
824 63 10 14 0.605
671 368 16 19 0.605
725 144 11 14 0.603
452 113 12 15 0.603
295 69 11 13 0.602
675 46 10 13 0.600
630 200 11 14 0.598
652 18 10 12 0.597
549 303 15 18 0.596
615 133 11 13 0.595
486 53 10 13 0.593
462 55 10 12 0.591
333 67 10 13 0.591
236 153 10 14 0.589
99 44 10 13 0.585
145 88 10 13 0.584
444 81 10 14 0.579
684 79 11 13 0.577
965 227 11 14 0.577
830 95 10 13 0.576
928 9 10 14 0.575
19 94 10 13 0.575
509 159 10 12 0.572
542 43 10 12 0.572
995 21 10 12 0.570
246 60 10 13 0.570
649 44 10 12 0.570
699 172 11 15 0.569
870 130 11 14 0.568
84 17 9 12 0.568
352 16 10 13 0.559
424 88 9 12 0.559
360 56 9 12 0.558
116 22 9 11 0.554
146 19 9 12 0.554
659 169 11 14 0.554
543 68 10 13 0.554
270 65 9 12 0.552
82 102 10 13 0.548
64 16 9 11 0.547
939 112 11 14 0.545
909 97 12 15 0.536
119 71 10 13 0.531
894 77 10 12 0.525
99 134 10 13 0.522
614 11 10 12 0.509
514 32 10 12 0.506
517 132 9 11 0.505
4 16 8 11 0.503
270 46 11 13 0.503
272 164 11 13 0.492
203 118 10 13 0.492
188 29 9 13 0.485
0 88 6 14 0.485
772 145 11 14 0.485
6 70 9 12 0.472
953 18 10 12 0.470
894 44 10 12 0.469
601 230 12 15 0.468
129 53 9 12 0.467
385 113 11 13 0.467
334 52 9 12 0.459
953 275 12 14 0.457
595 13 9 13 0.448
403 0 9 7 0.438
499 35 9 12 0.436
489 187 11 14 0.435
1018 45 6 16 0.416
677 23 8 11 0.404
769 185 11 13 0.400
578 43 9 13 0.375
939 209 10 14 0.360
976 79 9 12 0.340
103 0 9 7 0.325
776 0 11 7 0.300
839 136 11 14 0.283
1008 0 8 8 0.273
898 132 10 15 0.258
26 129 11 14 0.253
0 124 5 14 0.239
340 177 13 16 0.231
209 3 10 12 0.204
475 2 9 12 0.201
479 1 10 12 0.200
227 54 9 13 0.197
336 180 13 16 0.190
768 112 10 12 0.184
340 170 14 17 0.183
347 369 16 21 0.168
654 99 11 15 0.167
120 22 9 11 0.164
142 75 9 12 0.151
437 82 10 13 0.150
293 99 10 12 0.147
580 319 14 18 0.143
573 173 12 14 0.142
909 719 18 23 0.138
973 79 9 13 0.135
0 154 6 13 0.129
341 183 13 15 0.124
711 0 10 7 0.119
515 195 12 16 0.117
917 127 10 15 0.115
770 189 10 14 0.112
673 148 10 13 0.109
82 130 11 14 0.101
903 157 11 14 0.099
224 54 9 13 0.096
432 59 11 13 0.090
770 210 11 15 0.089
95 46 10 12 0.086
956 272 12 14 0.076
949 140 11 14 0.073
525 142 9 13 0.069
240 57 11 14 0.065
491 169 10 13 0.065
490 193 10 13 0.065
652 0 7 6 0.063
382 168 10 12 0.060
741 -1 7 5 0.058
461 387 16 22 0.056
691 584 22 24 0.056
54 106 11 14 0.055
485 2 9 12 0.055
655 16 10 13 0.054
238 154 11 15 0.051
617 137 10 13 0.051
817 0 10 4 0.050
4 12 9 12 0.049
632 8 9 13 0.049
338 167 11 16 0.045
752 78 10 14 0.042
779 0 11 10 0.041
332 180 11 16 0.039
86 100 10 13 0.039
896 136 9 14 0.039
900 136 10 14 0.039
647 190 11 13 0.038
499 73 9 12 0.037
938 214 10 13 0.036
280 29 9 12 0.036
129 23 8 11 0.036
719 41 9 12 0.033
621 166 10 14 0.033
821 212 11 13 0.033
721 107 9 12 0.033
107 0 8 8 0.032
407 190 11 13 0.031
915 724 19 21 0.031
1018 80 6 15 0.030
369 -3 7 8 0.030
862 275 11 13 0.030
619 10 10 13 0.029
724 222 11 15 0.029
835 94 11 13 0.029
28 149 10 13 0.029
146 75 9 13 0.028
726 101 10 13 0.028
599 15 10 13 0.027
872 125 11 15 0.027
908 103 11 14 0.027
793 225 11 15 0.026
730 97 9 12 0.026
653 251 13 16 0.025
995 232 11 14 0.025
389 170 10 12 0.025
767 207 11 15 0.024
1018 333 6 16 0.024
72 90 9 12 0.024
1 147 6 16 0.024
506 141 9 13 0.024
721 221 11 13 0.024
134 1 8 7 0.023
829 62 10 13 0.023
920 129 10 14 0.023
21 39 9 11 0.023
26 144 10 14 0.023
686 128 10 13 0.022
83 72 8 12 0.022
598 11 10 13 0.020
49 -1 8 5 0.020
114 97 9 13 0.020
614 68 10 13 0.020
871 193 12 15 0.019
693 376 15 16 0.019
641 146 9 13 0.019
1001 280 10 13 0.019
696 378 16 17 0.018
86 104 9 13 0.018
563 0 8 10 0.018
613 37 10 12 0.018
892 46 11 14 0.018
721 40 10 12 0.018
688 372 15 17 0.018
113 72 10 13 0.017
862 14 11 13 0.017
426 171 9 12 0.017
456 113 11 14 0.017
720 227 12 14 0.017
112 100 10 12 0.017
542 8 7 11 0.016
709 219 12 13 0.016
902 63 10 13 0.016
521 62 10 14 0.016
869 0 11 7 0.015
45 0 8 5 0.015
456 1 9 9 0.015
608 35 10 12 0.015
962 84 9 13 0.014
619 37 9 12 0.014
574 116 9 13 0.014
618 169 10 13 0.014
998 230 11 16 0.014
842 117 10 13 0.014
643 2 9 9 0.013
245 124 11 14 0.013
850 254 10 14 0.013
723 292 11 14 0.013
723 111 9 13 0.013
919 124 10 14 0.013
8 155 9 11 0.013
486 182 11 15 0.012
863 0 11 8 0.012
937 116 11 14 0.012
934 191 10 15 0.012
704 58 10 13 0.012
770 176 11 15 0.012
308 41 10 13 0.012
530 139 9 13 0.012
570 3 8 9 0.011
804 245 11 16 0.011
918 203 10 14 0.011
894 68 9 12 0.011
992 279 11 14 0.011
619 163 10 13 0.011
307 186 11 15 0.011
356 98 10 14 0.011
982 79 8 13 0.011
428 153 10 13 0.011
303 168 11 14 0.011
912 94 11 15 0.010
788 3 10 8 0.010
