35_Basketball_Basketball_35_457
248
606 143 41 47 0.767
939 319 14 16 0.591
408 335 10 12 0.563
750 207 58 51 0.526
377 326 10 13 0.394
247 390 7 9 0.383
159 372 6 7 0.379
129 370 6 8 0.362
12 357 6 8 0.347
213 358 6 8 0.333
195 370 6 7 0.321
142 337 6 7 0.309
154 351 6 7 0.298
82 310 7 7 0.295
83 346 6 8 0.284
305 364 6 8 0.283
282 375 7 8 0.268
178 339 5 7 0.265
121 353 6 7 0.257
52 381 7 9 0.243
44 348 6 7 0.236
270 364 6 6 0.230
292 330 5 7 0.230
120 352 6 7 0.202
88 360 6 8 0.201
37 302 6 7 0.195
41 362 7 9 0.192
206 341 6 6 0.173
217 321 5 6 0.172
170 387 6 8 0.164
209 386 7 9 0.157
644 384 5 6 0.153
192 317 5 7 0.150
86 361 6 8 0.149
167 316 5 7 0.143
235 350 5 7 0.138
136 385 6 9 0.137
213 385 7 8 0.135
626 389 5 6 0.132
102 308 5 6 0.131
262 382 7 7 0.131
65 305 6 7 0.127
179 298 5 6 0.121
116 336 5 6 0.120
216 358 5 8 0.118
129 304 5 6 0.117
518 390 5 6 0.114
118 351 6 8 0.111
287 376 6 8 0.111
95 379 7 8 0.105
114 334 5 7 0.100
156 372 6 8 0.096
500 394 4 6 0.093
235 315 5 6 0.092
201 302 5 6 0.088
173 381 6 8 0.084
0 351 6 8 0.083
96 291 6 7 0.083
42 332 6 7 0.082
157 300 6 7 0.081
2 330 6 8 0.078
22 249 5 6 0.078
174 406 7 8 0.078
290 332 6 8 0.077
44 331 5 8 0.076
216 406 8 8 0.075
724 396 5 6 0.074
360 323 8 12 0.073
130 305 5 7 0.073
293 332 5 7 0.071
520 391 5 6 0.071
160 340 5 7 0.070
953 299 9 12 0.070
269 314 6 6 0.069
225 302 5 6 0.067
130 302 5 7 0.067
117 270 5 6 0.066
258 332 5 6 0.062
624 389 4 7 0.060
168 388 6 9 0.060
79 346 6 8 0.060
378 347 8 10 0.060
333 335 5 6 0.059
271 313 5 6 0.059
177 298 5 6 0.058
426 349 6 7 0.058
24 328 6 7 0.058
253 371 6 7 0.057
378 332 8 13 0.053
186 357 5 6 0.053
19 198 6 6 0.053
487 364 5 6 0.053
116 269 5 6 0.050
306 364 7 9 0.050
40 351 7 9 0.050
34 302 6 7 0.049
454 394 5 6 0.049
328 382 6 7 0.048
334 363 6 8 0.046
44 363 6 8 0.046
25 327 6 7 0.045
239 349 5 7 0.045
206 388 7 9 0.045
152 301 5 6 0.044
172 387 6 9 0.043
5 199 5 7 0.043
381 348 6 9 0.042
191 279 5 6 0.041
249 345 5 7 0.041
451 358 5 6 0.040
74 383 6 7 0.040
456 394 4 5 0.039
112 334 5 7 0.039
71 273 5 7 0.039
141 245 5 5 0.038
173 402 8 10 0.037
382 379 6 8 0.037
874 444 7 8 0.036
60 421 8 9 0.036
615 381 5 6 0.035
492 380 5 6 0.035
284 364 5 7 0.034
28 210 5 6 0.034
94 288 6 7 0.034
177 334 5 8 0.033
536 381 4 6 0.033
83 257 5 7 0.032
250 321 5 6 0.032
357 323 7 9 0.032
253 325 5 7 0.032
534 390 5 6 0.031
1 417 7 10 0.031
173 407 7 10 0.031
382 346 7 9 0.031
52 245 5 7 0.029
865 398 5 6 0.029
501 396 4 5 0.029
415 425 6 6 0.029
331 357 6 7 0.029
477 385 5 6 0.029
40 347 7 8 0.028
8 357 7 8 0.028
171 399 8 11 0.028
58 257 5 6 0.027
996 327 5 5 0.027
168 300 5 6 0.027
236 284 4 6 0.026
608 399 4 6 0.026
155 257 4 6 0.026
315 336 5 6 0.026
293 329 6 6 0.026
213 417 7 9 0.025
641 399 5 6 0.025
628 378 5 6 0.025
928 396 6 6 0.025
26 226 5 6 0.025
266 302 5 6 0.025
323 340 5 6 0.025
606 400 5 6 0.025
877 397 5 6 0.025
236 320 5 6 0.025
259 349 6 7 0.024
43 344 7 10 0.024
492 401 4 5 0.024
383 376 6 8 0.023
44 398 7 8 0.023
210 340 5 7 0.023
51 248 5 6 0.022
310 340 5 6 0.022
290 394 6 7 0.022
462 375 4 6 0.022
51 227 5 6 0.021
603 403 5 6 0.021
149 299 5 7 0.021
381 326 8 11 0.021
24 249 5 7 0.021
541 405 5 6 0.021
392 390 5 7 0.020
336 315 5 5 0.020
434 328 5 6 0.020
436 388 5 5 0.020
141 283 4 6 0.020
1 328 6 7 0.020
465 397 5 6 0.019
613 398 5 6 0.019
879 397 5 6 0.019
1019 308 4 8 0.019
84 257 5 6 0.018
109 408 7 8 0.018
62 420 9 10 0.018
618 378 4 6 0.018
461 376 4 6 0.018
882 469 10 12 0.017
480 353 5 6 0.017
886 362 6 7 0.017
211 420 8 9 0.017
886 398 5 6 0.017
116 232 5 5 0.017
109 260 5 5 0.017
71 383 7 8 0.016
129 254 5 6 0.016
882 327 7 9 0.016
185 270 4 6 0.016
94 381 7 8 0.016
874 383 5 5 0.016
922 316 7 10 0.015
427 386 5 7 0.015
456 388 4 6 0.015
16 397 7 8 0.015
113 230 5 7 0.015
420 383 6 7 0.015
339 365 6 8 0.014
166 275 5 6 0.014
19 395 7 9 0.014
281 325 5 6 0.014
122 300 5 7 0.014
167 272 4 6 0.014
38 187 5 6 0.013
77 386 7 9 0.013
307 370 5 8 0.013
222 406 7 9 0.013
426 376 5 7 0.013
80 306 8 9 0.013
358 319 9 11 0.013
123 310 5 6 0.013
8 243 5 6 0.012
12 228 5 6 0.012
204 301 5 6 0.012
355 320 6 7 0.012
13 396 6 8 0.012
921 395 5 6 0.012
497 385 5 6 0.012
440 398 5 6 0.012
995 327 4 6 0.012
160 403 6 7 0.012
192 276 5 6 0.011
331 382 6 8 0.011
167 274 5 6 0.011
264 280 5 6 0.011
1010 392 5 5 0.011
649 390 4 6 0.011
719 394 5 7 0.011
262 345 6 7 0.011
211 281 5 6 0.011
933 396 5 7 0.011
864 317 5 7 0.010
85 229 4 5 0.010
133 389 8 9 0.010
