35_Basketball_Basketball_35_107
262
416 60 130 179 0.889
43 204 76 111 0.850
995 479 29 86 0.801
933 441 33 40 0.759
691 546 49 49 0.748
608 517 37 53 0.742
948 370 28 35 0.738
666 444 30 37 0.730
853 302 22 27 0.712
817 408 25 29 0.705
735 349 21 26 0.699
745 479 31 42 0.686
850 386 28 33 0.679
725 231 21 27 0.676
165 287 19 22 0.673
747 379 23 26 0.672
619 451 29 36 0.660
201 328 18 21 0.659
916 120 19 23 0.655
952 502 34 43 0.654
263 167 14 19 0.650
228 357 22 25 0.646
614 107 16 20 0.644
166 71 14 18 0.641
312 164 14 19 0.639
686 202 19 23 0.634
857 353 22 28 0.619
788 348 19 24 0.617
848 134 16 20 0.614
1006 343 17 26 0.610
774 94 17 20 0.609
785 160 16 21 0.609
221 68 14 18 0.607
746 9 14 17 0.605
232 118 16 20 0.604
893 378 27 33 0.603
320 64 15 20 0.600
629 79 14 19 0.598
260 30 14 19 0.596
683 78 15 19 0.595
817 92 15 20 0.595
337 123 15 20 0.588
797 389 20 26 0.586
144 42 12 17 0.583
389 29 14 19 0.582
743 44 15 19 0.577
880 91 15 20 0.577
679 507 37 45 0.574
292 121 14 18 0.574
676 14 14 20 0.555
272 68 14 16 0.552
298 10 13 19 0.548
1005 102 18 23 0.548
291 40 14 17 0.547
98 158 17 18 0.547
199 42 13 18 0.543
335 28 14 18 0.540
780 222 19 24 0.533
365 91 16 21 0.532
980 152 15 18 0.512
193 22 13 16 0.509
787 9 15 18 0.507
272 2 13 16 0.489
817 336 22 25 0.488
748 75 15 17 0.483
3 172 15 17 0.476
585 26 15 20 0.468
212 101 15 17 0.463
708 359 17 24 0.458
23 2 13 15 0.452
319 96 14 17 0.439
589 0 15 13 0.423
870 217 18 24 0.408
635 23 15 20 0.373
928 33 15 19 0.370
881 140 14 17 0.354
922 361 21 27 0.354
1006 382 17 24 0.345
907 56 15 18 0.312
703 52 13 19 0.295
1017 437 14 30 0.295
769 361 18 21 0.294
122 202 13 15 0.286
816 128 14 16 0.265
232 425 20 26 0.260
836 221 17 22 0.250
547 110 14 20 0.247
154 9 12 17 0.246
868 64 16 19 0.230
303 240 18 21 0.227
746 148 15 18 0.219
720 1 13 14 0.212
949 1 16 14 0.205
739 194 16 20 0.204
866 128 13 18 0.203
748 102 16 19 0.199
139 252 14 20 0.188
814 149 16 19 0.186
371 137 15 18 0.184
679 99 15 19 0.172
248 99 14 17 0.162
241 91 12 17 0.158
622 254 18 25 0.154
550 0 13 9 0.152
72 165 14 17 0.151
195 0 12 11 0.147
989 0 13 14 0.145
719 85 13 16 0.143
759 368 21 24 0.142
114 46 12 14 0.142
396 172 13 16 0.140
798 1 14 13 0.136
380 74 12 16 0.135
402 116 14 21 0.133
199 487 21 31 0.132
881 345 18 23 0.125
914 357 21 27 0.124
801 185 16 20 0.121
777 141 16 18 0.121
929 363 20 27 0.117
912 421 23 28 0.111
201 195 13 17 0.107
180 8 14 14 0.105
649 116 12 16 0.103
967 16 16 20 0.096
37 173 14 17 0.091
224 183 16 18 0.091
742 52 15 20 0.090
913 337 19 21 0.089
775 380 21 24 0.089
959 352 19 23 0.088
782 151 17 21 0.088
1009 15 12 16 0.085
972 131 14 18 0.085
333 31 13 18 0.081
377 132 15 20 0.076
356 123 14 17 0.073
838 215 17 22 0.072
231 0 13 10 0.071
579 32 15 20 0.067
308 139 13 18 0.067
976 143 15 19 0.067
286 199 15 17 0.066
113 24 12 16 0.064
118 202 14 18 0.064
830 224 18 22 0.064
281 201 16 18 0.063
1012 433 13 31 0.060
752 73 15 18 0.060
244 119 14 17 0.059
686 94 16 18 0.058
874 134 13 17 0.057
633 19 14 18 0.057
691 10 13 18 0.056
839 338 18 25 0.056
113 36 12 17 0.055
912 168 12 16 0.053
643 144 15 20 0.052
259 89 13 18 0.052
184 58 12 16 0.052
870 57 16 19 0.052
773 399 22 29 0.051
311 117 14 19 0.051
1008 390 16 30 0.049
103 160 15 17 0.048
240 202 13 16 0.046
1008 136 14 18 0.044
838 207 15 20 0.043
871 110 14 18 0.042
621 59 14 19 0.042
684 102 15 19 0.042
638 19 14 19 0.041
203 103 13 16 0.041
811 144 14 20 0.040
864 71 15 18 0.037
728 450 24 29 0.035
840 388 25 30 0.034
1000 8 15 18 0.034
96 164 17 17 0.033
109 30 13 17 0.033
972 456 20 27 0.032
7 91 12 15 0.032
783 1 15 15 0.032
548 1 13 14 0.030
841 60 16 20 0.030
867 208 18 24 0.029
726 151 14 17 0.028
993 3 13 15 0.028
232 416 19 25 0.028
718 352 19 26 0.027
627 257 18 24 0.026
399 73 12 21 0.025
730 125 14 18 0.025
875 334 18 23 0.025
134 263 13 17 0.025
309 49 13 17 0.025
673 12 13 19 0.024
351 54 14 18 0.024
759 0 12 12 0.024
190 486 23 31 0.024
178 145 12 16 0.024
596 460 27 35 0.023
659 252 18 21 0.023
121 16 12 16 0.023
1 522 18 32 0.023
545 101 16 38 0.022
962 19 17 21 0.022
802 110 12 17 0.022
913 439 22 30 0.022
132 11 13 15 0.021
889 0 15 14 0.021
876 57 15 18 0.021
70 170 16 18 0.021
621 245 17 25 0.020
227 9 13 17 0.020
1000 391 18 26 0.020
340 40 14 18 0.020
810 330 19 23 0.020
700 362 19 26 0.020
734 3 13 16 0.019
936 462 37 52 0.019
646 -1 13 8 0.018
238 415 20 27 0.017
388 71 12 18 0.017
403 56 14 23 0.016
347 54 14 19 0.016
254 102 12 17 0.016
880 352 21 26 0.016
336 197 16 21 0.016
401 112 13 19 0.015
836 163 14 17 0.015
944 185 16 20 0.014
771 87 15 19 0.014
789 112 15 18 0.014
708 483 44 53 0.014
5 166 14 19 0.014
187 66 12 16 0.014
292 202 14 18 0.014
730 484 21 31 0.013
265 121 14 17 0.013
142 277 14 17 0.012
4 177 12 19 0.012
707 365 20 26 0.012
190 25 11 16 0.012
871 17 15 19 0.012
590 27 15 19 0.011
292 197 13 16 0.011
786 203 17 21 0.011
635 30 14 19 0.011
659 443 23 31 0.011
40 179 14 15 0.011
637 4 13 11 0.011
404 2 13 17 0.011
753 147 14 18 0.011
305 243 22 24 0.011
916 168 13 16 0.011
725 123 14 18 0.011
879 330 15 19 0.011
775 133 17 21 0.011
400 110 26 46 0.010
686 519 46 53 0.010
58 417 21 21 0.010
