35_Basketball_Basketball_35_754
30
499 107 20 23 0.730
626 15 14 15 0.655
486 21 14 15 0.586
588 432 19 24 0.411
386 124 12 16 0.282
193 335 11 17 0.259
666 342 13 18 0.186
927 296 13 16 0.184
234 226 15 17 0.153
190 338 11 18 0.098
118 132 13 15 0.074
928 348 11 17 0.071
456 56 15 17 0.043
669 346 13 17 0.041
223 227 14 15 0.035
239 222 15 19 0.035
215 254 15 18 0.032
459 59 14 16 0.030
513 70 12 14 0.025
467 29 12 13 0.025
222 233 14 19 0.022
627 10 13 15 0.019
380 128 14 14 0.019
586 438 18 22 0.017
508 88 16 20 0.017
925 291 14 17 0.016
239 230 15 20 0.015
233 220 16 17 0.014
184 338 12 16 0.012
466 37 13 16 0.011
