35_Basketball_playingbasketball_35_795
129
83 35 24 30 0.794
49 258 67 100 0.783
845 80 49 68 0.771
558 49 44 63 0.752
137 110 21 26 0.744
221 71 24 31 0.744
486 496 14 20 0.730
609 517 12 17 0.710
952 26 20 26 0.706
972 76 18 23 0.649
913 436 21 32 0.647
39 14 11 14 0.634
1002 97 18 25 0.602
851 593 11 14 0.584
664 550 8 11 0.509
197 127 12 17 0.498
771 7 16 22 0.496
785 549 8 10 0.481
684 522 7 9 0.411
438 519 9 13 0.384
785 517 6 8 0.379
770 550 7 9 0.364
725 545 9 18 0.350
752 524 6 7 0.345
642 15 15 21 0.345
878 582 9 11 0.342
936 570 10 11 0.338
354 3 13 15 0.324
792 519 6 8 0.316
621 496 6 8 0.316
727 520 6 7 0.292
381 71 9 11 0.274
393 8 12 13 0.274
716 526 6 7 0.263
522 465 11 14 0.258
692 547 9 13 0.234
330 4 15 15 0.231
700 544 8 16 0.190
746 551 6 8 0.185
597 498 6 7 0.181
702 521 6 7 0.168
700 520 6 7 0.157
696 545 9 14 0.132
1006 130 17 28 0.111
596 30 12 12 0.110
340 35 6 7 0.106
782 518 6 8 0.106
724 520 6 7 0.104
591 512 7 8 0.102
682 560 8 10 0.102
839 3 15 17 0.101
366 82 7 9 0.089
682 536 8 9 0.080
812 458 6 8 0.078
43 366 49 55 0.077
777 539 6 8 0.071
352 65 6 8 0.068
798 542 6 9 0.066
751 527 6 8 0.066
453 178 13 18 0.060
396 48 7 8 0.060
722 522 7 9 0.059
856 1 17 18 0.055
281 29 11 15 0.054
372 68 8 10 0.054
817 56 21 25 0.054
522 505 12 15 0.054
594 508 7 11 0.052
412 7 10 12 0.052
679 538 7 9 0.051
43 332 56 71 0.051
984 531 11 15 0.050
737 12 17 19 0.046
754 523 5 7 0.046
258 80 7 8 0.039
800 539 6 8 0.038
743 508 4 6 0.037
811 461 6 6 0.036
575 538 6 8 0.036
575 557 6 9 0.035
476 112 15 22 0.034
327 62 7 9 0.032
930 55 17 20 0.029
747 519 5 7 0.029
952 100 17 22 0.028
702 546 10 16 0.027
831 82 33 47 0.026
662 550 7 10 0.025
1008 139 15 27 0.025
816 61 26 36 0.025
713 531 7 11 0.023
363 44 6 8 0.023
295 3 9 12 0.023
299 64 7 9 0.021
593 31 14 20 0.020
879 581 12 14 0.020
574 543 7 10 0.017
262 76 8 10 0.016
826 522 5 8 0.016
327 66 6 8 0.016
602 497 5 6 0.015
830 72 28 39 0.015
363 83 8 10 0.015
364 46 7 8 0.015
253 77 10 14 0.015
9 454 25 30 0.015
346 82 7 9 0.015
411 85 7 9 0.015
257 77 10 13 0.013
984 537 11 14 0.012
800 542 6 8 0.012
743 425 5 5 0.012
527 466 11 13 0.012
823 522 6 7 0.012
794 470 5 5 0.012
681 521 7 8 0.012
426 539 9 12 0.012
877 578 10 11 0.011
343 35 6 7 0.011
881 586 10 13 0.011
869 45 23 25 0.011
1001 124 19 26 0.011
574 547 8 11 0.011
808 460 5 6 0.011
798 522 6 7 0.010
365 36 7 10 0.010
813 427 6 7 0.010
733 542 6 9 0.010
846 495 6 9 0.010
