35_Basketball_basketballgame_ball_35_393
61
857 282 15 20 0.726
416 299 14 18 0.665
70 225 8 10 0.643
705 300 11 15 0.641
23 328 10 12 0.626
2 327 9 13 0.624
83 332 10 12 0.624
53 334 9 11 0.615
126 313 10 11 0.612
47 280 9 11 0.609
94 313 9 12 0.602
132 329 9 12 0.601
166 292 10 15 0.598
80 279 9 12 0.595
65 266 9 11 0.579
15 271 9 11 0.568
679 283 11 21 0.567
715 290 11 15 0.567
16 300 8 11 0.561
110 332 10 12 0.550
95 228 8 11 0.540
20 240 8 9 0.534
119 227 8 10 0.530
12 285 9 11 0.525
780 289 13 18 0.521
109 236 8 10 0.478
79 250 8 11 0.418
36 255 7 9 0.411
563 280 7 10 0.381
666 290 9 19 0.285
708 297 12 16 0.282
603 272 10 12 0.275
39 300 9 11 0.260
581 277 8 9 0.184
14 280 8 11 0.169
112 235 8 11 0.150
50 253 8 10 0.147
59 308 9 11 0.137
681 291 11 17 0.135
116 326 9 13 0.119
77 248 9 11 0.117
17 269 9 11 0.100
138 288 8 11 0.088
108 331 9 12 0.085
597 273 8 10 0.084
0 239 5 10 0.056
780 284 10 17 0.051
43 297 8 11 0.039
45 320 8 10 0.036
64 306 8 10 0.033
850 205 6 8 0.027
16 285 9 10 0.024
719 291 9 13 0.020
87 334 9 12 0.018
579 296 8 10 0.018
660 292 10 15 0.016
91 313 9 12 0.014
592 270 7 8 0.013
113 224 8 9 0.012
576 300 9 11 0.011
708 287 9 13 0.010
