35_Basketball_basketballgame_ball_35_64
83
32 243 56 67 0.868
296 235 60 87 0.851
475 222 63 82 0.849
952 180 72 114 0.849
591 207 67 95 0.843
125 287 58 77 0.835
906 171 57 91 0.824
695 215 71 97 0.824
806 182 38 50 0.805
101 197 43 56 0.797
238 244 33 43 0.780
492 160 33 38 0.775
441 109 30 40 0.760
656 104 35 43 0.759
273 126 26 33 0.755
591 78 30 35 0.753
0 292 36 64 0.742
466 63 25 32 0.729
0 243 31 41 0.723
535 17 25 32 0.718
389 68 25 31 0.706
871 60 24 32 0.705
95 127 26 35 0.700
237 191 30 37 0.700
525 92 24 33 0.695
414 112 26 34 0.693
150 138 25 33 0.689
343 155 26 31 0.689
566 200 31 40 0.688
192 216 29 35 0.685
279 221 31 40 0.679
140 107 24 31 0.677
243 163 28 35 0.676
208 9 18 24 0.658
24 76 22 27 0.655
726 92 34 38 0.652
398 147 27 34 0.646
268 5 20 26 0.643
415 13 24 29 0.636
625 5 22 29 0.636
48 43 18 24 0.631
56 192 21 29 0.607
32 153 26 30 0.604
159 6 17 22 0.604
89 40 21 26 0.600
453 42 22 30 0.595
299 94 23 25 0.591
243 68 24 28 0.589
449 5 26 29 0.573
337 0 21 20 0.567
216 106 26 29 0.544
75 210 30 43 0.537
189 167 27 35 0.494
490 3 24 28 0.477
294 0 18 20 0.434
3 111 16 26 0.418
180 76 25 28 0.399
378 167 21 26 0.398
352 211 24 29 0.347
65 -4 17 19 0.316
686 188 46 63 0.250
171 249 30 36 0.229
262 104 22 27 0.128
261 209 35 46 0.101
693 -3 27 23 0.093
8 96 16 24 0.084
203 51 22 26 0.069
85 172 22 29 0.060
397 -6 20 20 0.054
205 106 22 26 0.049
177 121 22 26 0.034
294 89 23 27 0.029
97 169 34 49 0.028
0 130 7 23 0.028
0 125 12 28 0.017
190 75 21 26 0.016
4 217 24 32 0.015
199 49 19 23 0.015
382 68 22 30 0.013
262 95 21 26 0.011
407 4 24 28 0.011
207 56 22 25 0.011
29 145 26 30 0.010
