35_Basketball_playingbasketball_35_674
71
186 136 47 59 0.822
980 20 43 90 0.822
371 149 64 79 0.801
89 7 32 36 0.755
16 232 34 45 0.753
152 63 36 45 0.750
0 89 25 45 0.749
598 275 34 42 0.742
265 82 33 41 0.741
213 75 28 35 0.739
860 259 31 37 0.735
173 15 30 37 0.722
356 90 28 34 0.717
290 114 30 39 0.706
352 10 24 33 0.684
979 123 22 27 0.682
407 18 27 34 0.679
999 248 23 26 0.676
633 38 47 77 0.674
453 46 25 31 0.659
562 102 29 34 0.657
875 168 26 31 0.655
602 25 21 29 0.647
451 18 24 28 0.643
931 83 19 25 0.642
506 32 23 28 0.634
480 107 23 28 0.634
900 79 23 27 0.625
841 134 25 30 0.617
801 51 24 30 0.615
647 264 35 41 0.613
950 249 24 29 0.611
551 33 23 29 0.607
785 87 26 32 0.585
742 48 23 27 0.567
579 73 21 27 0.456
485 149 30 34 0.399
820 159 26 34 0.392
911 287 17 30 0.368
799 117 25 28 0.354
270 11 23 29 0.333
971 177 23 28 0.323
623 70 25 35 0.298
277 100 34 45 0.236
452 34 26 32 0.161
934 130 25 32 0.157
628 57 33 54 0.151
544 82 19 23 0.126
691 247 32 34 0.104
936 145 21 26 0.093
228 40 22 27 0.068
479 65 21 27 0.051
278 0 23 24 0.031
978 170 21 28 0.030
951 292 23 31 0.024
736 50 20 26 0.023
545 32 20 26 0.021
900 88 23 27 0.018
660 253 34 39 0.018
223 44 26 35 0.018
265 4 25 28 0.017
985 344 19 25 0.016
360 99 30 31 0.014
478 80 24 30 0.013
1007 312 17 28 0.013
600 77 18 23 0.012
644 82 29 48 0.012
496 142 26 33 0.012
561 37 20 26 0.011
851 135 25 28 0.010
945 295 20 27 0.010
