14_Traffic_Traffic_14_840
220
145 280 31 35 0.789
608 286 31 34 0.784
704 277 30 34 0.775
922 272 33 34 0.773
21 285 34 37 0.756
92 255 28 32 0.747
52 254 32 32 0.735
279 275 32 36 0.735
491 274 33 38 0.732
382 294 31 34 0.732
187 262 28 34 0.729
742 223 19 21 0.704
807 284 30 32 0.695
669 268 26 28 0.692
774 267 25 30 0.690
750 260 22 25 0.684
212 254 26 31 0.679
315 253 26 29 0.659
26 210 16 17 0.654
135 242 23 24 0.650
863 265 26 29 0.645
0 197 13 17 0.642
936 166 13 18 0.639
795 215 16 19 0.638
630 243 21 24 0.631
578 259 29 33 0.622
53 200 14 19 0.617
576 207 15 16 0.614
609 238 19 22 0.609
531 221 19 23 0.604
599 225 19 21 0.586
627 210 15 17 0.583
633 190 12 16 0.580
960 262 26 29 0.574
518 212 13 16 0.563
708 240 26 28 0.557
977 186 10 13 0.555
266 199 16 18 0.555
496 186 11 13 0.548
756 148 12 14 0.548
978 211 16 20 0.540
409 187 10 13 0.527
708 213 14 16 0.527
471 245 25 29 0.521
1015 220 9 23 0.507
260 240 27 29 0.504
324 200 13 16 0.501
193 183 10 13 0.490
105 166 15 20 0.484
863 195 12 16 0.459
411 225 22 24 0.458
470 154 8 10 0.457
891 171 13 20 0.450
666 187 12 14 0.450
885 240 20 22 0.430
287 212 17 20 0.405
135 197 12 16 0.403
615 199 13 15 0.397
609 156 9 10 0.389
390 264 26 29 0.386
539 152 8 10 0.380
50 155 9 12 0.376
366 209 14 16 0.370
630 151 9 11 0.364
346 148 8 10 0.340
695 195 11 13 0.337
308 202 12 14 0.322
560 240 22 26 0.305
493 223 17 20 0.303
816 184 10 13 0.294
598 154 8 10 0.291
835 193 13 16 0.283
227 203 14 17 0.275
602 230 20 21 0.274
571 149 9 10 0.264
456 191 10 11 0.263
603 156 9 10 0.250
313 186 9 11 0.244
327 179 9 10 0.240
836 263 23 26 0.238
391 238 20 24 0.234
800 184 12 14 0.232
583 206 13 16 0.229
26 189 12 14 0.221
504 149 8 9 0.212
662 239 21 23 0.209
498 153 9 10 0.207
361 207 13 15 0.199
344 237 22 25 0.199
524 152 8 10 0.197
382 196 12 13 0.188
502 150 8 10 0.184
613 179 10 11 0.176
601 170 9 11 0.171
464 222 18 20 0.166
806 184 12 14 0.162
722 198 11 14 0.158
425 146 7 8 0.152
232 203 13 15 0.135
831 186 11 14 0.131
23 190 11 14 0.131
708 229 22 24 0.127
585 192 12 13 0.125
221 160 9 11 0.116
686 138 8 10 0.114
350 149 7 9 0.113
902 174 10 16 0.112
123 226 17 21 0.111
412 147 8 10 0.110
521 271 22 26 0.107
596 156 8 11 0.104
315 188 11 12 0.094
997 201 12 14 0.091
737 174 12 16 0.090
993 202 13 16 0.087
311 189 11 13 0.087
651 221 14 17 0.084
410 148 8 10 0.080
428 148 8 9 0.078
454 151 7 8 0.076
255 236 22 25 0.073
385 242 20 23 0.068
562 143 7 9 0.066
397 212 11 14 0.063
192 229 19 22 0.060
677 217 15 17 0.057
661 149 9 10 0.054
433 209 10 13 0.054
492 207 11 12 0.053
1000 204 12 16 0.053
658 244 19 22 0.052
309 245 21 26 0.050
221 206 14 17 0.049
536 183 11 13 0.046
1003 204 11 13 0.046
535 178 10 13 0.044
217 160 10 12 0.044
307 240 19 24 0.043
356 204 12 15 0.042
340 234 19 24 0.042
876 199 13 15 0.042
688 139 9 11 0.040
408 222 18 20 0.039
865 231 16 18 0.039
428 210 14 16 0.039
586 196 12 14 0.038
454 189 10 11 0.036
684 140 9 11 0.035
54 155 9 11 0.034
659 148 8 11 0.034
491 211 13 15 0.034
564 185 9 11 0.034
773 187 11 14 0.033
860 233 16 18 0.033
110 165 13 19 0.032
841 254 20 25 0.031
506 148 8 8 0.031
119 229 17 22 0.030
163 249 18 22 0.030
374 246 16 21 0.030
906 172 10 14 0.030
770 185 11 14 0.028
980 244 19 22 0.028
298 194 10 12 0.028
420 201 13 13 0.027
478 240 22 26 0.027
1017 239 6 22 0.026
776 240 17 20 0.026
91 322 25 27 0.023
880 208 13 16 0.023
594 213 16 19 0.023
663 198 12 14 0.022
330 176 9 11 0.022
406 147 7 9 0.021
967 249 24 28 0.021
663 233 18 20 0.020
124 220 14 18 0.020
342 147 9 11 0.019
599 150 8 9 0.019
213 211 16 18 0.019
408 145 8 10 0.019
422 155 8 10 0.019
974 242 19 23 0.018
452 191 13 15 0.018
851 246 19 23 0.017
0 290 12 25 0.017
545 201 11 13 0.017
494 150 8 9 0.016
558 221 17 18 0.015
875 205 13 16 0.015
46 155 9 11 0.015
465 203 12 13 0.015
465 228 20 23 0.015
562 250 21 26 0.015
347 145 9 10 0.014
146 189 13 15 0.014
659 144 9 12 0.014
596 151 9 9 0.014
510 184 10 11 0.014
328 202 13 15 0.014
683 216 12 14 0.013
101 165 13 18 0.013
880 193 11 16 0.013
152 186 11 13 0.012
802 191 13 17 0.012
495 155 8 10 0.012
128 226 18 22 0.012
570 153 9 11 0.012
770 242 19 20 0.012
581 186 10 12 0.012
224 195 12 15 0.012
924 186 10 13 0.011
431 217 15 19 0.011
220 156 10 11 0.011
465 151 8 9 0.011
556 187 11 12 0.011
749 203 14 16 0.011
882 234 18 21 0.010
441 194 9 11 0.010
369 213 15 18 0.010
