14_Traffic_Traffic_14_55
98
211 464 14 16 0.444
576 348 12 14 0.364
485 364 14 15 0.352
548 212 12 13 0.350
485 225 12 13 0.277
891 219 10 12 0.273
947 347 11 12 0.271
613 148 9 12 0.210
368 25 9 10 0.201
261 286 10 12 0.187
384 174 10 12 0.177
306 283 11 14 0.167
553 291 12 13 0.154
835 280 10 11 0.127
240 517 12 15 0.119
228 229 11 13 0.114
894 218 10 12 0.105
835 229 10 12 0.099
258 185 11 12 0.086
269 224 12 14 0.083
173 422 11 12 0.083
816 276 12 11 0.071
151 424 10 11 0.067
87 67 8 9 0.065
296 155 10 12 0.062
133 224 10 11 0.062
108 185 10 11 0.061
365 26 9 10 0.057
542 212 12 14 0.053
44 108 9 9 0.051
552 213 12 13 0.049
434 169 11 11 0.048
811 24 10 12 0.045
275 452 11 12 0.043
110 223 8 9 0.042
831 230 10 11 0.040
691 85 9 10 0.037
360 118 10 11 0.035
894 224 11 12 0.033
548 292 11 13 0.032
241 399 12 14 0.032
689 86 9 11 0.030
900 215 10 11 0.029
166 19 7 8 0.029
598 438 12 13 0.027
484 360 13 14 0.027
440 168 10 11 0.027
884 355 13 14 0.027
298 160 10 12 0.026
236 398 13 15 0.024
141 473 12 14 0.023
168 17 7 9 0.023
410 163 10 11 0.022
168 171 9 11 0.022
975 539 14 16 0.022
310 280 11 13 0.021
802 136 9 11 0.021
85 68 8 10 0.021
39 136 7 9 0.020
935 264 11 13 0.020
947 351 11 12 0.020
216 315 10 12 0.020
610 147 9 12 0.020
225 197 8 10 0.019
170 422 10 12 0.019
859 30 10 11 0.018
261 485 11 12 0.018
159 21 8 9 0.018
233 400 12 14 0.018
123 58 10 11 0.018
226 199 9 10 0.016
519 46 8 11 0.016
822 134 10 10 0.015
113 440 10 13 0.015
360 121 11 12 0.015
880 4 9 11 0.015
107 181 9 11 0.015
356 118 11 10 0.013
436 173 11 11 0.013
888 224 11 12 0.013
83 66 8 10 0.012
599 12 9 10 0.012
430 170 11 12 0.012
162 172 9 11 0.012
237 403 13 14 0.012
830 23 9 11 0.012
796 140 10 11 0.012
33 109 8 9 0.012
622 288 11 12 0.012
171 15 7 9 0.012
173 27 7 9 0.011
176 417 11 13 0.011
209 31 7 9 0.011
411 166 10 12 0.011
134 167 9 11 0.010
807 215 9 12 0.010
824 136 10 11 0.010
784 30 8 10 0.010
