14_Traffic_Traffic_14_361
26
844 293 16 20 0.452
720 312 9 12 0.126
673 323 7 10 0.112
661 321 6 8 0.072
674 321 8 10 0.062
668 322 9 10 0.058
511 377 5 6 0.056
523 368 5 6 0.034
471 359 6 6 0.033
906 286 10 17 0.030
718 312 8 12 0.029
669 309 6 8 0.028
520 366 5 6 0.025
473 359 6 6 0.025
843 302 15 16 0.021
469 359 6 6 0.019
456 318 5 5 0.018
507 377 6 6 0.017
417 356 6 6 0.017
671 309 7 8 0.017
362 382 7 8 0.015
364 382 7 7 0.015
404 340 5 6 0.014
726 313 9 12 0.013
908 290 11 16 0.011
509 376 8 9 0.011
