14_Traffic_Traffic_14_267
72
75 445 17 20 0.745
231 476 18 23 0.736
169 460 18 21 0.730
155 436 17 20 0.710
539 434 10 11 0.383
77 391 9 12 0.283
532 516 19 23 0.266
305 338 9 10 0.250
632 434 10 12 0.244
636 381 7 9 0.228
714 366 7 8 0.202
672 381 8 9 0.174
633 382 8 9 0.150
581 339 5 7 0.140
638 380 8 10 0.086
634 527 21 22 0.074
550 325 6 7 0.072
512 310 5 7 0.068
670 379 8 8 0.066
712 365 7 9 0.058
578 338 6 7 0.056
449 376 7 9 0.053
267 347 11 12 0.051
301 336 10 10 0.051
459 537 14 17 0.051
510 309 6 6 0.050
547 325 5 7 0.041
585 432 10 11 0.040
606 349 6 7 0.039
13 547 19 23 0.036
672 352 6 7 0.034
633 379 7 9 0.030
675 381 8 10 0.030
715 368 7 8 0.029
533 359 6 7 0.028
666 379 8 9 0.027
418 328 7 7 0.025
406 372 7 8 0.023
498 358 7 8 0.022
582 431 10 12 0.021
696 350 6 7 0.021
896 275 4 5 0.021
360 338 7 8 0.021
690 402 7 9 0.020
539 437 10 11 0.019
287 438 10 12 0.018
401 399 8 8 0.017
750 338 5 7 0.017
181 415 11 12 0.017
636 433 9 12 0.017
748 337 6 7 0.017
207 426 11 13 0.015
296 331 11 10 0.015
428 357 6 7 0.015
630 528 17 19 0.015
808 312 4 6 0.014
607 350 6 7 0.014
306 332 9 10 0.013
322 416 10 13 0.013
358 339 7 8 0.013
407 372 8 9 0.013
249 444 10 15 0.013
601 383 8 9 0.013
306 341 9 10 0.013
827 301 4 5 0.012
429 361 7 8 0.012
492 323 5 6 0.012
388 333 6 8 0.011
421 326 6 8 0.011
628 380 8 9 0.011
453 377 6 8 0.010
757 308 5 7 0.010
