31_Waiter_Waitress_Waiter_Waitress_31_327
29
449 349 110 162 0.872
308 349 96 138 0.835
747 647 21 39 0.538
965 573 13 17 0.381
147 596 9 12 0.197
769 591 9 10 0.171
313 589 8 11 0.162
909 591 14 16 0.161
969 575 13 17 0.119
183 636 36 48 0.115
912 595 16 19 0.111
150 597 9 11 0.058
970 568 13 18 0.053
919 599 19 21 0.045
289 579 9 11 0.044
744 592 9 11 0.031
746 597 10 12 0.027
744 595 9 12 0.025
927 601 14 15 0.024
201 588 9 11 0.023
197 563 7 9 0.022
774 590 8 9 0.020
170 559 8 9 0.017
197 560 7 9 0.015
910 600 17 20 0.012
172 638 51 65 0.012
169 557 8 9 0.012
196 588 11 13 0.011
868 603 11 13 0.011
