31_Waiter_Waitress_Waiter_Waitress_31_162
38
466 354 229 294 0.835
17 713 19 23 0.447
260 722 14 16 0.144
371 722 12 17 0.144
211 715 13 16 0.143
241 711 12 14 0.125
279 724 13 15 0.114
269 722 14 15 0.092
311 720 13 16 0.087
265 724 14 16 0.085
310 713 12 16 0.077
85 726 16 19 0.061
44 713 15 20 0.058
70 698 14 16 0.058
356 892 38 51 0.052
35 711 16 20 0.052
313 707 11 12 0.051
366 721 13 17 0.051
385 482 28 29 0.048
283 725 13 15 0.039
80 728 16 20 0.033
381 844 24 34 0.033
164 722 12 15 0.028
79 721 16 20 0.026
61 700 15 19 0.024
35 717 16 21 0.023
205 714 13 17 0.022
89 729 16 19 0.021
258 729 15 19 0.020
45 614 14 21 0.019
308 706 10 13 0.019
20 -1 414 530 0.019
89 721 15 19 0.017
233 711 12 14 0.016
249 712 13 14 0.016
46 721 16 20 0.015
301 873 34 34 0.012
276 728 14 17 0.011
