44_Aerobics_Aerobics_44_167
32
887 490 137 183 0.856
885 323 58 76 0.848
273 307 69 93 0.810
611 306 27 32 0.796
177 279 24 28 0.764
927 243 20 30 0.756
374 284 30 39 0.755
793 274 36 47 0.752
683 268 23 29 0.752
846 233 16 21 0.738
573 245 18 21 0.734
959 261 15 19 0.718
724 264 18 22 0.705
748 245 16 19 0.690
378 264 20 22 0.670
770 271 24 35 0.626
882 261 12 16 0.547
1006 268 14 21 0.511
910 279 17 22 0.211
886 260 10 14 0.139
992 263 12 17 0.094
1000 252 10 14 0.076
827 259 16 20 0.048
660 246 10 15 0.046
1009 263 14 21 0.045
1002 250 7 10 0.041
955 256 16 21 0.034
720 263 15 20 0.026
896 288 13 17 0.025
999 249 8 10 0.014
376 263 15 19 0.014
996 256 10 13 0.013
