44_Aerobics_Aerobics_44_852
50
699 260 42 46 0.830
386 274 38 42 0.813
120 288 29 40 0.796
439 251 27 34 0.778
238 257 25 32 0.778
487 229 23 29 0.775
945 201 20 24 0.775
328 222 19 24 0.775
92 256 22 26 0.774
223 222 15 20 0.739
350 212 16 21 0.733
909 191 17 19 0.731
190 237 16 19 0.725
0 241 13 19 0.715
169 241 17 20 0.713
264 241 21 26 0.655
847 198 14 17 0.593
493 201 16 19 0.551
676 225 16 18 0.480
685 237 24 32 0.447
714 227 23 25 0.373
290 231 14 21 0.356
176 239 17 20 0.217
0 275 7 32 0.163
121 262 12 15 0.132
612 201 14 19 0.121
637 237 17 20 0.097
648 199 13 19 0.046
724 226 17 20 0.038
625 221 15 17 0.036
617 202 14 18 0.034
621 220 13 18 0.032
636 232 15 18 0.032
173 244 16 19 0.029
274 230 15 18 0.028
541 239 13 19 0.027
548 240 14 17 0.027
548 238 19 24 0.026
614 209 14 19 0.025
555 237 20 26 0.018
609 203 12 18 0.018
570 234 13 17 0.016
493 207 16 21 0.015
574 232 9 11 0.014
537 240 10 13 0.011
632 213 14 19 0.011
562 235 17 22 0.011
539 238 10 12 0.010
673 228 16 21 0.010
287 223 11 14 0.010
