44_Aerobics_Aerobics_44_246
61
660 639 59 74 0.845
273 603 58 76 0.835
775 643 58 71 0.832
790 1025 39 48 0.781
543 174 40 50 0.715
246 1178 18 29 0.661
319 1216 10 13 0.504
11 1201 13 17 0.474
104 1205 12 16 0.440
882 149 10 12 0.426
188 1210 9 11 0.396
681 180 20 28 0.328
79 1211 9 12 0.296
636 198 13 15 0.241
4 253 12 14 0.223
489 1150 33 65 0.194
385 198 12 13 0.179
807 192 16 19 0.140
325 212 14 17 0.130
341 220 15 20 0.129
382 200 12 15 0.118
331 215 16 20 0.105
833 152 10 12 0.088
403 1207 8 11 0.087
687 189 19 26 0.082
675 177 20 26 0.082
886 149 10 12 0.078
392 201 11 13 0.077
78 1213 12 14 0.076
184 1209 8 11 0.061
7 1202 12 16 0.060
323 1216 10 12 0.051
384 194 10 13 0.042
435 1163 32 50 0.040
187 1212 11 13 0.034
5 246 14 18 0.033
682 194 20 25 0.032
49 3 28 26 0.031
402 1205 12 16 0.029
829 156 14 18 0.029
689 182 18 26 0.028
74 27 69 79 0.027
395 197 9 12 0.023
98 35 74 85 0.022
419 198 10 12 0.021
827 152 11 14 0.019
219 1192 11 16 0.019
764 150 15 21 0.018
812 196 15 19 0.018
334 222 16 21 0.018
764 148 11 17 0.018
183 1215 9 9 0.018
45 2 23 18 0.017
73 1207 8 11 0.013
363 278 16 38 0.012
57 15 67 82 0.012
111 1206 11 14 0.011
769 147 10 12 0.011
319 1221 11 13 0.011
351 221 14 18 0.011
433 1180 21 31 0.010
