44_Aerobics_Aerobics_44_343
38
590 174 31 42 0.755
288 179 38 48 0.721
385 160 23 28 0.690
896 199 24 31 0.680
761 173 17 20 0.586
798 178 13 16 0.582
944 236 14 17 0.568
928 159 12 16 0.469
687 170 11 14 0.437
663 163 11 13 0.330
836 171 12 16 0.323
657 185 15 17 0.311
1001 227 14 20 0.171
861 184 13 17 0.086
570 178 16 22 0.082
0 425 43 120 0.067
733 197 12 15 0.056
857 187 14 16 0.042
1017 208 8 19 0.039
857 182 14 16 0.038
1017 182 7 18 0.036
1008 230 13 20 0.032
1016 201 8 22 0.031
821 199 11 13 0.028
844 193 12 15 0.024
549 189 14 17 0.024
1014 187 10 22 0.022
546 216 12 17 0.021
570 174 22 31 0.018
553 185 15 19 0.018
660 162 11 14 0.018
938 239 13 16 0.014
961 259 12 15 0.014
564 181 16 21 0.013
677 189 14 18 0.011
824 164 11 14 0.011
680 194 14 18 0.011
1015 175 9 22 0.010
