44_Aerobics_Aerobics_44_216
43
794 80 16 18 0.668
728 64 20 33 0.630
326 339 12 15 0.558
81 471 15 18 0.554
579 138 23 29 0.421
235 392 14 15 0.405
837 16 16 22 0.345
336 246 28 40 0.287
679 131 17 21 0.235
124 481 11 13 0.225
225 412 12 14 0.217
152 384 19 31 0.138
764 63 13 20 0.120
675 128 15 21 0.078
1006 74 12 18 0.066
511 241 15 20 0.064
685 133 18 22 0.032
577 132 19 27 0.032
764 61 11 15 0.030
736 81 18 26 0.030
583 145 30 26 0.029
412 180 24 28 0.028
180 433 16 25 0.024
740 92 16 20 0.022
518 276 14 16 0.020
569 171 15 20 0.020
317 367 12 14 0.017
726 61 15 25 0.017
3 383 20 29 0.016
159 389 21 28 0.016
201 380 16 23 0.016
232 389 18 24 0.015
511 324 11 14 0.015
150 381 15 25 0.014
479 229 14 22 0.013
817 102 16 21 0.013
575 133 35 44 0.013
3 357 15 20 0.013
1005 0 16 14 0.013
329 237 28 44 0.013
575 167 24 23 0.011
250 447 13 18 0.011
334 408 13 14 0.011
