0_Parade_Parade_0_137
106
953 460 15 21 0.651
715 446 15 20 0.632
751 449 17 23 0.614
237 467 15 18 0.599
0 431 12 17 0.549
661 484 17 22 0.528
709 352 17 21 0.422
250 444 18 20 0.412
997 511 16 19 0.396
1015 314 9 17 0.335
508 350 18 21 0.261
661 464 14 18 0.177
239 402 11 17 0.169
0 453 10 18 0.146
440 321 36 38 0.123
947 320 14 17 0.116
965 486 18 21 0.113
213 445 12 16 0.109
1008 443 12 17 0.104
659 457 16 20 0.102
661 447 16 19 0.101
247 442 13 18 0.085
101 276 29 46 0.081
690 403 17 20 0.072
515 351 15 20 0.068
668 445 14 19 0.058
256 445 16 21 0.056
945 311 15 18 0.054
944 318 14 16 0.050
948 326 13 16 0.048
933 365 15 20 0.048
242 414 13 19 0.045
996 312 9 11 0.043
654 447 15 19 0.040
249 421 14 17 0.039
336 368 10 12 0.035
918 318 10 12 0.035
12 374 13 16 0.035
451 328 32 33 0.033
905 342 12 15 0.031
31 465 13 19 0.029
879 338 14 16 0.028
380 480 14 17 0.028
380 345 11 14 0.028
314 457 14 16 0.028
719 478 16 21 0.026
348 350 12 15 0.026
520 348 16 21 0.026
511 344 18 23 0.025
929 377 17 20 0.023
877 341 14 17 0.023
892 313 11 14 0.022
891 311 9 12 0.022
1014 339 10 16 0.021
882 333 12 17 0.021
748 521 14 16 0.021
994 314 11 14 0.021
210 358 30 34 0.021
336 363 12 15 0.021
210 442 12 17 0.021
35 462 13 20 0.020
255 318 7 8 0.020
356 349 10 14 0.019
594 341 15 18 0.019
0 326 13 22 0.019
944 308 12 15 0.018
1014 489 11 21 0.018
58 262 13 16 0.018
478 342 13 17 0.017
908 392 14 17 0.016
731 312 10 10 0.016
891 325 12 15 0.016
331 362 15 18 0.016
1010 446 13 21 0.016
986 409 13 20 0.015
247 405 12 15 0.015
303 431 15 18 0.015
543 430 16 17 0.014
740 363 12 15 0.014
998 516 17 20 0.014
400 350 14 17 0.013
586 542 17 21 0.013
303 341 29 34 0.013
170 313 9 11 0.013
440 328 22 27 0.012
913 391 15 17 0.012
921 384 16 18 0.012
65 343 11 14 0.012
248 342 9 10 0.012
130 304 40 48 0.012
936 311 12 15 0.012
407 405 14 17 0.012
737 331 10 12 0.012
915 315 11 13 0.012
249 345 8 11 0.012
997 452 15 20 0.012
16 369 13 16 0.012
928 386 15 16 0.011
589 342 16 19 0.011
360 346 11 13 0.011
401 344 13 15 0.011
331 368 12 13 0.011
20 435 13 15 0.011
475 332 19 23 0.011
206 343 43 52 0.011
992 408 14 20 0.011
