0_Parade_marchingband_1_382
40
146 168 36 45 0.828
803 123 37 41 0.817
338 100 33 39 0.807
203 68 24 35 0.762
931 72 20 25 0.701
450 40 28 37 0.686
981 91 20 32 0.619
910 26 15 23 0.575
996 19 13 21 0.570
953 67 19 27 0.564
904 65 17 25 0.520
767 -7 31 23 0.455
932 -2 14 16 0.284
998 96 17 30 0.184
662 56 15 23 0.168
982 68 19 27 0.156
989 96 20 28 0.149
940 -2 11 14 0.123
989 3 11 16 0.120
991 6 12 18 0.081
900 62 15 25 0.059
654 48 17 26 0.031
741 145 16 20 0.029
927 -2 14 16 0.027
476 48 16 20 0.024
582 16 26 35 0.022
657 58 15 22 0.021
652 44 15 23 0.020
739 14 20 24 0.019
747 51 17 21 0.018
925 137 21 24 0.017
905 19 11 18 0.016
746 46 16 21 0.015
990 18 13 22 0.015
468 45 20 28 0.015
984 4 12 16 0.014
946 65 17 26 0.013
985 74 21 31 0.013
743 34 18 24 0.013
87 60 20 19 0.011
