0_Parade_marchingband_1_156
31
873 182 79 106 0.823
569 245 60 70 0.822
166 240 66 81 0.795
707 351 15 18 0.048
888 0 18 17 0.045
773 -1 19 13 0.037
739 6 15 19 0.030
579 0 16 6 0.030
978 19 16 18 0.030
999 0 17 5 0.025
324 7 24 24 0.024
45 18 19 24 0.024
503 -1 17 15 0.023
688 9 12 15 0.022
199 49 17 21 0.020
824 18 15 17 0.019
23 9 16 21 0.017
531 0 14 9 0.014
443 259 15 19 0.014
89 215 16 19 0.013
87 54 15 20 0.013
659 90 15 17 0.013
970 89 18 21 0.012
36 567 50 52 0.012
853 0 16 5 0.011
943 -1 17 15 0.011
5 239 15 18 0.011
379 20 15 19 0.011
245 22 17 19 0.010
266 0 19 9 0.010
35 15 19 22 0.010
