0_Parade_marchingband_1_465
484
82 305 7 9 0.482
467 256 7 9 0.467
670 260 7 9 0.463
1009 256 8 9 0.442
91 223 5 7 0.431
46 302 7 9 0.418
770 161 6 7 0.414
877 167 7 8 0.386
751 160 5 7 0.386
521 262 7 8 0.382
985 138 6 7 0.379
977 158 6 8 0.379
619 264 6 7 0.362
1006 162 6 8 0.359
366 249 6 7 0.355
878 131 6 7 0.352
129 237 6 7 0.349
115 284 7 8 0.348
171 227 6 7 0.341
710 265 6 8 0.341
937 136 6 7 0.322
598 236 6 8 0.319
733 240 7 8 0.318
795 167 5 7 0.316
560 234 6 8 0.315
854 130 6 7 0.311
948 159 6 7 0.310
659 150 7 8 0.309
985 246 8 9 0.307
801 203 6 8 0.295
901 226 7 8 0.292
817 168 5 7 0.290
798 131 5 7 0.286
960 135 6 7 0.277
839 143 6 7 0.277
431 166 5 6 0.276
906 282 7 9 0.276
232 248 6 7 0.268
708 199 6 8 0.263
27 192 6 6 0.261
881 214 7 8 0.260
571 153 6 7 0.256
390 167 6 6 0.256
729 159 5 7 0.254
933 265 7 9 0.252
628 233 6 8 0.239
704 155 6 7 0.237
522 240 6 8 0.235
916 152 7 7 0.234
880 132 6 7 0.233
702 126 6 7 0.228
350 167 5 6 0.227
467 166 5 6 0.223
902 138 5 7 0.223
314 176 5 6 0.220
74 174 5 6 0.216
851 160 6 7 0.210
733 129 5 6 0.206
667 260 8 8 0.204
621 282 7 8 0.199
617 96 6 6 0.198
7 262 5 7 0.195
503 166 6 6 0.195
525 182 6 7 0.190
927 283 7 8 0.190
1010 142 6 6 0.188
731 128 6 7 0.184
877 228 7 8 0.178
918 171 7 8 0.177
600 235 6 8 0.170
603 179 5 7 0.168
664 240 7 8 0.165
974 158 7 8 0.163
160 265 6 7 0.163
131 312 6 7 0.163
847 165 6 7 0.160
687 128 5 6 0.160
699 238 6 8 0.159
984 193 7 8 0.158
135 172 5 6 0.157
629 152 5 7 0.155
902 143 6 8 0.155
244 275 6 7 0.151
627 152 6 6 0.151
555 163 5 6 0.150
30 226 5 8 0.149
0 315 6 9 0.149
384 147 4 6 0.148
799 132 6 7 0.144
753 160 6 7 0.143
705 170 6 7 0.143
241 179 5 6 0.137
382 147 5 6 0.134
506 53 6 7 0.131
76 174 5 6 0.131
934 137 6 7 0.129
683 167 6 7 0.128
294 243 5 7 0.127
159 162 5 6 0.125
528 158 5 7 0.124
506 141 5 6 0.123
134 171 5 6 0.118
295 247 6 6 0.116
501 166 6 7 0.116
536 164 5 7 0.114
131 166 5 6 0.114
295 250 5 7 0.113
617 263 6 8 0.113
875 150 6 6 0.113
28 226 6 7 0.113
879 168 7 8 0.112
113 166 5 6 0.112
684 147 6 7 0.112
583 94 5 6 0.111
175 156 5 6 0.111
504 186 5 6 0.111
66 194 5 6 0.110
994 294 7 9 0.106
333 154 5 6 0.103
31 228 5 7 0.102
799 129 5 7 0.100
296 249 6 7 0.100
620 265 7 9 0.100
523 238 7 8 0.099
489 234 6 8 0.099
197 195 5 6 0.098
762 266 7 7 0.094
924 226 7 9 0.091
177 155 5 6 0.091
334 181 5 6 0.091
619 78 5 5 0.089
794 164 7 9 0.088
251 188 5 6 0.088
963 190 7 8 0.087
35 201 6 7 0.085
932 267 6 9 0.084
609 198 5 7 0.083
177 158 5 5 0.081
795 130 6 6 0.081
962 138 6 8 0.081
947 175 6 8 0.080
882 213 6 7 0.080
635 164 5 6 0.078
665 237 6 8 0.078
658 105 6 7 0.078
140 199 5 6 0.077
236 250 5 7 0.076
796 132 5 7 0.075
187 281 5 7 0.074
619 95 5 6 0.074
196 155 5 5 0.074
601 177 6 8 0.073
335 136 5 5 0.073
464 165 5 6 0.073
814 190 6 8 0.072
132 237 7 7 0.072
263 157 5 7 0.071
723 179 6 7 0.071
300 250 6 7 0.070
85 257 6 8 0.070
736 126 6 7 0.070
877 255 6 8 0.069
697 238 8 11 0.068
533 161 5 6 0.067
727 158 5 7 0.067
679 186 6 8 0.067
468 319 6 8 0.066
868 252 7 10 0.066
631 156 5 7 0.066
467 212 5 7 0.066
239 179 5 6 0.066
1004 272 7 9 0.066
132 192 5 6 0.064
133 313 6 7 0.063
470 320 6 7 0.063
385 165 6 7 0.063
49 301 6 9 0.062
1012 207 9 10 0.062
556 161 6 7 0.061
570 135 5 6 0.061
18 275 6 8 0.061
198 197 5 6 0.060
52 277 6 7 0.060
681 166 5 6 0.060
0 304 6 11 0.060
624 282 7 7 0.059
31 193 6 6 0.058
470 211 6 7 0.058
554 179 5 7 0.058
827 223 6 8 0.057
381 147 4 6 0.056
94 224 6 8 0.056
706 266 6 7 0.056
524 177 6 7 0.055
212 149 5 5 0.055
686 137 5 8 0.054
5 272 6 8 0.054
115 167 4 6 0.054
998 249 6 9 0.054
79 306 7 8 0.053
242 180 5 6 0.053
434 166 5 6 0.053
231 246 6 6 0.051
603 157 5 7 0.050
694 128 6 7 0.050
462 69 5 7 0.049
492 237 6 8 0.049
1006 298 7 9 0.048
1 312 7 10 0.048
606 136 5 6 0.048
249 185 5 6 0.047
816 191 7 7 0.047
960 189 6 7 0.047
724 181 5 7 0.047
474 211 5 7 0.047
574 153 6 7 0.047
872 150 5 7 0.047
528 205 5 6 0.047
54 276 6 8 0.046
873 253 8 9 0.046
521 163 6 6 0.046
44 239 6 8 0.045
369 250 5 6 0.045
178 242 6 8 0.044
526 205 5 7 0.043
920 173 8 10 0.043
866 262 7 10 0.043
216 177 5 6 0.043
685 166 6 7 0.043
103 238 6 7 0.042
596 165 5 6 0.042
973 292 7 9 0.042
502 164 7 9 0.042
110 255 6 7 0.042
522 205 5 7 0.042
980 193 7 8 0.041
848 135 7 9 0.041
233 249 7 9 0.041
113 602 14 17 0.041
394 167 5 6 0.041
948 235 6 7 0.041
482 101 5 5 0.041
659 108 5 6 0.040
996 310 8 9 0.040
529 141 5 6 0.040
600 161 5 6 0.039
22 321 7 8 0.039
860 163 9 9 0.039
111 169 5 6 0.039
520 204 6 7 0.039
129 162 5 6 0.038
475 321 5 7 0.038
740 116 5 6 0.038
998 296 8 9 0.037
842 163 6 7 0.037
108 599 15 18 0.037
501 186 6 6 0.037
488 143 5 5 0.036
725 201 6 7 0.036
1 318 7 9 0.036
703 236 6 8 0.036
965 243 6 7 0.035
952 237 7 7 0.035
972 176 6 8 0.035
341 161 6 7 0.035
634 166 5 6 0.035
468 258 7 8 0.034
726 293 7 8 0.034
841 203 7 8 0.034
140 288 6 8 0.034
898 157 6 8 0.034
926 230 7 8 0.034
24 320 7 8 0.034
42 239 6 7 0.033
119 303 7 9 0.033
39 203 6 7 0.033
872 256 7 10 0.033
957 240 7 8 0.032
804 203 7 7 0.032
837 168 6 8 0.032
315 288 6 7 0.031
122 298 8 10 0.031
600 155 6 7 0.031
972 268 7 10 0.031
435 151 5 6 0.031
695 240 6 8 0.031
532 135 5 6 0.031
662 290 6 7 0.031
429 206 6 7 0.031
749 176 6 7 0.030
742 128 6 7 0.030
538 76 4 6 0.030
551 96 5 6 0.030
928 276 8 10 0.030
190 197 5 6 0.029
133 167 5 6 0.029
250 190 5 6 0.029
236 156 5 6 0.029
299 273 6 7 0.029
557 177 6 7 0.029
239 161 5 5 0.029
429 209 6 7 0.028
112 256 6 7 0.028
437 179 5 6 0.027
43 241 6 7 0.027
358 180 5 6 0.027
507 55 5 6 0.027
388 166 8 9 0.026
531 203 5 7 0.026
917 173 7 9 0.026
965 207 6 8 0.026
223 152 4 6 0.026
748 178 5 7 0.026
190 193 5 6 0.026
160 165 5 6 0.026
838 208 7 8 0.026
200 218 5 7 0.025
166 191 4 6 0.025
1 295 6 10 0.025
535 139 5 7 0.025
935 234 7 8 0.025
144 287 5 7 0.025
923 181 7 9 0.025
576 108 5 6 0.025
535 182 5 6 0.025
880 229 7 8 0.025
56 275 6 8 0.025
350 165 7 8 0.025
482 510 18 22 0.025
480 154 5 6 0.025
632 238 6 7 0.025
430 214 6 7 0.024
435 148 5 6 0.024
557 194 5 7 0.024
128 191 5 6 0.024
521 238 6 8 0.024
218 179 5 6 0.024
482 121 5 6 0.024
659 247 5 8 0.023
604 136 5 6 0.023
252 124 5 6 0.023
389 211 5 6 0.023
501 205 5 7 0.023
939 232 7 7 0.023
10 262 6 7 0.022
607 178 5 6 0.022
130 242 7 8 0.022
757 266 6 8 0.022
732 158 7 10 0.022
629 149 5 7 0.022
897 168 6 8 0.021
5 262 7 10 0.021
429 115 5 5 0.021
235 155 4 6 0.021
671 258 7 8 0.021
429 205 5 6 0.021
607 198 7 10 0.021
173 243 6 8 0.021
25 546 12 12 0.020
616 95 7 9 0.020
303 165 5 5 0.020
668 95 5 5 0.020
539 143 5 6 0.020
583 121 5 7 0.020
754 94 5 6 0.020
108 257 6 7 0.020
957 134 6 7 0.019
1000 302 9 10 0.019
879 212 6 8 0.019
1012 141 7 9 0.019
76 240 5 6 0.019
13 595 13 16 0.019
994 306 9 11 0.019
835 181 7 8 0.019
428 117 5 6 0.019
328 159 5 6 0.019
116 302 7 8 0.019
509 71 4 6 0.018
753 92 5 6 0.018
129 205 5 5 0.018
525 178 7 10 0.018
20 267 6 7 0.018
216 150 5 5 0.018
712 282 7 8 0.018
248 277 6 7 0.017
137 254 6 7 0.017
526 151 5 6 0.017
395 78 4 6 0.017
468 86 5 6 0.017
532 248 6 7 0.017
860 221 6 8 0.017
788 260 5 6 0.016
396 80 4 5 0.016
75 240 5 8 0.016
656 168 5 6 0.016
608 136 5 6 0.016
840 184 7 8 0.016
771 164 6 7 0.016
505 52 7 9 0.016
870 267 8 9 0.016
146 270 8 9 0.016
141 203 5 6 0.016
662 237 5 7 0.016
296 275 6 6 0.015
487 145 5 6 0.015
926 136 5 7 0.015
430 224 5 7 0.015
505 139 8 10 0.015
167 194 4 6 0.015
767 268 7 9 0.015
502 207 5 7 0.015
582 119 5 6 0.014
201 220 5 7 0.014
866 266 7 9 0.014
467 180 5 6 0.014
250 127 5 6 0.014
466 72 5 6 0.014
857 222 7 7 0.014
605 62 4 5 0.014
339 137 4 6 0.014
729 264 7 9 0.013
346 181 6 6 0.013
936 145 5 7 0.013
208 156 5 5 0.013
617 76 4 6 0.013
49 305 7 8 0.013
686 124 5 6 0.013
389 180 5 6 0.013
337 108 5 5 0.013
965 190 8 10 0.013
992 189 7 8 0.013
723 203 5 6 0.012
680 190 6 7 0.012
464 257 6 7 0.012
921 182 7 9 0.012
435 267 6 7 0.012
298 262 6 8 0.012
467 209 8 9 0.012
557 188 5 6 0.012
671 98 5 5 0.012
657 123 5 6 0.012
300 244 5 7 0.012
661 123 6 5 0.012
862 222 6 8 0.012
583 91 6 6 0.012
393 211 4 5 0.012
312 286 8 10 0.012
511 100 4 6 0.012
990 205 7 8 0.012
1014 215 8 10 0.012
665 98 5 6 0.012
1009 163 7 9 0.012
265 179 5 6 0.012
354 213 5 6 0.011
610 208 5 8 0.011
252 120 5 6 0.011
570 202 6 6 0.011
520 265 6 8 0.011
53 277 8 10 0.011
483 116 4 7 0.011
429 121 5 5 0.011
1 236 5 8 0.011
469 212 7 9 0.011
239 155 4 6 0.011
828 219 7 11 0.011
789 198 6 7 0.011
706 122 5 7 0.011
538 134 5 6 0.011
523 265 7 8 0.011
878 190 7 8 0.010
167 241 6 7 0.010
27 195 5 7 0.010
259 184 5 5 0.010
321 181 5 6 0.010
374 166 6 6 0.010
655 103 5 5 0.010
88 224 5 6 0.010
268 185 4 6 0.010
655 109 5 6 0.010
74 244 5 7 0.010
20 275 8 10 0.010
318 288 6 6 0.010
380 107 4 6 0.010
970 209 6 8 0.010
