0_Parade_marchingband_1_360
136
474 101 51 68 0.850
857 128 48 64 0.813
92 157 45 49 0.783
933 295 17 20 0.708
764 316 12 15 0.611
579 224 24 28 0.611
1001 325 8 10 0.589
324 319 13 14 0.562
8 333 9 12 0.519
803 317 9 11 0.371
241 257 19 26 0.331
196 344 7 8 0.304
296 348 8 10 0.282
212 346 7 8 0.253
670 313 11 13 0.247
180 346 6 8 0.180
723 315 10 12 0.164
977 332 6 8 0.146
782 305 8 9 0.134
716 330 9 10 0.127
675 311 10 13 0.108
49 197 10 11 0.102
311 265 6 7 0.085
941 119 6 7 0.081
330 318 9 12 0.081
960 335 7 9 0.080
171 330 6 7 0.074
45 196 12 13 0.072
396 247 10 13 0.071
293 294 9 10 0.067
183 270 6 7 0.067
719 323 10 12 0.063
26 327 7 9 0.060
903 99 6 7 0.059
374 244 11 15 0.059
986 339 6 8 0.058
664 315 9 12 0.052
180 270 7 7 0.049
313 264 6 7 0.049
309 265 6 6 0.048
728 314 9 11 0.048
772 309 11 14 0.039
692 313 9 11 0.039
370 243 11 13 0.037
185 270 6 7 0.037
173 331 5 8 0.035
749 126 5 6 0.035
640 310 7 9 0.034
970 333 8 10 0.033
801 320 8 10 0.033
715 324 11 13 0.032
347 313 6 9 0.031
633 321 10 12 0.031
214 346 8 9 0.031
684 311 10 11 0.031
334 302 6 8 0.030
168 329 6 8 0.030
756 305 9 11 0.030
747 105 5 6 0.029
616 295 10 12 0.027
362 243 11 13 0.027
295 351 7 9 0.027
976 330 6 8 0.026
362 328 6 8 0.026
794 339 7 8 0.025
888 89 5 6 0.024
912 113 5 7 0.023
388 246 12 14 0.023
281 269 6 8 0.022
367 305 7 10 0.021
668 317 11 12 0.021
639 322 7 9 0.021
637 342 6 7 0.020
296 327 7 9 0.020
986 365 6 7 0.020
645 294 6 7 0.019
-1 351 6 11 0.018
673 115 5 6 0.018
641 325 7 8 0.017
618 299 11 13 0.017
169 246 5 7 0.017
710 130 6 7 0.017
215 345 10 12 0.017
40 197 13 16 0.017
207 286 6 8 0.017
1017 334 6 8 0.016
29 200 10 13 0.016
791 357 7 10 0.016
756 302 8 10 0.016
364 327 7 8 0.016
788 322 8 9 0.016
186 253 5 6 0.016
781 290 6 7 0.016
910 55 5 6 0.016
346 303 7 8 0.016
224 264 9 10 0.016
956 336 8 9 0.016
299 351 7 9 0.016
205 265 6 7 0.015
917 82 5 6 0.015
206 263 6 8 0.015
631 308 7 9 0.015
655 339 6 8 0.015
366 310 9 12 0.015
218 221 5 6 0.014
733 115 5 6 0.014
917 84 5 6 0.014
800 302 6 7 0.014
330 305 9 9 0.014
703 314 9 11 0.013
784 312 8 11 0.013
47 195 14 16 0.013
638 77 5 6 0.013
640 78 5 6 0.013
802 309 7 9 0.013
1000 324 7 9 0.012
899 73 5 5 0.012
167 245 6 7 0.012
294 330 7 8 0.012
365 302 8 11 0.012
707 310 9 10 0.012
972 116 5 6 0.012
24 336 8 9 0.012
209 337 6 8 0.012
17 333 9 10 0.012
898 71 5 5 0.011
990 297 5 6 0.011
185 254 5 7 0.011
956 292 11 11 0.010
964 297 6 9 0.010
826 125 5 6 0.010
910 112 5 6 0.010
394 239 14 20 0.010
246 252 14 17 0.010
216 220 5 6 0.010
159 285 6 8 0.010
