0_Parade_marchingband_1_439
271
136 566 34 58 0.666
131 455 16 23 0.565
947 407 11 14 0.544
918 490 26 45 0.508
12 442 10 13 0.439
2 428 10 12 0.439
270 431 9 11 0.402
244 429 9 10 0.364
143 427 10 12 0.358
278 415 7 9 0.337
4 464 12 21 0.322
165 445 13 16 0.321
93 429 10 11 0.308
530 420 7 9 0.284
11 428 10 11 0.278
312 471 15 25 0.278
450 416 7 8 0.271
813 412 9 10 0.262
482 444 13 21 0.256
113 436 10 13 0.247
147 440 12 17 0.242
344 431 8 10 0.241
395 440 10 12 0.236
158 443 15 18 0.232
294 425 9 12 0.229
882 422 11 12 0.226
484 422 7 9 0.221
352 415 7 8 0.217
918 401 9 12 0.200
206 422 8 9 0.199
506 419 7 8 0.199
26 429 8 11 0.197
936 389 8 8 0.194
75 463 15 19 0.190
205 424 7 10 0.188
308 416 7 9 0.183
557 413 6 9 0.183
328 431 9 10 0.180
1013 417 8 13 0.170
50 440 11 14 0.167
416 404 6 7 0.166
802 430 11 17 0.166
376 434 7 9 0.160
269 448 10 12 0.156
516 414 7 8 0.155
390 408 6 7 0.154
914 401 9 11 0.152
359 431 7 9 0.152
389 441 9 11 0.152
885 406 10 11 0.149
194 493 20 26 0.148
509 418 7 8 0.148
38 485 22 27 0.146
434 423 7 9 0.146
419 478 11 21 0.146
884 418 10 12 0.140
221 424 9 11 0.137
182 425 8 9 0.137
391 423 8 10 0.137
833 423 12 18 0.133
706 369 11 13 0.132
171 447 10 13 0.127
505 417 7 9 0.125
368 270 6 7 0.122
378 415 7 9 0.121
493 448 11 16 0.118
469 419 7 8 0.116
439 416 6 8 0.115
981 430 13 17 0.111
486 447 12 16 0.110
468 408 6 7 0.110
518 414 7 9 0.108
406 421 7 9 0.107
436 419 7 9 0.106
541 430 7 8 0.096
69 424 9 9 0.095
477 421 7 9 0.095
150 474 17 23 0.094
886 421 10 12 0.093
463 414 7 8 0.092
335 430 8 9 0.088
307 450 12 17 0.086
473 409 6 6 0.086
393 440 8 11 0.085
234 419 7 9 0.084
59 443 11 13 0.084
335 411 6 7 0.084
1012 402 9 12 0.082
0 645 16 58 0.081
412 433 8 10 0.080
540 545 45 85 0.080
105 421 6 8 0.078
986 417 10 13 0.078
230 421 9 10 0.077
128 420 6 8 0.076
221 422 8 9 0.076
287 422 8 10 0.075
375 431 7 10 0.075
69 421 7 8 0.074
874 403 10 11 0.072
872 403 9 9 0.072
993 418 10 13 0.071
614 426 7 9 0.071
88 431 10 12 0.070
175 423 8 9 0.070
275 414 8 10 0.069
989 418 11 15 0.069
400 437 9 12 0.068
250 441 8 12 0.067
212 422 9 10 0.066
325 430 6 9 0.065
260 424 7 9 0.064
597 419 7 8 0.064
170 421 7 8 0.064
350 416 7 10 0.064
393 409 7 8 0.062
305 418 9 10 0.062
319 415 6 7 0.062
909 432 12 15 0.060
485 420 7 8 0.059
260 421 7 8 0.058
478 422 9 10 0.057
467 411 7 9 0.055
935 432 13 14 0.054
499 410 6 7 0.053
211 340 6 7 0.053
816 412 10 12 0.052
970 458 19 22 0.050
101 424 8 9 0.050
838 406 7 9 0.050
635 413 6 7 0.050
79 460 17 20 0.049
184 422 7 9 0.048
980 420 11 15 0.047
490 410 5 6 0.047
555 410 6 6 0.047
114 427 8 9 0.047
978 397 9 12 0.046
138 431 10 12 0.046
416 432 8 11 0.045
730 403 6 7 0.044
497 413 8 9 0.044
782 419 10 12 0.043
1005 355 6 7 0.042
68 425 9 12 0.041
966 421 10 12 0.040
540 414 6 7 0.040
23 444 9 12 0.040
519 410 5 7 0.038
477 424 8 9 0.038
793 425 11 14 0.037
1011 386 7 9 0.037
749 417 7 10 0.037
663 407 6 6 0.037
855 406 9 11 0.036
144 471 17 22 0.036
683 403 6 6 0.036
376 427 9 11 0.035
967 455 17 21 0.034
274 447 10 11 0.034
249 404 6 6 0.034
812 409 12 16 0.033
370 269 6 8 0.032
429 526 17 28 0.032
395 409 6 7 0.032
153 447 16 18 0.031
866 403 8 9 0.031
805 397 6 7 0.030
317 440 10 13 0.030
409 427 9 11 0.030
197 426 8 9 0.030
244 458 16 24 0.029
90 421 7 7 0.029
421 413 6 7 0.029
552 461 12 22 0.028
599 418 6 8 0.028
830 428 12 17 0.028
76 439 13 15 0.028
311 449 9 14 0.026
539 426 9 11 0.026
318 479 14 22 0.026
288 388 5 6 0.026
728 403 6 7 0.026
862 403 9 10 0.025
123 421 7 8 0.025
1005 388 8 9 0.025
843 404 8 9 0.024
51 425 7 8 0.024
748 414 7 8 0.024
1003 414 10 13 0.024
799 396 5 6 0.023
313 428 8 10 0.023
425 522 16 28 0.023
1006 392 8 11 0.023
731 647 51 72 0.023
162 411 5 7 0.023
1015 383 6 8 0.023
803 397 5 7 0.022
540 409 5 7 0.022
796 428 9 13 0.022
434 533 18 25 0.022
376 442 9 11 0.022
549 464 15 28 0.022
548 427 6 8 0.022
414 480 13 20 0.021
365 268 8 10 0.021
205 422 12 14 0.021
160 442 19 23 0.021
108 437 10 12 0.021
602 421 8 10 0.020
966 374 6 8 0.020
529 410 5 6 0.020
638 414 6 7 0.020
845 407 9 9 0.020
48 476 16 22 0.020
249 408 5 8 0.020
441 538 18 23 0.020
777 397 6 8 0.019
20 477 16 22 0.019
11 472 15 22 0.019
419 483 13 21 0.018
996 371 6 8 0.018
710 423 7 8 0.018
977 394 8 10 0.017
440 409 5 7 0.017
632 412 9 9 0.016
597 421 9 11 0.016
808 397 5 6 0.016
556 460 11 19 0.015
249 465 13 21 0.015
782 396 5 6 0.015
323 408 5 7 0.015
967 403 8 11 0.015
528 418 11 13 0.014
727 404 6 8 0.014
634 413 9 10 0.014
973 405 9 12 0.014
178 450 10 12 0.014
665 406 6 7 0.014
921 570 40 64 0.014
233 197 6 8 0.014
925 431 14 17 0.014
708 422 5 7 0.013
42 489 23 31 0.013
85 420 7 7 0.013
661 406 5 6 0.013
1005 354 8 11 0.013
43 427 8 9 0.013
619 421 6 8 0.013
978 463 17 21 0.013
781 398 5 7 0.013
977 426 20 26 0.012
324 490 11 16 0.012
196 454 10 13 0.012
967 376 6 8 0.012
314 463 12 22 0.011
176 346 6 7 0.011
776 395 6 7 0.011
22 411 6 7 0.011
747 406 6 8 0.011
968 641 41 73 0.011
1013 425 9 16 0.011
783 424 10 12 0.011
693 418 6 7 0.011
409 438 9 12 0.011
210 337 9 11 0.011
749 419 9 11 0.010
965 447 13 16 0.010
743 409 8 10 0.010
486 429 7 12 0.010
173 344 6 7 0.010
