0_Parade_Parade_0_465
26
408 113 93 126 0.862
514 117 102 132 0.858
1004 122 17 20 0.730
106 85 22 36 0.722
948 121 14 18 0.604
903 99 15 17 0.464
908 126 13 16 0.414
904 122 15 19 0.174
848 107 15 19 0.103
851 104 16 19 0.077
897 100 15 16 0.049
884 103 12 14 0.043
827 97 14 20 0.040
881 104 10 14 0.038
952 118 12 18 0.036
955 106 10 13 0.033
865 112 13 18 0.023
441 382 27 23 0.022
886 99 12 15 0.021
945 119 13 17 0.014
932 133 9 12 0.014
888 142 13 14 0.014
869 115 13 17 0.014
822 98 14 20 0.013
543 395 21 25 0.012
859 115 14 18 0.010
