0_Parade_Parade_0_628
77
449 198 28 38 0.757
307 238 23 28 0.754
577 236 22 28 0.749
624 221 20 28 0.713
982 257 20 22 0.692
903 276 16 20 0.661
692 266 17 21 0.655
785 288 13 15 0.632
786 338 13 15 0.631
757 291 10 13 0.539
78 329 8 9 0.393
159 343 6 7 0.347
26 300 10 12 0.331
22 327 9 11 0.313
139 337 6 8 0.248
826 276 11 15 0.246
708 295 10 14 0.235
108 334 7 8 0.212
25 329 9 10 0.206
727 331 13 16 0.196
137 337 6 8 0.180
195 335 6 6 0.160
87 342 7 8 0.141
119 340 6 7 0.137
19 327 9 11 0.112
495 241 17 28 0.111
197 335 5 7 0.104
822 273 12 16 0.097
81 334 9 10 0.097
4 318 10 11 0.095
45 328 6 8 0.089
741 312 9 11 0.070
69 336 6 8 0.068
48 331 6 8 0.068
55 339 6 7 0.066
796 283 13 15 0.054
30 331 8 10 0.054
140 336 8 9 0.051
106 330 6 8 0.046
86 336 8 9 0.046
945 297 10 13 0.045
698 267 14 18 0.044
829 272 10 17 0.044
142 352 6 7 0.041
3 345 6 8 0.035
1005 205 6 7 0.035
803 296 9 13 0.033
89 345 6 8 0.031
980 209 7 7 0.030
151 352 6 7 0.030
884 319 6 7 0.028
603 232 12 18 0.024
793 291 11 14 0.024
165 342 6 7 0.023
827 266 11 15 0.023
909 275 16 20 0.023
815 276 12 15 0.023
37 334 7 8 0.023
738 314 10 13 0.023
358 291 9 12 0.021
50 329 6 7 0.021
136 324 5 7 0.019
95 328 6 8 0.019
56 333 8 10 0.019
651 295 7 9 0.018
741 308 9 11 0.016
559 180 8 8 0.016
197 357 4 5 0.014
359 358 7 8 0.013
732 329 11 16 0.012
722 336 13 15 0.012
883 317 9 12 0.011
884 321 6 8 0.011
243 322 6 8 0.011
110 381 5 7 0.011
885 315 7 9 0.011
674 323 13 15 0.010
