0_Parade_marchingband_1_759
27
631 118 57 74 0.861
367 22 51 62 0.853
138 148 49 59 0.838
341 125 46 56 0.829
171 3 49 59 0.827
136 45 50 60 0.822
304 18 46 60 0.818
494 137 49 64 0.811
570 136 57 69 0.806
53 41 37 45 0.796
89 18 36 50 0.790
8 33 35 47 0.790
410 130 49 59 0.787
227 13 29 49 0.676
0 22 13 26 0.172
42 68 26 42 0.139
67 0 20 19 0.123
250 123 33 49 0.089
877 109 39 63 0.082
31 13 29 38 0.043
139 -1 24 15 0.027
470 141 39 57 0.022
21 10 28 35 0.020
263 121 31 49 0.017
219 9 27 53 0.016
230 126 41 54 0.014
204 134 32 53 0.012
