0_Parade_Parade_0_72
39
134 332 32 44 0.765
456 385 29 32 0.738
738 365 20 23 0.718
665 347 26 41 0.699
788 267 21 24 0.696
351 469 20 24 0.693
412 380 16 19 0.673
628 366 19 25 0.663
773 345 17 21 0.657
210 370 20 22 0.656
495 339 19 20 0.650
546 375 17 23 0.645
347 376 16 20 0.596
624 343 19 22 0.589
256 385 16 17 0.582
3 476 15 17 0.442
572 597 41 34 0.337
545 347 11 15 0.327
68 559 19 20 0.326
7 478 15 18 0.311
207 364 18 22 0.051
616 359 15 22 0.040
450 372 18 22 0.039
454 379 25 28 0.034
23 544 14 18 0.034
541 376 15 22 0.033
495 331 18 20 0.030
546 367 16 22 0.029
414 448 15 21 0.027
581 368 12 16 0.020
541 364 13 18 0.018
262 387 14 17 0.016
544 344 10 14 0.015
54 548 13 16 0.014
342 370 16 21 0.013
498 325 14 15 0.013
617 354 15 20 0.012
565 585 42 40 0.011
631 361 20 24 0.010
