0_Parade_Parade_0_664
339
16 337 35 35 0.794
619 340 21 27 0.764
413 335 19 24 0.744
489 323 20 26 0.742
212 315 21 26 0.741
659 319 18 23 0.725
123 322 23 26 0.716
843 323 20 25 0.704
466 340 22 30 0.700
977 344 18 22 0.692
361 322 15 20 0.674
542 351 24 25 0.669
58 309 18 21 0.655
516 313 14 18 0.653
33 306 18 21 0.644
938 336 26 29 0.636
582 326 17 22 0.617
172 351 21 24 0.598
464 300 14 18 0.596
196 293 13 16 0.591
808 347 18 25 0.578
785 327 12 15 0.563
576 309 12 14 0.562
425 308 11 15 0.547
133 303 13 14 0.540
259 358 33 27 0.538
107 302 16 20 0.521
89 288 9 11 0.493
1 326 10 25 0.461
976 320 11 13 0.449
39 287 9 11 0.437
69 284 9 11 0.436
245 307 17 24 0.436
923 308 9 12 0.431
231 296 11 13 0.426
637 310 13 15 0.421
163 304 10 14 0.400
271 280 8 10 0.381
1013 323 10 13 0.369
674 312 12 16 0.349
345 358 22 21 0.338
16 287 7 9 0.331
982 309 10 12 0.326
179 288 8 10 0.324
957 315 11 13 0.319
998 303 8 11 0.317
504 298 8 10 0.316
557 294 7 9 0.312
738 331 15 19 0.308
343 310 13 18 0.301
659 302 7 9 0.296
882 356 25 24 0.296
937 316 12 13 0.292
794 293 6 8 0.283
129 279 9 10 0.271
724 298 7 8 0.247
766 347 16 21 0.243
356 304 13 16 0.242
213 299 10 12 0.234
893 320 10 13 0.230
620 288 7 8 0.229
158 305 12 15 0.229
890 319 9 11 0.227
527 301 7 8 0.222
700 304 8 9 0.218
249 276 7 9 0.213
872 328 10 11 0.210
684 299 7 8 0.205
859 308 8 9 0.197
491 302 10 13 0.196
987 294 7 8 0.194
701 316 8 10 0.194
710 289 6 7 0.191
350 306 14 17 0.189
919 342 15 21 0.186
72 285 10 11 0.185
864 340 13 16 0.184
792 315 10 11 0.183
916 296 7 8 0.180
536 307 11 15 0.175
469 283 6 8 0.173
410 292 8 11 0.163
730 288 5 6 0.161
495 308 12 15 0.158
945 297 7 8 0.157
347 308 14 18 0.152
593 299 7 8 0.151
841 297 8 9 0.150
488 303 14 17 0.147
42 271 6 7 0.146
248 303 14 17 0.140
762 324 9 11 0.139
781 294 6 7 0.138
533 304 10 12 0.137
759 297 6 7 0.136
748 300 7 9 0.136
896 309 7 9 0.133
1012 339 10 17 0.129
188 292 12 13 0.127
311 283 7 9 0.127
726 354 24 23 0.123
1007 295 8 9 0.123
382 286 10 12 0.122
94 288 8 11 0.122
201 292 11 14 0.121
676 316 13 16 0.120
894 316 8 11 0.119
946 299 7 9 0.119
941 297 7 8 0.118
835 368 23 22 0.116
780 293 6 7 0.116
633 310 10 12 0.115
441 303 9 12 0.115
1000 301 8 10 0.114
134 306 17 20 0.112
267 304 14 18 0.112
772 307 7 10 0.112
339 279 6 7 0.111
301 284 8 9 0.109
306 332 15 21 0.108
524 313 14 15 0.104
153 293 7 10 0.103
130 277 7 9 0.100
925 309 11 12 0.100
288 304 14 19 0.099
746 289 5 6 0.099
382 285 8 9 0.098
442 308 10 14 0.098
251 311 18 24 0.098
289 300 11 15 0.097
387 294 11 13 0.096
273 303 12 15 0.093
538 281 5 6 0.092
825 296 7 8 0.092
560 295 8 9 0.091
427 305 10 12 0.087
371 301 11 13 0.086
408 291 8 11 0.086
29 303 15 18 0.086
336 281 8 10 0.086
812 353 20 22 0.085
775 287 6 6 0.085
1011 303 8 11 0.083
379 286 9 10 0.083
979 315 10 12 0.082
901 323 10 13 0.081
393 296 10 11 0.080
891 313 9 11 0.077
251 290 9 11 0.076
313 282 7 8 0.074
593 323 16 21 0.071
444 282 6 8 0.071
511 291 7 8 0.070
59 302 12 16 0.069
912 345 17 20 0.068
118 283 9 10 0.068
668 301 6 7 0.066
935 298 7 9 0.066
282 301 10 14 0.065
6 270 6 7 0.065
877 348 17 21 0.064
115 277 7 8 0.064
216 297 9 11 0.064
789 326 13 18 0.062
239 294 9 11 0.061
8 273 6 8 0.061
580 285 5 6 0.060
578 289 6 7 0.060
282 304 15 18 0.060
344 304 10 14 0.060
490 301 7 9 0.059
337 314 13 17 0.059
325 293 10 14 0.058
60 280 7 7 0.058
369 320 14 18 0.056
470 284 8 10 0.056
960 310 8 11 0.056
896 337 14 17 0.056
513 288 5 7 0.056
379 285 6 9 0.055
45 286 8 10 0.055
696 284 5 6 0.055
791 293 6 7 0.055
697 310 10 13 0.053
635 282 6 7 0.053
357 284 7 8 0.053
747 297 6 7 0.052
117 276 6 7 0.051
421 289 7 8 0.051
758 314 8 12 0.050
626 298 9 12 0.049
358 288 7 9 0.048
846 300 9 11 0.048
82 306 10 13 0.046
728 290 7 9 0.045
471 302 12 17 0.045
966 300 6 7 0.044
285 299 8 11 0.044
608 276 4 6 0.043
724 352 18 21 0.043
711 331 10 13 0.043
707 329 12 17 0.043
602 290 6 7 0.043
719 277 5 6 0.041
535 316 12 16 0.041
365 325 16 20 0.040
696 320 9 12 0.039
88 291 9 11 0.039
860 299 6 8 0.039
719 280 5 6 0.038
844 293 8 9 0.038
384 318 12 16 0.037
181 291 8 11 0.037
81 273 6 7 0.037
246 281 9 11 0.036
521 334 15 17 0.035
311 284 10 12 0.035
336 266 6 7 0.035
423 287 5 7 0.034
223 309 17 23 0.034
552 277 5 6 0.034
155 291 9 11 0.034
590 299 9 12 0.034
778 287 5 7 0.033
1004 293 8 11 0.033
792 306 8 11 0.033
335 264 5 7 0.032
26 274 6 7 0.032
685 288 6 6 0.032
926 288 5 6 0.030
750 312 9 11 0.030
549 277 6 6 0.030
1003 289 6 8 0.029
500 277 6 6 0.029
154 288 7 8 0.029
14 285 11 15 0.029
77 307 12 15 0.028
794 290 6 6 0.028
908 286 5 6 0.028
692 292 6 8 0.028
913 300 9 11 0.027
271 276 7 9 0.027
5 304 7 12 0.027
754 299 9 11 0.027
874 293 6 7 0.027
110 265 6 7 0.026
374 272 6 6 0.026
221 283 7 9 0.026
269 275 12 16 0.026
28 272 5 6 0.025
702 326 12 18 0.025
797 315 9 11 0.025
769 304 9 11 0.025
29 264 5 6 0.024
223 270 6 8 0.024
533 339 17 19 0.024
949 317 15 18 0.024
846 289 5 7 0.024
618 306 8 11 0.024
766 336 12 16 0.024
203 314 12 16 0.023
751 293 8 10 0.023
640 283 6 6 0.023
17 263 4 6 0.022
21 296 10 13 0.022
501 279 6 6 0.022
887 285 5 6 0.022
615 277 5 5 0.022
0 318 8 18 0.021
256 276 6 7 0.021
883 290 5 7 0.021
46 267 5 7 0.021
503 294 9 11 0.021
873 289 5 6 0.021
620 300 8 10 0.020
651 279 5 5 0.020
584 283 5 6 0.020
607 278 5 7 0.019
826 294 8 9 0.019
691 329 14 20 0.019
947 341 20 25 0.019
321 308 12 16 0.019
666 276 4 6 0.019
836 287 5 6 0.018
442 290 7 9 0.018
871 304 7 8 0.018
902 297 6 8 0.018
740 313 9 11 0.018
12 271 5 6 0.017
1 329 23 29 0.017
277 330 16 20 0.017
499 278 5 7 0.017
150 367 24 21 0.017
905 284 5 6 0.017
600 326 14 20 0.017
513 292 8 10 0.017
238 276 7 8 0.016
541 278 5 6 0.016
109 262 5 7 0.016
811 286 5 6 0.016
152 360 28 26 0.016
632 307 19 23 0.015
555 292 11 14 0.015
807 289 5 7 0.015
638 314 13 16 0.014
354 302 18 24 0.014
4 267 8 9 0.014
0 340 10 24 0.014
412 276 6 6 0.014
452 261 5 7 0.013
655 277 5 5 0.013
828 310 8 12 0.013
56 260 5 6 0.013
400 274 5 6 0.013
411 287 6 7 0.013
877 355 20 23 0.013
633 282 8 9 0.013
447 285 6 8 0.012
306 299 10 13 0.012
682 292 8 10 0.012
669 310 20 27 0.012
828 286 5 6 0.012
478 276 5 6 0.012
598 293 8 10 0.011
571 291 8 10 0.011
233 272 6 7 0.011
829 342 13 17 0.011
840 295 12 14 0.011
193 282 7 8 0.011
753 287 5 5 0.011
388 312 13 17 0.011
202 320 11 16 0.011
407 280 5 7 0.011
527 332 16 20 0.011
215 280 7 9 0.010
129 300 20 23 0.010
195 292 18 22 0.010
697 303 12 15 0.010
346 268 5 6 0.010
