0_Parade_marchingband_1_695
147
573 93 61 71 0.833
846 197 41 43 0.806
310 171 48 57 0.805
183 210 39 50 0.765
517 239 26 32 0.738
752 267 27 30 0.729
142 246 30 35 0.709
78 266 26 33 0.613
280 167 15 22 0.578
430 171 15 18 0.459
20 292 21 24 0.455
260 177 15 21 0.424
556 148 12 14 0.412
993 72 10 13 0.397
479 178 13 17 0.371
909 110 8 10 0.362
377 196 25 34 0.346
941 95 11 13 0.344
976 267 22 24 0.339
744 151 8 9 0.324
827 145 8 10 0.319
517 171 12 16 0.287
718 143 7 9 0.261
881 113 7 8 0.258
385 169 14 20 0.251
704 153 8 10 0.231
800 129 6 7 0.229
969 86 8 12 0.224
999 75 9 12 0.202
927 99 8 9 0.186
1005 78 8 10 0.181
760 141 7 8 0.179
426 173 14 16 0.172
747 151 8 9 0.153
505 166 12 14 0.151
1015 62 6 9 0.149
274 174 17 21 0.145
1008 132 9 11 0.140
758 142 8 9 0.129
559 148 12 15 0.114
255 178 12 18 0.107
944 92 10 13 0.105
829 146 9 11 0.104
823 128 6 7 0.101
957 234 28 29 0.095
712 147 8 10 0.095
894 108 7 8 0.090
784 133 6 8 0.088
689 153 7 8 0.087
692 152 7 9 0.077
972 82 10 12 0.075
772 145 7 9 0.072
848 124 6 7 0.072
990 69 9 11 0.068
914 142 8 9 0.067
767 169 9 11 0.063
535 181 14 19 0.063
1013 115 8 11 0.059
772 128 5 6 0.053
818 139 9 10 0.050
507 331 27 33 0.049
761 144 8 11 0.048
311 142 17 27 0.047
932 81 6 8 0.047
810 153 8 10 0.043
1009 238 14 34 0.042
257 175 12 17 0.042
794 129 7 9 0.041
1013 64 9 11 0.041
875 118 9 9 0.040
722 145 7 8 0.037
417 175 11 14 0.037
1014 112 8 11 0.036
829 129 6 8 0.035
920 326 28 29 0.035
353 183 24 39 0.035
781 163 8 11 0.034
483 177 11 13 0.033
1006 114 8 11 0.033
108 239 13 17 0.032
506 308 23 28 0.031
705 156 8 10 0.030
960 93 7 10 0.028
864 109 6 7 0.028
871 120 7 10 0.027
954 119 9 12 0.027
840 120 6 7 0.027
696 138 6 7 0.026
462 182 10 13 0.025
1005 136 9 11 0.025
931 124 8 12 0.025
438 174 13 16 0.025
763 170 8 9 0.024
3 261 9 12 0.024
442 479 15 17 0.024
799 131 6 8 0.022
469 180 12 14 0.022
528 182 15 19 0.021
538 176 9 12 0.021
807 153 7 10 0.020
742 128 5 6 0.020
867 93 5 7 0.019
1004 122 10 12 0.019
685 151 7 8 0.019
1 339 12 23 0.019
923 151 8 10 0.018
511 164 11 14 0.018
935 78 6 7 0.017
353 183 43 51 0.017
1004 110 8 11 0.017
889 121 7 9 0.017
92 343 14 21 0.017
838 114 5 6 0.016
815 124 5 7 0.016
863 111 6 8 0.016
895 159 11 12 0.016
437 167 13 17 0.015
255 183 14 18 0.015
3 347 8 14 0.015
743 129 5 7 0.015
786 129 5 7 0.014
947 19 7 10 0.014
114 188 6 6 0.014
363 195 28 37 0.014
949 105 10 13 0.014
30 262 7 9 0.014
986 66 7 11 0.014
663 154 8 9 0.013
668 150 6 7 0.013
541 178 10 15 0.013
817 173 8 12 0.013
696 141 8 9 0.013
977 262 19 20 0.012
471 171 9 11 0.012
567 186 16 20 0.012
13 282 11 17 0.012
52 274 9 13 0.012
569 145 14 22 0.012
408 184 10 13 0.011
986 64 7 9 0.011
848 99 5 5 0.011
1001 138 10 12 0.011
478 364 12 19 0.011
138 236 18 23 0.011
25 295 21 25 0.010
50 270 9 12 0.010
950 75 6 7 0.010
