0_Parade_Parade_0_239
43
352 292 33 43 0.831
501 375 33 41 0.811
507 293 29 33 0.796
902 279 32 41 0.795
229 319 33 38 0.781
275 301 26 33 0.780
880 326 34 39 0.769
395 286 32 38 0.764
609 291 28 38 0.748
707 290 24 32 0.741
747 289 35 44 0.737
853 308 15 19 0.541
832 309 12 15 0.533
36 296 36 44 0.265
330 322 25 36 0.168
1013 310 11 23 0.140
885 302 35 46 0.137
483 278 18 28 0.093
961 315 17 21 0.075
619 244 13 15 0.055
332 313 20 29 0.037
901 240 15 20 0.035
804 309 11 16 0.032
859 310 12 15 0.031
7 298 12 19 0.030
253 0 39 14 0.029
968 316 18 22 0.026
41 312 33 41 0.025
706 259 10 13 0.023
51 308 30 42 0.022
59 368 22 31 0.019
999 257 10 15 0.018
983 313 12 15 0.017
623 243 12 14 0.015
61 320 22 31 0.014
697 275 15 22 0.013
797 310 14 20 0.012
847 305 10 14 0.012
1013 320 9 21 0.012
63 373 22 33 0.011
955 313 16 20 0.011
267 0 34 11 0.011
1010 308 11 19 0.011
