0_Parade_Parade_0_639
112
634 573 49 70 0.814
714 79 25 32 0.793
592 100 27 33 0.787
339 206 35 43 0.771
515 159 28 35 0.766
974 532 49 103 0.680
951 421 16 22 0.673
439 271 28 34 0.614
808 443 12 18 0.596
938 408 11 14 0.583
882 427 16 18 0.523
824 437 11 14 0.512
966 404 11 13 0.470
686 452 13 16 0.436
274 198 35 43 0.429
987 408 9 11 0.409
904 413 9 10 0.373
892 553 45 80 0.343
839 470 17 22 0.301
685 0 28 14 0.295
841 428 8 10 0.293
925 434 12 14 0.256
1009 418 10 14 0.210
751 449 12 12 0.201
966 479 32 49 0.199
925 411 9 10 0.162
784 428 8 10 0.124
737 443 8 11 0.123
911 436 11 13 0.119
702 446 11 13 0.108
778 446 9 11 0.103
831 441 11 13 0.098
754 447 12 13 0.094
881 425 13 15 0.093
288 226 27 34 0.092
20 20 7 8 0.089
1004 404 7 10 0.081
673 448 8 12 0.079
990 395 7 8 0.076
837 431 10 12 0.075
932 437 11 15 0.074
866 458 13 20 0.072
938 423 13 16 0.071
431 276 28 34 0.069
840 447 10 14 0.062
821 464 16 20 0.062
1011 405 7 9 0.061
996 406 9 11 0.061
1007 406 9 12 0.060
261 249 34 33 0.056
602 440 14 17 0.052
270 240 33 34 0.051
672 447 7 10 0.050
833 276 13 15 0.048
969 474 21 36 0.048
771 442 9 11 0.043
806 429 8 9 0.043
816 49 35 36 0.042
910 410 8 10 0.041
455 496 15 21 0.041
782 427 7 10 0.041
992 417 10 13 0.039
921 254 6 8 0.038
268 226 36 37 0.037
670 451 11 14 0.036
539 420 11 17 0.033
567 735 78 33 0.033
874 417 9 9 0.032
277 215 34 44 0.031
1010 423 10 16 0.028
642 456 11 14 0.027
731 448 12 13 0.026
736 441 12 15 0.025
903 570 46 66 0.025
983 419 12 15 0.024
746 450 12 12 0.024
23 22 7 7 0.024
296 236 21 25 0.023
29 91 6 8 0.021
756 411 11 12 0.021
451 271 26 32 0.021
1004 394 6 7 0.019
534 201 20 24 0.019
702 413 13 20 0.019
704 419 10 17 0.018
730 453 11 12 0.017
782 427 12 14 0.017
984 427 11 14 0.017
776 445 12 16 0.017
967 484 47 55 0.016
980 429 10 14 0.016
816 472 17 22 0.016
525 200 20 24 0.015
1018 363 5 10 0.015
779 450 10 13 0.014
877 416 9 10 0.014
806 435 9 12 0.014
948 409 10 11 0.014
600 443 12 16 0.014
862 463 15 21 0.013
824 419 7 8 0.013
538 425 12 18 0.013
543 200 18 25 0.013
567 453 11 16 0.012
426 286 21 26 0.012
945 456 16 21 0.012
959 467 17 25 0.011
696 1 22 13 0.011
947 461 19 26 0.011
680 448 18 23 0.010
915 564 50 78 0.010
278 204 24 29 0.010
