0_Parade_Parade_0_850
69
485 298 23 31 0.786
249 315 21 25 0.765
941 285 28 35 0.763
364 312 21 26 0.762
750 302 24 28 0.747
836 293 27 42 0.738
621 288 32 39 0.708
153 313 19 23 0.696
189 317 16 18 0.691
74 319 16 20 0.681
126 318 15 19 0.675
990 328 12 19 0.661
859 336 15 18 0.629
544 335 12 14 0.621
34 320 14 16 0.598
52 325 11 14 0.485
409 327 6 7 0.327
272 316 12 16 0.264
682 337 6 8 0.261
428 330 6 6 0.253
6 329 8 11 0.228
516 329 6 9 0.113
12 340 13 14 0.077
394 331 6 7 0.076
845 337 11 13 0.068
851 336 14 17 0.067
161 312 15 21 0.057
4 327 13 15 0.054
392 333 6 6 0.052
230 326 10 12 0.052
96 298 11 15 0.050
379 299 10 13 0.046
883 334 9 12 0.045
56 325 12 16 0.043
887 337 9 11 0.039
518 332 6 9 0.033
227 322 12 15 0.031
39 311 13 14 0.029
683 335 6 7 0.027
92 300 12 15 0.027
31 317 13 16 0.026
512 330 8 11 0.026
943 236 23 29 0.025
419 329 8 8 0.025
882 330 8 11 0.024
276 315 10 14 0.023
707 332 7 9 0.022
317 97 114 152 0.021
494 304 16 22 0.021
518 327 5 7 0.020
285 295 5 6 0.019
417 327 7 9 0.018
0 273 5 7 0.017
874 333 12 17 0.015
783 164 7 8 0.015
653 331 6 8 0.014
109 340 11 13 0.014
695 340 8 8 0.013
612 294 29 33 0.013
14 300 8 11 0.013
373 317 14 19 0.012
602 300 19 26 0.012
89 323 11 15 0.011
301 354 7 8 0.011
670 338 6 7 0.011
891 342 8 10 0.011
427 328 8 9 0.011
658 338 5 6 0.010
869 341 12 14 0.010
