0_Parade_Parade_0_164
703
899 501 14 16 0.550
143 389 11 13 0.536
90 395 11 13 0.508
18 434 14 17 0.508
181 376 10 12 0.499
278 399 8 11 0.497
999 438 10 13 0.484
224 356 10 12 0.473
123 410 11 13 0.455
643 261 9 11 0.452
195 375 10 12 0.450
251 303 9 11 0.447
833 585 13 15 0.444
941 419 11 13 0.442
313 309 9 11 0.441
45 394 11 13 0.437
335 318 9 11 0.428
286 302 8 11 0.419
87 419 12 15 0.409
62 426 11 14 0.408
135 369 12 13 0.406
284 325 10 11 0.404
239 322 9 11 0.379
988 322 8 9 0.372
298 377 9 11 0.365
679 270 10 13 0.361
656 283 12 15 0.359
365 298 7 9 0.353
258 375 10 12 0.346
848 368 9 10 0.339
680 234 8 10 0.338
286 257 7 9 0.331
636 303 10 12 0.329
126 338 9 13 0.326
925 473 12 14 0.317
124 345 9 13 0.312
931 539 12 18 0.309
690 330 12 13 0.303
923 408 10 11 0.301
1005 330 8 11 0.300
691 283 8 10 0.293
793 424 10 15 0.291
229 344 9 11 0.288
834 439 10 12 0.287
656 251 9 12 0.286
340 294 7 9 0.285
888 632 12 15 0.281
804 381 9 11 0.279
899 268 7 8 0.277
964 252 7 7 0.275
948 300 7 9 0.274
1001 557 13 16 0.274
23 431 12 16 0.266
866 294 8 9 0.265
998 643 15 18 0.261
972 357 9 11 0.255
116 394 10 12 0.252
215 420 10 14 0.245
916 287 8 9 0.245
368 277 6 8 0.242
901 338 8 10 0.241
998 590 15 16 0.240
732 268 8 10 0.233
290 359 9 11 0.233
714 299 10 14 0.231
998 303 7 9 0.228
842 348 9 10 0.224
821 377 9 11 0.224
493 352 8 11 0.223
963 324 7 9 0.221
491 263 6 8 0.221
912 367 9 11 0.221
314 330 8 10 0.220
936 250 7 8 0.218
713 244 8 10 0.213
1002 641 15 17 0.208
896 297 7 9 0.203
915 311 8 10 0.202
540 238 6 8 0.202
897 562 11 14 0.199
721 281 9 10 0.198
997 360 10 13 0.198
672 359 12 15 0.197
705 271 7 8 0.196
665 245 8 9 0.191
455 376 9 13 0.186
864 434 10 11 0.186
947 388 10 12 0.185
108 406 10 13 0.184
984 514 13 18 0.182
318 331 9 10 0.181
839 294 8 9 0.179
592 295 9 11 0.176
694 259 8 11 0.175
941 223 7 8 0.172
618 235 7 9 0.167
247 387 9 11 0.166
470 269 7 9 0.164
980 756 16 12 0.164
867 398 8 10 0.158
138 375 11 14 0.156
243 314 8 12 0.155
625 272 9 13 0.152
648 234 7 8 0.147
740 229 7 8 0.147
864 375 9 10 0.144
701 222 6 7 0.141
410 306 7 8 0.139
112 395 11 14 0.139
332 319 9 11 0.138
831 276 7 9 0.138
626 231 6 8 0.136
979 261 7 8 0.135
624 277 10 13 0.130
917 336 8 9 0.130
892 452 10 14 0.129
636 371 10 11 0.128
960 325 8 8 0.128
649 316 11 14 0.127
511 250 7 8 0.127
419 263 7 8 0.124
864 292 7 10 0.122
721 255 8 10 0.122
752 249 7 9 0.121
723 278 8 11 0.120
236 313 7 10 0.120
216 362 11 12 0.120
994 647 14 18 0.119
919 268 7 8 0.119
653 213 6 7 0.119
687 279 9 13 0.118
1006 324 8 10 0.118
916 267 7 8 0.117
515 340 10 12 0.115
991 423 9 13 0.115
774 222 6 8 0.114
973 338 7 9 0.113
975 521 13 18 0.113
978 520 14 18 0.113
853 370 9 11 0.111
877 426 9 12 0.110
894 312 7 9 0.110
885 260 6 8 0.105
886 454 11 13 0.105
606 218 6 8 0.103
619 211 6 7 0.103
268 347 8 11 0.103
964 384 10 12 0.103
902 283 7 9 0.102
830 151 6 8 0.102
868 294 8 9 0.101
510 248 7 8 0.101
622 233 7 8 0.101
358 317 8 10 0.100
743 257 8 9 0.099
909 362 8 10 0.098
939 326 8 9 0.097
993 238 6 7 0.097
941 359 9 10 0.097
122 348 9 13 0.094
418 265 6 7 0.093
464 424 11 15 0.092
589 295 9 11 0.090
259 380 9 12 0.090
225 342 9 10 0.089
973 293 6 9 0.089
887 332 7 9 0.088
741 609 13 17 0.088
236 316 8 11 0.087
1017 300 7 9 0.087
978 262 7 9 0.086
738 227 6 8 0.084
2 401 8 12 0.084
627 230 6 7 0.083
246 487 15 21 0.083
730 253 8 9 0.083
595 204 5 7 0.082
762 245 6 8 0.081
914 337 8 9 0.081
904 194 5 6 0.080
675 347 10 12 0.080
907 267 7 8 0.079
987 511 14 16 0.079
889 175 7 7 0.079
428 283 6 8 0.078
249 357 8 9 0.078
815 399 9 12 0.078
695 264 8 11 0.078
0 429 8 13 0.077
952 277 7 9 0.077
449 248 6 7 0.077
236 327 10 12 0.077
323 308 8 9 0.077
932 293 8 9 0.077
481 241 5 7 0.076
913 217 6 7 0.076
687 321 10 12 0.076
721 236 7 9 0.076
432 247 6 7 0.076
839 562 12 13 0.076
706 273 8 9 0.076
977 452 12 15 0.076
690 233 7 9 0.075
799 385 9 11 0.075
929 194 6 7 0.074
955 206 6 7 0.074
939 248 7 9 0.074
942 448 9 11 0.074
243 386 9 11 0.073
774 226 6 8 0.073
126 356 10 13 0.073
552 302 12 15 0.073
632 264 8 11 0.072
760 243 6 8 0.072
125 407 10 13 0.072
947 453 10 12 0.071
755 249 7 8 0.071
988 481 11 15 0.070
524 272 7 7 0.070
398 270 6 7 0.069
1002 360 8 12 0.069
429 281 5 7 0.069
295 376 9 12 0.069
343 294 6 9 0.068
515 376 10 14 0.068
921 267 7 9 0.068
940 279 7 8 0.068
898 244 6 7 0.067
696 238 7 9 0.067
797 425 9 13 0.066
944 449 10 13 0.066
969 610 13 15 0.065
972 361 8 10 0.065
861 314 7 9 0.065
427 289 6 8 0.065
400 269 7 7 0.065
211 416 10 13 0.065
632 396 12 15 0.064
344 422 11 14 0.063
931 349 9 10 0.063
827 469 11 14 0.063
877 350 8 9 0.063
389 304 8 9 0.063
615 235 7 8 0.062
169 327 7 8 0.062
866 373 9 12 0.062
915 219 6 7 0.061
271 355 10 12 0.061
620 209 6 7 0.061
955 273 7 9 0.060
836 290 7 9 0.060
938 363 9 10 0.060
896 316 7 9 0.060
918 315 7 10 0.060
283 303 8 11 0.059
489 259 8 10 0.059
499 239 6 7 0.059
464 475 12 19 0.059
882 357 9 10 0.058
853 160 5 6 0.057
298 331 8 9 0.057
736 286 7 9 0.057
607 327 10 14 0.057
897 242 5 8 0.056
883 278 7 9 0.056
986 505 14 17 0.056
876 168 6 7 0.056
865 399 8 11 0.056
699 260 8 10 0.055
960 351 8 11 0.055
950 383 10 13 0.055
416 380 8 12 0.055
963 610 14 16 0.055
537 388 10 12 0.055
935 160 6 7 0.054
738 284 8 9 0.054
246 499 17 25 0.054
465 410 11 14 0.054
681 263 9 11 0.053
854 326 8 9 0.053
451 265 7 8 0.053
993 313 8 9 0.052
735 266 8 10 0.052
469 265 7 8 0.052
938 286 7 9 0.052
283 298 7 11 0.052
1015 336 7 11 0.052
927 193 6 7 0.052
545 212 5 7 0.051
519 405 11 14 0.051
472 265 7 9 0.051
856 329 7 8 0.051
928 163 6 8 0.051
440 278 6 7 0.050
431 280 6 7 0.050
268 344 8 10 0.050
971 523 12 17 0.049
932 392 9 11 0.049
864 428 9 13 0.049
813 403 9 10 0.049
639 376 10 13 0.049
452 262 6 8 0.048
550 254 7 8 0.048
774 219 6 7 0.048
879 353 8 10 0.047
555 299 8 10 0.047
828 152 5 6 0.047
501 464 13 18 0.047
177 545 17 24 0.047
302 377 8 11 0.047
625 262 8 10 0.047
547 211 5 7 0.047
900 382 8 11 0.046
326 334 8 10 0.046
399 287 6 8 0.046
979 565 15 17 0.046
256 462 11 13 0.046
570 231 6 7 0.045
836 558 11 15 0.045
657 364 12 13 0.045
919 220 6 7 0.045
918 434 9 12 0.045
442 295 6 7 0.045
498 238 6 7 0.045
1016 244 6 7 0.045
567 231 7 7 0.044
985 328 9 12 0.044
640 260 11 15 0.044
846 341 8 11 0.044
269 349 9 12 0.044
870 400 9 10 0.044
896 415 10 12 0.044
962 388 10 12 0.044
598 407 13 13 0.043
390 333 8 9 0.043
960 233 6 7 0.043
929 348 8 10 0.043
488 263 8 9 0.043
648 242 7 8 0.043
689 319 8 10 0.043
738 604 13 18 0.042
680 395 10 13 0.042
363 321 9 10 0.042
553 234 7 7 0.042
939 446 9 11 0.042
989 486 12 17 0.042
775 228 6 8 0.042
911 246 7 7 0.042
121 337 9 12 0.041
834 274 9 10 0.041
936 539 14 18 0.041
931 387 8 11 0.041
880 426 9 11 0.041
859 263 6 7 0.041
467 243 6 6 0.041
955 276 8 9 0.041
364 275 8 9 0.041
893 239 6 7 0.041
870 394 8 11 0.041
494 266 6 7 0.040
869 326 7 9 0.040
384 532 17 21 0.040
845 273 6 7 0.039
311 523 16 17 0.039
687 223 7 8 0.039
961 231 6 7 0.039
828 281 7 10 0.039
950 612 13 16 0.039
835 168 6 7 0.039
639 203 6 7 0.038
355 314 7 10 0.038
636 379 11 15 0.038
29 430 11 15 0.038
569 207 6 7 0.038
670 401 11 15 0.038
600 207 6 8 0.038
708 239 7 9 0.037
719 333 8 11 0.037
516 336 10 12 0.037
89 425 12 13 0.037
879 251 6 7 0.037
985 474 11 17 0.037
287 357 9 11 0.036
824 286 8 11 0.036
923 226 6 7 0.035
956 348 8 11 0.035
171 328 8 10 0.035
465 272 6 8 0.035
458 383 10 15 0.034
363 325 8 10 0.034
925 165 6 7 0.034
642 188 5 6 0.034
850 364 8 11 0.034
581 216 6 7 0.034
897 219 5 7 0.034
895 502 12 15 0.034
1016 191 6 7 0.034
945 713 14 17 0.033
757 245 9 11 0.033
253 469 13 18 0.033
902 377 8 11 0.033
482 246 6 8 0.032
659 276 10 13 0.032
651 406 13 17 0.032
697 218 6 7 0.032
640 201 6 6 0.032
404 397 9 15 0.032
925 351 8 9 0.032
939 329 8 9 0.032
859 324 7 10 0.032
513 366 11 15 0.032
854 263 6 7 0.032
608 330 12 16 0.031
456 422 11 15 0.031
908 150 6 7 0.031
84 418 11 15 0.031
488 388 9 11 0.030
966 312 8 9 0.030
180 356 11 12 0.030
569 275 7 10 0.030
874 273 7 8 0.029
966 254 8 9 0.029
576 359 10 12 0.029
909 193 6 7 0.029
581 351 8 10 0.029
639 186 5 6 0.029
723 231 6 7 0.029
259 332 8 10 0.029
886 401 9 10 0.029
877 165 5 7 0.029
638 218 6 7 0.029
414 307 7 8 0.029
574 363 10 12 0.028
551 298 8 10 0.028
920 166 6 8 0.028
696 224 8 9 0.028
430 244 9 10 0.028
636 243 7 8 0.028
974 236 6 7 0.028
396 288 7 7 0.028
1016 284 6 10 0.027
434 252 6 8 0.027
900 220 6 8 0.027
585 212 5 7 0.027
431 244 6 7 0.027
882 154 6 6 0.027
334 345 7 9 0.027
232 312 7 9 0.027
840 350 9 11 0.027
642 285 9 12 0.027
861 276 6 8 0.027
998 724 16 18 0.026
384 471 17 21 0.026
614 365 9 11 0.026
279 396 9 12 0.026
515 404 12 14 0.026
550 305 10 12 0.026
449 423 12 16 0.025
603 204 5 6 0.025
950 450 10 12 0.025
910 128 6 7 0.025
616 201 5 6 0.025
966 308 8 10 0.025
413 381 10 14 0.025
827 383 9 11 0.025
626 294 9 11 0.025
717 166 6 6 0.025
688 194 5 7 0.025
637 200 5 7 0.025
1006 590 13 17 0.024
888 268 7 9 0.024
921 432 10 13 0.024
413 252 5 6 0.024
673 176 4 6 0.024
310 518 14 17 0.024
397 536 23 23 0.024
643 329 11 13 0.024
858 311 7 9 0.024
372 303 7 9 0.024
569 205 5 6 0.024
957 261 7 8 0.024
726 233 8 10 0.024
888 372 9 10 0.024
986 219 6 7 0.024
845 276 7 8 0.024
178 379 11 13 0.024
989 500 14 17 0.023
676 397 11 15 0.023
646 326 10 12 0.023
577 353 10 12 0.023
873 328 7 9 0.023
843 557 12 15 0.023
634 387 12 16 0.023
754 288 8 10 0.023
610 323 10 13 0.023
673 399 11 14 0.023
450 245 5 7 0.023
921 473 11 15 0.022
672 293 9 12 0.022
911 318 9 11 0.022
899 216 6 7 0.022
156 430 10 13 0.022
926 208 6 8 0.022
945 445 9 11 0.022
600 261 7 9 0.022
913 237 6 7 0.022
862 305 8 12 0.022
868 300 9 11 0.022
874 139 6 7 0.021
516 239 5 8 0.021
935 350 9 11 0.021
659 187 5 6 0.021
102 438 10 11 0.021
794 430 10 14 0.021
548 371 10 12 0.021
844 566 12 13 0.021
654 167 5 7 0.021
515 382 11 15 0.021
893 398 10 12 0.021
957 609 13 16 0.021
896 155 6 7 0.021
857 161 5 6 0.020
607 341 10 15 0.020
409 390 9 15 0.020
1001 191 5 6 0.020
434 244 5 7 0.020
411 342 8 10 0.020
599 260 7 9 0.020
947 303 8 10 0.020
529 339 11 14 0.020
865 311 8 9 0.020
929 210 6 7 0.020
975 611 13 15 0.020
1015 249 6 8 0.020
588 234 6 8 0.020
998 193 5 7 0.020
415 300 8 10 0.020
586 215 6 7 0.019
329 344 8 9 0.019
920 438 10 13 0.019
667 291 9 12 0.019
534 340 9 12 0.019
958 265 7 10 0.019
576 455 13 17 0.019
839 345 8 10 0.019
997 586 13 16 0.019
861 532 10 15 0.019
949 338 8 9 0.019
586 243 7 8 0.019
649 221 8 10 0.019
795 391 8 11 0.018
839 387 8 10 0.018
457 267 9 10 0.018
671 219 6 8 0.018
150 433 11 13 0.018
382 338 11 12 0.018
417 259 8 10 0.018
833 405 9 11 0.018
697 174 5 6 0.018
998 240 7 8 0.018
516 230 6 6 0.018
616 266 9 12 0.018
422 285 6 8 0.018
595 204 8 9 0.017
183 538 15 21 0.017
769 156 5 6 0.017
669 298 9 11 0.017
1018 280 6 9 0.017
796 141 5 5 0.017
507 383 10 14 0.017
781 148 5 7 0.017
994 236 8 10 0.017
106 394 10 14 0.017
410 402 9 14 0.017
524 242 6 8 0.017
889 248 6 8 0.017
467 478 12 18 0.017
891 619 12 16 0.017
395 356 8 11 0.017
878 458 11 14 0.017
859 470 10 13 0.017
548 248 9 10 0.016
742 615 14 16 0.016
721 333 8 10 0.016
888 405 9 11 0.016
884 153 6 6 0.016
589 246 6 8 0.016
929 476 12 14 0.016
716 166 5 6 0.016
177 358 10 12 0.016
992 592 13 16 0.016
698 248 10 11 0.016
94 417 11 13 0.016
728 266 12 15 0.016
620 347 11 15 0.016
32 429 11 15 0.016
566 227 9 10 0.016
420 265 8 10 0.016
954 165 5 7 0.016
447 421 10 14 0.015
502 191 5 6 0.015
449 418 11 15 0.015
611 345 12 15 0.015
971 748 16 18 0.015
375 345 12 13 0.015
362 326 10 14 0.015
481 421 11 13 0.015
462 482 13 18 0.015
185 526 15 20 0.015
331 444 13 19 0.015
348 421 11 15 0.015
554 313 11 15 0.015
682 193 5 6 0.015
444 280 7 7 0.015
181 337 8 9 0.015
856 261 8 10 0.015
682 190 5 6 0.015
744 287 8 10 0.015
896 210 5 7 0.014
655 191 5 7 0.014
768 250 6 7 0.014
917 430 10 13 0.014
954 469 12 14 0.014
872 473 11 13 0.014
474 273 6 8 0.014
306 294 7 8 0.014
977 430 10 13 0.014
823 468 12 13 0.014
767 156 5 6 0.014
945 378 8 11 0.014
621 323 8 10 0.014
582 422 12 15 0.014
879 451 10 14 0.014
766 226 6 7 0.013
408 250 6 7 0.013
873 568 12 14 0.013
905 150 6 7 0.013
3 406 10 14 0.013
734 166 5 5 0.013
670 202 5 7 0.013
899 244 8 9 0.013
1001 637 14 17 0.013
558 423 11 15 0.013
380 343 10 12 0.013
644 382 10 13 0.013
502 215 6 7 0.013
555 229 6 8 0.013
372 348 12 14 0.013
946 613 11 15 0.013
943 453 10 13 0.013
171 327 7 7 0.013
505 406 13 15 0.013
571 455 13 16 0.012
555 588 13 16 0.012
738 166 5 6 0.012
606 216 8 9 0.012
770 160 5 6 0.012
993 363 8 11 0.012
407 321 8 9 0.012
633 367 10 13 0.012
985 482 12 17 0.012
639 332 9 12 0.011
985 757 18 11 0.011
974 431 9 12 0.011
980 527 14 18 0.011
410 319 7 10 0.011
281 273 7 8 0.011
636 443 10 15 0.011
527 250 6 7 0.011
862 536 11 16 0.011
440 299 6 7 0.011
950 590 12 17 0.011
955 592 12 16 0.011
250 390 8 11 0.011
992 285 7 9 0.011
986 517 15 19 0.011
458 473 14 20 0.011
745 604 13 16 0.011
940 543 12 17 0.011
570 365 9 11 0.011
881 120 6 6 0.011
511 351 10 13 0.011
960 616 15 17 0.011
862 437 10 12 0.011
796 165 6 6 0.011
966 187 6 7 0.011
381 471 14 20 0.011
497 466 15 22 0.011
886 626 18 23 0.010
779 148 5 6 0.010
995 726 13 16 0.010
603 391 10 13 0.010
612 361 9 11 0.010
969 182 6 7 0.010
781 239 6 7 0.010
756 266 7 8 0.010
367 344 13 16 0.010
594 405 11 12 0.010
184 337 7 9 0.010
650 207 8 10 0.010
512 338 9 12 0.010
685 318 10 11 0.010
339 346 8 9 0.010
