0_Parade_Parade_0_286
165
956 555 68 83 0.813
619 609 105 90 0.761
532 544 20 24 0.752
587 562 20 26 0.692
902 524 20 26 0.690
945 503 11 13 0.555
84 522 16 18 0.540
583 524 12 15 0.506
350 508 16 20 0.495
963 496 10 12 0.465
508 419 10 13 0.459
511 537 16 18 0.435
589 329 6 8 0.410
613 516 8 11 0.336
514 330 6 6 0.327
577 343 6 8 0.326
87 502 11 13 0.293
448 526 15 20 0.289
625 506 8 11 0.283
499 331 6 7 0.279
564 518 9 11 0.247
79 552 27 32 0.211
809 512 16 33 0.198
291 501 13 17 0.176
521 508 9 10 0.175
247 523 14 17 0.175
475 552 15 23 0.163
797 172 5 6 0.149
454 528 14 19 0.146
0 550 26 68 0.146
459 532 13 17 0.144
858 512 16 20 0.136
517 330 5 7 0.133
696 168 7 8 0.129
11 551 25 48 0.109
348 504 15 20 0.106
595 515 8 9 0.105
654 510 8 10 0.095
611 495 7 8 0.093
466 518 11 15 0.086
52 497 13 15 0.081
1 531 38 80 0.080
463 521 12 17 0.078
549 519 10 13 0.073
799 172 6 7 0.072
278 544 23 27 0.071
904 516 16 20 0.068
587 331 7 9 0.064
856 166 6 7 0.061
49 492 13 15 0.057
516 532 12 16 0.055
448 470 9 12 0.052
829 174 6 6 0.049
978 513 9 11 0.047
938 467 10 14 0.047
474 540 10 14 0.042
230 550 24 31 0.041
291 583 24 28 0.037
490 559 18 31 0.037
544 157 6 7 0.037
693 169 7 8 0.037
445 475 9 13 0.036
602 525 11 13 0.036
613 518 10 13 0.036
60 499 13 14 0.035
80 549 37 49 0.035
933 525 17 21 0.035
762 480 8 12 0.033
976 509 9 12 0.033
15 560 21 28 0.032
512 330 7 8 0.032
274 548 20 26 0.032
452 467 9 11 0.031
467 533 10 14 0.030
594 341 6 7 0.028
547 539 15 19 0.028
485 559 17 24 0.027
297 502 13 18 0.027
595 343 6 7 0.026
338 440 10 11 0.026
942 552 18 23 0.026
832 176 6 7 0.026
553 539 12 15 0.025
652 513 10 12 0.025
545 158 6 8 0.025
472 552 13 20 0.025
60 495 11 13 0.025
855 167 6 7 0.024
610 554 13 20 0.024
797 174 6 7 0.024
972 506 11 13 0.024
478 543 9 14 0.024
624 485 7 8 0.023
947 523 16 19 0.023
966 180 7 8 0.022
577 347 6 8 0.022
941 532 16 19 0.021
627 502 7 11 0.021
504 331 7 8 0.021
448 476 11 14 0.020
605 554 14 19 0.020
142 514 31 39 0.020
613 514 12 14 0.020
113 525 10 13 0.019
1001 489 8 11 0.019
953 525 13 15 0.019
4 524 28 59 0.018
827 175 6 7 0.018
831 172 6 6 0.018
697 166 7 7 0.018
493 521 9 14 0.018
520 507 12 14 0.018
480 559 16 28 0.018
542 526 10 13 0.018
607 506 7 9 0.017
698 497 14 19 0.017
244 520 21 26 0.017
343 505 11 16 0.017
287 536 19 26 0.016
145 512 22 29 0.016
996 522 13 16 0.016
412 521 12 17 0.016
604 546 11 16 0.016
467 509 11 15 0.015
626 524 10 14 0.015
982 542 14 15 0.015
292 364 54 61 0.015
271 637 45 58 0.014
48 498 13 15 0.014
552 561 9 12 0.014
416 521 13 17 0.014
436 519 12 16 0.014
103 524 13 15 0.013
658 510 8 9 0.013
979 518 12 14 0.013
918 526 18 22 0.013
578 506 6 7 0.013
828 172 6 7 0.013
489 489 7 10 0.013
450 464 8 11 0.013
495 520 9 13 0.013
1016 502 7 12 0.013
431 518 12 15 0.013
289 498 19 25 0.012
526 334 5 5 0.012
991 458 6 8 0.012
449 532 17 23 0.012
63 506 10 13 0.012
19 555 19 26 0.012
99 498 10 12 0.012
494 567 17 26 0.012
172 582 32 40 0.012
997 490 9 11 0.012
215 527 47 62 0.011
239 547 16 19 0.011
503 484 10 12 0.011
940 502 10 12 0.011
4 517 27 40 0.011
593 331 6 6 0.011
979 507 10 11 0.011
997 516 11 16 0.011
909 438 11 12 0.011
89 547 27 33 0.010
593 567 17 22 0.010
540 515 7 9 0.010
