0_Parade_Parade_0_275
833
978 672 9 11 0.443
578 665 9 11 0.421
651 782 8 10 0.418
760 668 8 11 0.410
586 728 7 10 0.406
930 644 9 11 0.395
652 596 8 10 0.375
618 696 8 9 0.359
780 535 8 9 0.341
548 703 7 8 0.340
873 730 9 11 0.327
531 755 8 10 0.321
619 758 8 9 0.309
707 759 8 10 0.309
440 681 7 8 0.309
765 724 8 10 0.301
926 695 9 10 0.295
670 678 8 9 0.287
688 625 7 9 0.280
643 573 7 8 0.276
829 633 8 10 0.263
530 622 8 9 0.257
688 487 7 8 0.249
558 797 9 10 0.246
601 627 8 9 0.246
472 580 8 9 0.245
745 520 7 9 0.238
511 668 7 9 0.236
571 602 7 8 0.233
534 513 6 9 0.230
275 785 7 9 0.214
678 365 6 7 0.210
595 563 7 8 0.208
748 414 7 8 0.206
491 541 6 7 0.204
447 562 7 8 0.200
691 545 7 8 0.200
183 790 10 15 0.199
963 525 8 11 0.198
463 461 6 9 0.197
705 699 10 11 0.197
189 474 8 9 0.194
1004 421 8 9 0.193
746 456 7 8 0.191
380 744 8 9 0.191
923 433 7 9 0.188
649 725 9 9 0.182
722 404 6 8 0.181
441 434 6 7 0.177
892 609 9 10 0.176
690 379 6 7 0.175
149 781 9 11 0.174
887 424 7 8 0.169
361 477 7 9 0.168
446 500 7 8 0.162
506 601 7 8 0.157
521 560 7 8 0.154
474 643 6 7 0.153
370 601 7 9 0.150
169 776 10 11 0.148
881 685 9 11 0.146
425 547 6 8 0.146
966 618 7 9 0.144
954 349 8 9 0.144
853 582 9 11 0.141
1000 553 9 9 0.140
952 579 8 10 0.139
709 761 9 10 0.137
550 409 7 7 0.136
780 319 7 8 0.132
382 493 7 9 0.132
1009 550 7 9 0.131
996 488 7 9 0.128
336 446 6 8 0.127
807 291 5 6 0.126
895 490 8 10 0.126
719 512 7 8 0.123
721 436 7 7 0.122
575 421 6 7 0.121
427 601 6 8 0.120
409 799 7 9 0.118
627 489 7 9 0.116
500 408 6 7 0.116
616 438 6 8 0.115
333 500 7 8 0.115
1004 551 8 9 0.114
553 639 7 8 0.113
454 617 7 8 0.113
377 742 9 10 0.111
646 480 7 8 0.111
390 578 6 8 0.110
898 325 6 7 0.108
169 743 8 10 0.107
502 426 7 8 0.105
889 421 7 11 0.105
648 358 6 7 0.102
561 534 6 7 0.100
833 517 7 8 0.096
374 557 7 8 0.096
932 381 7 8 0.096
761 725 9 10 0.094
744 456 7 8 0.093
663 409 6 7 0.092
825 566 8 10 0.092
823 688 9 11 0.092
691 424 6 8 0.090
390 437 7 9 0.090
639 646 7 8 0.090
941 241 6 8 0.089
296 414 6 8 0.088
884 364 6 7 0.088
908 378 7 8 0.088
261 747 8 10 0.087
896 326 7 8 0.087
378 389 6 7 0.087
651 727 9 10 0.086
394 620 6 7 0.086
871 653 9 12 0.083
676 659 8 10 0.082
255 371 6 8 0.082
515 505 6 7 0.082
365 781 7 8 0.082
231 463 7 7 0.081
667 679 8 8 0.079
665 256 6 6 0.079
46 666 11 14 0.079
925 433 8 10 0.079
734 571 8 9 0.077
858 405 6 8 0.076
933 379 6 7 0.076
520 559 7 8 0.075
803 446 7 8 0.075
606 625 7 9 0.074
378 693 7 7 0.074
771 412 7 8 0.073
428 546 6 8 0.072
713 612 9 10 0.072
295 457 6 8 0.072
520 487 6 7 0.072
448 451 6 7 0.071
474 393 5 6 0.071
825 691 8 9 0.071
437 682 7 9 0.070
465 461 7 8 0.069
711 287 6 7 0.068
492 542 6 8 0.068
380 453 6 8 0.068
998 554 8 11 0.067
535 756 8 9 0.066
674 312 6 8 0.066
390 498 7 7 0.065
536 510 8 12 0.065
933 384 7 8 0.065
359 691 5 6 0.065
911 549 9 10 0.065
741 298 5 7 0.064
379 391 6 7 0.064
718 436 6 7 0.064
954 440 7 8 0.063
180 788 10 14 0.063
522 372 6 8 0.062
385 494 8 10 0.062
376 559 7 7 0.061
345 785 7 10 0.061
365 480 6 7 0.060
796 748 7 9 0.060
705 320 6 8 0.060
912 753 9 12 0.059
427 375 5 7 0.059
666 414 6 7 0.059
889 608 9 10 0.058
524 558 6 8 0.057
529 395 6 7 0.057
557 461 6 7 0.057
929 379 6 7 0.057
526 422 5 7 0.056
331 425 6 7 0.056
207 411 7 8 0.055
570 650 7 9 0.055
239 359 6 7 0.055
858 341 6 7 0.054
221 391 7 9 0.054
236 740 8 9 0.054
398 393 6 7 0.054
955 407 7 8 0.054
999 97 7 9 0.054
218 767 10 14 0.054
495 636 7 8 0.053
832 403 5 8 0.053
952 344 8 11 0.053
635 459 7 8 0.053
523 371 6 8 0.052
725 374 6 7 0.052
915 256 6 7 0.051
512 507 6 7 0.051
609 546 8 9 0.050
856 342 6 7 0.050
580 710 7 9 0.049
719 404 6 8 0.049
381 392 5 7 0.049
894 611 9 12 0.048
524 582 7 8 0.048
519 561 7 9 0.048
311 333 6 7 0.048
738 298 6 7 0.048
941 502 7 8 0.048
799 750 7 8 0.048
522 446 6 8 0.048
726 640 7 8 0.048
618 290 6 7 0.047
562 532 7 8 0.047
517 674 7 8 0.047
758 313 6 6 0.047
403 775 8 9 0.047
312 465 7 9 0.046
564 538 6 8 0.046
794 768 10 12 0.046
354 509 6 7 0.046
716 767 7 9 0.046
767 670 9 10 0.045
807 293 6 7 0.045
415 410 6 7 0.045
825 634 9 11 0.045
914 570 8 10 0.044
959 253 6 7 0.044
799 500 7 9 0.044
330 345 6 7 0.044
954 442 8 10 0.044
928 636 9 12 0.044
712 550 7 9 0.044
321 424 7 7 0.044
597 225 5 6 0.043
45 456 7 9 0.043
348 724 6 9 0.043
488 539 6 8 0.043
890 611 9 11 0.043
1014 265 6 8 0.043
736 298 6 7 0.043
879 550 7 10 0.043
654 428 6 7 0.042
546 687 6 9 0.042
505 428 6 6 0.042
709 550 7 8 0.042
554 566 7 8 0.041
746 522 7 9 0.041
108 498 8 9 0.041
544 684 7 9 0.041
438 434 6 8 0.041
690 245 5 6 0.040
749 668 7 9 0.040
622 513 6 7 0.040
793 600 7 9 0.040
665 531 7 8 0.040
488 542 6 8 0.040
615 759 9 10 0.040
170 779 10 12 0.040
401 775 7 9 0.040
731 655 7 9 0.039
960 528 9 11 0.039
460 361 6 8 0.039
734 647 8 9 0.039
882 211 6 8 0.038
73 656 10 11 0.038
272 376 7 7 0.038
472 644 8 10 0.038
567 479 7 8 0.038
281 399 6 8 0.038
400 462 6 8 0.038
354 420 6 7 0.038
315 649 5 6 0.038
341 525 7 7 0.038
159 476 7 9 0.038
398 396 5 7 0.038
616 756 8 9 0.038
927 626 8 11 0.038
612 736 7 9 0.038
530 399 5 7 0.037
346 467 7 7 0.037
826 706 8 10 0.037
345 387 7 7 0.037
875 732 9 11 0.037
729 641 8 9 0.037
440 793 8 10 0.036
909 239 6 7 0.036
923 696 8 10 0.036
447 559 7 8 0.036
319 424 6 7 0.036
791 748 8 9 0.036
957 439 7 8 0.035
424 602 7 8 0.035
738 797 6 9 0.035
129 643 10 12 0.034
526 510 9 10 0.034
689 622 8 9 0.034
725 251 5 6 0.034
993 485 8 11 0.034
873 246 5 6 0.034
778 432 6 7 0.034
737 434 7 7 0.034
403 376 6 7 0.034
696 639 8 9 0.033
609 384 7 7 0.033
139 534 9 10 0.033
798 438 6 8 0.033
648 406 5 7 0.033
620 246 6 7 0.033
446 777 7 9 0.033
245 398 5 7 0.033
998 551 8 10 0.033
469 518 6 7 0.033
667 532 7 7 0.032
221 336 6 7 0.032
774 671 7 9 0.032
831 460 7 9 0.032
616 290 6 7 0.032
1015 95 7 9 0.032
591 563 7 9 0.032
556 562 7 8 0.032
473 341 5 6 0.032
335 462 7 8 0.032
725 642 7 9 0.032
191 665 7 9 0.032
660 465 7 8 0.031
553 569 6 8 0.031
363 795 8 10 0.031
495 344 6 7 0.031
656 596 8 10 0.031
435 570 6 7 0.031
872 660 9 12 0.031
821 218 7 8 0.030
555 569 7 8 0.030
353 541 6 8 0.030
550 572 7 7 0.030
406 799 8 10 0.030
735 493 6 8 0.030
845 243 5 6 0.029
154 501 7 9 0.029
397 775 7 9 0.029
662 641 7 8 0.029
731 571 7 9 0.029
415 542 6 8 0.028
685 518 7 7 0.028
428 376 6 8 0.028
828 514 8 9 0.028
460 627 7 8 0.028
760 578 8 9 0.028
731 651 8 10 0.028
520 449 6 8 0.028
822 572 10 11 0.028
677 312 5 7 0.028
726 251 5 7 0.028
275 378 7 8 0.027
347 755 7 9 0.027
780 316 6 7 0.027
211 409 7 9 0.027
1008 258 6 8 0.027
374 597 8 10 0.027
828 703 8 10 0.027
0 649 7 10 0.027
647 404 6 7 0.027
639 641 8 9 0.027
298 459 6 8 0.027
796 376 6 7 0.027
271 338 6 7 0.027
730 647 8 11 0.027
784 746 8 10 0.027
903 401 6 8 0.027
91 786 12 13 0.026
292 621 7 7 0.026
416 483 6 8 0.026
1012 232 6 8 0.026
901 328 6 7 0.026
943 503 7 9 0.026
867 480 7 8 0.026
350 724 7 9 0.026
741 626 8 10 0.026
874 672 8 10 0.026
582 713 6 9 0.026
310 699 6 7 0.025
461 327 5 6 0.025
525 680 9 10 0.025
347 353 6 7 0.025
558 517 5 8 0.025
296 308 6 7 0.025
690 375 7 9 0.025
593 490 6 7 0.025
871 733 8 10 0.025
967 613 8 10 0.025
551 581 7 9 0.025
997 484 8 12 0.025
607 733 8 10 0.025
903 555 8 9 0.025
151 693 6 8 0.024
856 587 9 10 0.024
243 695 7 8 0.024
874 653 9 11 0.024
647 727 8 10 0.024
391 580 6 8 0.024
349 756 8 8 0.024
141 486 7 8 0.024
392 729 7 9 0.024
639 246 5 6 0.024
697 679 7 9 0.024
555 459 8 10 0.024
590 670 8 9 0.024
639 249 5 6 0.023
579 531 6 8 0.023
453 620 8 9 0.023
387 283 6 6 0.023
612 232 6 6 0.023
433 538 6 7 0.023
764 471 8 9 0.023
587 371 6 7 0.023
399 466 7 7 0.023
719 554 7 9 0.023
474 396 5 7 0.023
154 468 7 8 0.023
43 597 10 12 0.023
795 762 9 12 0.023
597 416 5 7 0.023
997 134 6 7 0.023
380 448 8 10 0.023
360 755 7 8 0.023
739 551 7 8 0.023
764 577 8 10 0.023
661 466 7 9 0.023
663 725 8 11 0.023
338 400 6 6 0.023
627 493 7 10 0.023
882 688 10 11 0.022
1005 256 6 7 0.022
59 420 8 9 0.022
43 455 7 9 0.022
154 301 6 7 0.022
933 378 9 10 0.022
888 426 7 10 0.022
768 481 6 8 0.022
673 701 8 10 0.022
871 466 6 8 0.022
577 418 5 7 0.022
971 601 8 9 0.022
918 571 10 12 0.022
982 672 8 10 0.022
826 381 5 7 0.022
734 322 6 7 0.022
308 700 5 6 0.022
380 695 6 8 0.021
821 685 9 10 0.021
922 218 6 6 0.021
422 303 6 7 0.021
595 494 6 8 0.021
384 737 9 10 0.021
229 466 6 8 0.021
692 383 6 7 0.021
331 458 6 8 0.021
857 345 6 8 0.021
758 358 6 7 0.021
960 251 7 7 0.021
803 393 6 8 0.021
377 360 5 7 0.021
875 398 7 9 0.021
361 313 5 6 0.021
507 516 5 8 0.021
363 369 6 7 0.021
660 412 6 8 0.021
575 598 8 10 0.021
1000 421 7 9 0.020
415 525 7 7 0.020
419 739 7 9 0.020
357 755 7 9 0.020
660 405 6 7 0.020
223 335 6 7 0.020
539 448 6 8 0.020
273 692 6 7 0.020
543 687 8 10 0.020
67 739 11 13 0.020
428 372 6 7 0.020
298 371 6 7 0.020
375 692 8 9 0.020
691 246 6 7 0.020
863 341 6 8 0.020
250 608 6 7 0.020
505 484 6 8 0.020
519 484 8 12 0.020
628 481 9 11 0.020
354 537 7 8 0.020
414 448 6 7 0.020
58 508 9 11 0.019
638 250 5 6 0.019
913 559 9 12 0.019
743 627 8 9 0.019
885 25 6 7 0.019
109 566 10 13 0.019
415 486 6 8 0.019
249 743 9 10 0.019
37 542 7 9 0.019
424 350 5 7 0.019
365 783 7 10 0.019
442 432 6 7 0.019
901 506 8 8 0.019
879 531 7 9 0.019
728 761 7 9 0.019
337 349 6 7 0.019
378 534 7 8 0.019
824 378 6 8 0.019
829 382 6 8 0.019
305 665 7 8 0.019
948 580 8 10 0.019
769 360 6 7 0.019
237 469 7 8 0.019
983 250 6 7 0.018
589 372 5 7 0.018
571 355 6 7 0.018
781 533 8 9 0.018
930 384 7 9 0.018
784 536 8 9 0.018
632 688 7 8 0.018
929 196 6 8 0.018
653 598 9 10 0.018
733 343 5 8 0.018
798 439 9 11 0.018
592 547 7 8 0.018
948 577 8 9 0.018
436 792 7 9 0.018
639 304 6 7 0.018
759 360 5 7 0.018
500 424 7 7 0.018
627 692 7 10 0.018
846 77 7 9 0.018
814 328 6 7 0.018
252 784 8 11 0.018
836 517 8 9 0.018
948 218 7 8 0.018
756 357 6 6 0.018
209 375 6 7 0.017
667 528 8 10 0.017
324 526 6 8 0.017
290 357 6 7 0.017
686 372 7 9 0.017
551 379 6 7 0.017
362 398 6 8 0.017
719 422 8 11 0.017
598 415 6 7 0.017
811 292 6 7 0.017
524 619 8 9 0.017
269 439 6 7 0.017
709 543 7 8 0.017
344 756 7 8 0.017
695 283 6 7 0.017
671 656 8 10 0.017
415 762 8 9 0.017
243 646 7 7 0.017
766 582 8 9 0.017
798 328 7 7 0.017
650 360 5 7 0.017
570 481 6 8 0.017
270 713 7 8 0.017
516 407 6 6 0.017
943 184 6 7 0.017
559 521 5 7 0.017
956 406 9 10 0.017
535 643 7 8 0.017
637 342 6 7 0.016
278 610 5 6 0.016
294 369 6 7 0.016
710 686 8 10 0.016
641 343 5 7 0.016
954 405 7 8 0.016
34 639 12 15 0.016
857 225 6 7 0.016
870 469 7 9 0.016
668 676 11 13 0.016
301 459 9 10 0.016
675 366 6 6 0.016
729 656 7 10 0.016
512 610 6 8 0.016
874 541 9 11 0.016
928 122 7 9 0.016
757 198 5 6 0.016
599 564 7 8 0.016
901 557 7 9 0.016
959 439 9 10 0.016
987 237 7 9 0.016
133 646 7 9 0.016
415 389 6 7 0.016
812 323 5 7 0.016
413 525 6 7 0.016
320 553 7 8 0.016
179 338 5 6 0.016
70 408 7 8 0.016
539 493 5 7 0.016
385 396 6 7 0.016
716 498 7 8 0.016
378 531 7 7 0.016
229 629 6 7 0.016
890 110 6 6 0.016
589 248 6 8 0.016
644 631 7 10 0.016
307 333 7 8 0.016
896 486 9 12 0.015
958 349 8 11 0.015
487 148 5 6 0.015
866 130 6 7 0.015
472 516 6 8 0.015
364 436 6 8 0.015
588 472 6 8 0.015
632 493 7 9 0.015
318 647 5 7 0.015
464 805 10 8 0.015
565 481 6 7 0.015
718 503 6 8 0.015
898 505 8 9 0.015
731 343 5 7 0.015
923 234 7 8 0.015
352 620 6 7 0.015
869 471 7 9 0.015
385 281 6 7 0.015
210 377 6 7 0.015
641 341 5 6 0.015
616 693 11 14 0.015
832 408 6 8 0.015
729 251 5 6 0.015
69 537 8 9 0.015
964 243 6 8 0.015
643 660 8 10 0.015
274 805 9 8 0.015
672 535 6 8 0.015
883 361 5 7 0.015
420 293 6 7 0.015
641 301 6 7 0.015
292 358 6 7 0.014
148 369 6 7 0.014
613 686 7 9 0.014
658 407 8 10 0.014
969 599 8 11 0.014
852 586 9 11 0.014
681 275 5 7 0.014
772 586 8 9 0.014
875 658 9 11 0.014
575 771 9 10 0.014
236 287 6 7 0.014
422 352 6 6 0.014
878 398 6 8 0.014
366 477 7 8 0.014
775 409 6 7 0.014
848 631 8 10 0.014
917 84 7 7 0.014
253 296 6 6 0.014
900 218 6 8 0.014
622 291 5 6 0.014
343 703 6 7 0.014
644 760 8 10 0.014
735 435 6 7 0.014
646 522 6 7 0.014
830 404 8 10 0.014
806 159 6 8 0.014
664 405 6 7 0.014
139 503 7 9 0.014
368 434 7 7 0.014
396 730 7 8 0.014
997 491 9 11 0.014
792 427 6 7 0.014
231 459 8 10 0.014
959 409 6 8 0.014
590 494 6 7 0.014
727 146 6 8 0.014
625 513 5 7 0.014
389 282 6 7 0.013
225 763 10 13 0.013
417 416 5 7 0.013
679 277 6 6 0.013
659 641 6 9 0.013
293 447 6 7 0.013
782 435 7 8 0.013
450 621 6 8 0.013
222 764 9 11 0.013
833 460 9 10 0.013
814 734 7 8 0.013
691 313 6 7 0.013
571 267 5 7 0.013
442 781 8 11 0.013
922 625 8 9 0.013
709 758 8 9 0.013
869 537 8 9 0.013
422 336 6 7 0.013
355 582 6 7 0.013
667 728 8 10 0.013
604 623 7 9 0.013
332 428 6 8 0.013
28 514 9 10 0.013
661 606 7 9 0.013
694 277 6 7 0.013
572 616 7 8 0.013
907 776 10 12 0.013
935 85 6 7 0.013
972 492 7 8 0.013
594 90 6 7 0.013
368 602 6 8 0.013
619 271 6 7 0.013
896 323 6 7 0.013
459 363 6 7 0.013
954 446 7 9 0.013
901 494 7 9 0.013
882 249 5 6 0.013
756 353 6 7 0.013
910 779 9 11 0.013
430 770 7 10 0.013
880 402 6 8 0.013
809 413 6 8 0.013
445 291 6 6 0.013
800 437 7 8 0.013
274 299 6 7 0.013
404 551 6 8 0.013
634 339 6 6 0.013
590 543 7 9 0.013
221 771 9 11 0.013
765 475 9 11 0.012
567 401 6 6 0.012
663 464 7 8 0.012
864 77 6 7 0.012
944 185 7 8 0.012
799 216 5 6 0.012
268 436 6 7 0.012
771 361 6 7 0.012
791 485 7 9 0.012
858 408 6 8 0.012
405 716 6 7 0.012
922 690 9 10 0.012
781 315 8 10 0.012
364 371 5 7 0.012
44 452 9 11 0.012
447 775 8 10 0.012
704 756 8 11 0.012
192 359 7 8 0.012
785 428 6 7 0.012
871 245 5 6 0.012
458 629 6 8 0.012
492 341 5 6 0.012
734 348 6 8 0.012
594 486 7 8 0.012
720 325 5 7 0.012
407 526 6 7 0.012
210 403 8 10 0.012
546 227 5 6 0.012
884 251 5 6 0.012
504 361 5 7 0.012
216 771 11 13 0.012
547 700 11 13 0.012
671 313 9 10 0.012
0 518 7 9 0.012
328 400 6 7 0.012
593 499 7 9 0.012
294 336 5 7 0.011
454 345 6 6 0.011
905 123 5 7 0.011
577 305 5 6 0.011
779 207 6 8 0.011
377 602 7 8 0.011
681 667 10 11 0.011
271 715 9 11 0.011
686 622 11 14 0.011
0 678 7 17 0.011
553 635 7 8 0.011
208 324 6 6 0.011
571 395 5 7 0.011
323 759 7 8 0.011
12 503 10 11 0.011
524 399 6 6 0.011
251 412 6 7 0.011
881 531 7 8 0.011
503 483 7 10 0.011
504 363 6 7 0.011
724 327 5 7 0.011
1008 421 7 10 0.011
167 746 8 10 0.011
614 684 7 8 0.011
716 608 8 11 0.011
715 381 6 8 0.011
562 541 6 8 0.011
646 666 8 10 0.011
454 563 6 8 0.011
507 531 6 7 0.011
275 723 7 9 0.011
575 223 6 6 0.011
583 305 6 8 0.011
842 459 7 9 0.011
831 468 7 9 0.011
896 507 7 9 0.011
999 157 6 7 0.011
911 190 7 8 0.011
413 480 6 7 0.011
815 678 9 10 0.011
275 692 6 7 0.011
74 377 6 8 0.011
688 246 5 7 0.011
855 348 5 7 0.011
546 283 5 6 0.011
918 176 7 7 0.011
488 390 6 7 0.011
69 206 6 7 0.011
434 773 8 9 0.011
936 606 9 11 0.011
365 432 6 8 0.011
777 320 6 8 0.011
888 24 6 7 0.011
684 276 6 7 0.011
269 339 6 6 0.011
577 669 8 11 0.011
585 266 6 7 0.010
393 471 6 8 0.010
722 409 6 7 0.010
506 521 6 8 0.010
525 491 6 7 0.010
416 386 6 7 0.010
541 374 6 6 0.010
909 210 6 7 0.010
499 413 8 9 0.010
530 735 7 9 0.010
949 345 7 8 0.010
224 341 6 7 0.010
867 337 9 10 0.010
279 401 6 8 0.010
647 415 5 8 0.010
428 614 5 8 0.010
488 264 5 6 0.010
592 490 9 11 0.010
620 469 6 7 0.010
763 531 6 9 0.010
261 371 9 10 0.010
715 673 8 10 0.010
819 191 6 8 0.010
609 383 9 12 0.010
797 495 9 10 0.010
