0_Parade_Parade_0_125
46
1005 342 19 32 0.795
520 340 25 34 0.766
476 271 19 26 0.734
584 278 17 24 0.685
12 411 15 17 0.669
55 430 11 15 0.542
590 253 15 23 0.427
375 286 14 19 0.294
395 286 14 19 0.152
97 460 10 12 0.150
255 472 18 21 0.148
1 491 9 14 0.110
15 479 14 18 0.101
39 425 10 12 0.084
389 287 15 17 0.081
42 428 10 13 0.071
372 281 14 22 0.057
382 502 12 12 0.043
900 426 6 7 0.040
109 468 13 18 0.030
951 428 5 6 0.028
39 421 8 12 0.028
142 462 11 13 0.028
731 414 7 9 0.027
937 405 4 6 0.025
804 432 7 9 0.024
159 469 11 12 0.022
99 458 12 15 0.020
902 427 5 6 0.019
573 240 9 12 0.018
96 462 9 12 0.018
960 407 5 6 0.018
950 427 4 5 0.017
887 427 6 7 0.017
115 466 11 15 0.016
147 464 12 14 0.015
312 471 11 14 0.015
951 444 5 5 0.015
157 468 10 12 0.015
885 427 5 6 0.014
202 465 14 16 0.013
953 427 5 6 0.013
887 430 5 7 0.011
11 416 12 16 0.011
962 389 5 6 0.010
595 255 16 22 0.010
