0_Parade_marchingband_1_1045
88
944 257 43 56 0.798
88 263 35 42 0.745
661 268 28 37 0.741
180 313 20 26 0.706
383 298 18 21 0.670
357 292 20 26 0.654
695 255 22 29 0.628
0 313 14 21 0.622
440 302 17 21 0.604
504 305 16 20 0.598
586 253 27 43 0.595
280 297 24 30 0.582
151 317 13 22 0.569
203 319 13 18 0.552
483 309 13 15 0.485
775 296 13 15 0.482
753 304 18 21 0.472
214 307 11 15 0.465
599 308 11 16 0.457
315 287 10 13 0.364
55 286 19 23 0.363
306 300 13 18 0.363
420 307 10 13 0.359
469 290 10 15 0.330
329 305 13 16 0.320
535 295 11 13 0.292
230 259 8 10 0.261
142 321 17 24 0.213
233 285 10 12 0.211
781 297 13 16 0.190
495 307 16 18 0.187
422 304 13 16 0.185
5 304 13 17 0.170
465 315 12 14 0.167
792 303 12 14 0.160
14 295 10 12 0.148
222 246 8 10 0.142
463 297 12 16 0.136
11 297 12 14 0.135
682 201 9 10 0.112
311 289 12 16 0.106
136 324 17 23 0.106
246 314 16 20 0.099
446 305 16 19 0.097
227 250 9 11 0.073
866 327 6 7 0.066
6 328 15 18 0.065
325 306 11 15 0.063
217 244 9 11 0.054
678 201 9 10 0.051
233 312 13 18 0.049
233 259 8 10 0.046
245 312 13 18 0.044
421 298 9 15 0.042
125 313 13 18 0.042
420 282 10 13 0.040
202 251 9 11 0.032
418 282 9 11 0.030
10 312 13 18 0.029
200 247 9 12 0.028
121 310 14 19 0.028
412 311 12 14 0.027
410 278 8 9 0.025
110 301 17 22 0.024
235 288 12 16 0.021
408 278 8 10 0.021
746 306 18 21 0.021
416 285 9 11 0.020
529 296 11 13 0.020
17 317 13 17 0.019
548 303 18 19 0.019
509 311 13 17 0.018
249 308 15 20 0.018
155 319 14 20 0.016
539 294 14 16 0.016
116 297 17 24 0.015
409 315 13 15 0.014
405 319 11 14 0.014
522 310 10 13 0.014
125 320 16 23 0.014
759 308 15 18 0.013
596 269 18 32 0.012
6 334 10 16 0.012
553 305 20 21 0.012
1015 310 7 11 0.011
110 291 16 22 0.011
820 319 9 10 0.010
702 259 19 24 0.010
