0_Parade_Parade_0_102
134
184 535 20 24 0.761
525 539 21 27 0.734
60 543 17 22 0.709
422 538 20 24 0.700
740 537 18 22 0.695
866 541 18 21 0.686
934 438 24 27 0.678
267 530 18 24 0.662
661 527 22 24 0.657
84 539 16 21 0.647
807 441 25 30 0.639
496 520 19 22 0.612
596 523 18 22 0.605
381 543 13 17 0.579
331 543 16 21 0.577
12 531 10 12 0.539
550 541 19 22 0.526
222 529 12 15 0.513
613 526 14 17 0.468
185 374 8 10 0.464
49 530 11 13 0.429
293 525 12 14 0.401
139 529 9 10 0.388
960 499 20 25 0.346
363 538 12 13 0.283
66 525 10 12 0.273
377 524 8 11 0.259
297 542 10 13 0.256
638 541 13 16 0.252
326 528 16 19 0.206
694 528 13 15 0.206
344 530 15 18 0.169
128 531 8 9 0.166
717 532 9 12 0.145
672 530 18 20 0.143
1015 421 9 30 0.140
32 526 7 8 0.140
970 543 20 25 0.134
514 524 14 18 0.122
246 542 10 11 0.120
294 533 12 15 0.111
93 518 9 11 0.107
31 529 7 9 0.107
400 516 7 10 0.106
588 526 16 20 0.102
304 539 10 13 0.100
116 549 8 10 0.086
398 513 8 10 0.086
298 527 11 14 0.085
864 525 14 19 0.082
1 515 7 10 0.079
646 544 13 16 0.066
803 517 19 25 0.065
752 500 16 19 0.060
839 516 18 23 0.059
834 521 18 23 0.059
40 525 6 8 0.059
641 545 13 16 0.058
403 511 8 9 0.055
399 510 9 11 0.054
925 412 19 23 0.050
53 516 9 11 0.048
841 507 17 22 0.046
582 529 13 17 0.045
12 524 7 9 0.041
114 550 10 13 0.041
394 534 9 11 0.040
768 528 15 19 0.040
386 545 11 15 0.040
988 454 16 29 0.038
167 525 6 7 0.038
94 641 11 12 0.037
80 521 8 9 0.036
748 508 17 21 0.033
409 507 7 9 0.033
181 375 7 9 0.033
699 530 12 14 0.032
723 526 8 12 0.032
115 425 8 10 0.032
206 520 9 10 0.031
568 655 10 12 0.028
771 524 18 20 0.027
971 555 19 25 0.026
557 544 15 18 0.026
209 519 8 9 0.025
94 521 9 11 0.025
967 485 17 22 0.025
751 521 15 20 0.024
363 486 7 9 0.024
841 527 18 24 0.024
295 545 12 15 0.023
681 537 12 17 0.022
757 498 13 18 0.022
119 557 8 10 0.022
961 520 18 24 0.021
496 652 9 12 0.021
851 357 18 21 0.020
437 523 10 11 0.020
894 544 14 19 0.019
374 545 12 14 0.018
848 510 15 18 0.017
635 528 12 14 0.017
834 503 20 25 0.017
720 524 8 10 0.016
981 459 21 26 0.016
105 391 8 10 0.016
250 523 10 14 0.016
340 479 7 8 0.015
353 498 6 7 0.015
870 538 17 21 0.015
55 513 6 8 0.014
123 562 7 7 0.014
246 526 8 11 0.014
108 555 9 12 0.014
155 559 7 8 0.013
980 500 16 21 0.013
1 510 7 10 0.013
488 521 13 15 0.013
748 540 15 20 0.012
417 506 7 7 0.012
690 525 18 24 0.012
761 543 14 19 0.012
190 373 8 10 0.011
391 471 8 10 0.011
127 524 7 8 0.011
156 396 8 9 0.011
710 652 14 15 0.011
974 469 20 25 0.011
221 513 8 8 0.011
153 542 7 10 0.011
103 389 7 9 0.010
844 567 17 22 0.010
976 461 18 22 0.010
897 546 15 19 0.010
