0_Parade_marchingband_1_172
338
570 239 39 49 0.830
245 167 32 41 0.786
509 141 25 31 0.759
561 131 25 29 0.745
672 178 28 33 0.741
747 123 25 31 0.740
852 182 29 32 0.739
649 102 23 28 0.727
698 136 25 28 0.724
840 98 22 27 0.720
70 80 20 25 0.716
985 128 21 25 0.711
253 93 21 25 0.711
493 109 22 25 0.710
228 85 21 24 0.702
113 83 24 28 0.698
779 100 22 28 0.694
487 66 19 24 0.690
279 92 23 28 0.689
404 62 18 22 0.685
944 126 22 25 0.684
194 93 21 25 0.681
440 69 20 23 0.679
871 100 21 25 0.678
524 91 20 27 0.676
696 73 17 22 0.674
442 103 22 27 0.671
712 99 22 25 0.668
304 75 20 26 0.665
371 82 20 24 0.657
170 80 22 26 0.655
967 117 19 24 0.651
929 87 17 20 0.641
606 47 15 17 0.638
587 76 19 22 0.638
909 97 17 21 0.637
250 46 18 21 0.626
954 84 17 21 0.613
880 168 23 28 0.609
595 110 21 25 0.605
561 48 17 21 0.601
998 32 13 17 0.593
809 75 19 22 0.591
644 76 19 22 0.585
1005 74 16 20 0.578
811 33 12 14 0.568
69 33 15 16 0.564
891 139 20 26 0.558
673 52 16 18 0.558
743 47 12 15 0.554
375 107 24 29 0.552
540 66 17 22 0.546
115 27 12 15 0.544
785 43 13 16 0.534
0 32 13 20 0.525
649 41 15 17 0.522
409 28 12 14 0.510
330 120 21 28 0.508
505 49 14 16 0.506
201 36 14 17 0.501
840 23 12 15 0.485
286 40 14 15 0.482
398 101 18 25 0.476
927 35 12 14 0.469
468 38 13 16 0.469
3 8 9 12 0.465
568 21 11 14 0.452
166 44 17 20 0.428
952 53 14 17 0.428
878 25 11 13 0.416
872 76 13 15 0.412
49 70 16 20 0.408
487 3 12 14 0.402
196 1 9 10 0.395
290 64 16 20 0.392
401 11 11 14 0.387
50 9 10 13 0.381
18 6 11 13 0.375
489 31 10 12 0.373
923 15 11 14 0.371
445 25 10 12 0.370
823 20 11 14 0.368
635 25 10 12 0.367
914 73 13 16 0.367
510 66 17 21 0.350
729 36 10 12 0.349
798 20 10 12 0.345
904 38 12 14 0.338
1016 26 9 16 0.336
451 66 21 23 0.330
429 12 12 16 0.326
334 17 10 13 0.316
578 35 11 14 0.316
88 15 10 11 0.313
338 3 10 12 0.310
522 23 11 13 0.309
820 160 25 29 0.300
130 21 10 13 0.298
674 16 12 14 0.298
608 28 11 12 0.293
579 5 11 12 0.290
378 42 11 14 0.275
857 28 11 13 0.271
695 33 11 14 0.270
382 11 12 13 0.263
357 17 11 13 0.262
552 15 10 12 0.256
242 0 12 12 0.233
314 22 11 13 0.220
317 15 11 13 0.219
299 3 11 13 0.213
390 152 24 33 0.212
924 30 12 16 0.208
378 12 11 13 0.206
463 42 13 16 0.200
777 26 10 11 0.192
525 44 12 15 0.192
218 32 11 13 0.187
287 47 15 20 0.183
546 30 10 12 0.180
74 1 10 10 0.178
269 8 11 14 0.178
523 18 10 13 0.177
968 158 22 26 0.177
523 9 10 11 0.173
632 48 12 14 0.173
756 29 10 11 0.171
467 9 10 12 0.169
1 112 17 27 0.165
118 0 11 8 0.163
900 34 12 14 0.155
152 5 11 13 0.153
322 5 10 12 0.153
275 0 11 10 0.151
204 114 20 25 0.151
271 3 11 12 0.136
95 62 15 18 0.136
485 26 11 13 0.134
1012 31 11 18 0.130
277 167 23 33 0.125
283 10 11 13 0.124
308 60 15 18 0.123
373 14 11 13 0.122
445 31 12 15 0.120
751 28 9 11 0.118
0 72 8 24 0.117
872 22 12 13 0.115
816 29 13 15 0.113
367 66 17 18 0.112
250 0 11 12 0.112
563 24 11 15 0.111
221 37 12 14 0.108
651 13 9 12 0.107
138 66 16 19 0.105
412 0 9 6 0.104
207 59 16 20 0.103
738 18 9 9 0.102
376 0 9 8 0.099
655 23 11 11 0.098
404 16 11 16 0.097
604 19 11 13 0.097
311 162 22 36 0.093
438 149 24 30 0.092
628 12 10 11 0.089
600 154 24 29 0.087
14 63 15 21 0.087
224 1 10 11 0.087
831 83 14 17 0.085
718 24 9 12 0.085
865 15 10 12 0.085
122 0 10 8 0.084
876 27 10 13 0.082
444 36 12 15 0.081
374 44 14 18 0.080
923 12 10 12 0.077
465 36 12 15 0.075
702 18 9 11 0.075
766 18 10 10 0.075
338 26 11 13 0.075
218 9 10 12 0.073
486 32 11 14 0.073
283 22 12 14 0.073
658 24 10 13 0.073
188 0 10 10 0.073
704 20 10 11 0.072
700 16 9 11 0.070
1010 115 11 18 0.070
415 23 11 15 0.068
10 66 13 23 0.067
433 7 10 11 0.067
216 12 9 12 0.067
544 31 11 14 0.066
150 4 10 11 0.065
771 29 10 13 0.064
91 65 15 19 0.064
1016 24 8 13 0.064
520 8 10 12 0.064
836 26 13 15 0.063
108 1 10 10 0.063
827 17 11 15 0.063
652 8 9 12 0.062
287 23 12 14 0.059
585 27 11 13 0.058
612 -1 11 7 0.058
39 0 11 11 0.057
1004 170 17 29 0.057
355 0 10 10 0.056
336 8 10 13 0.055
341 29 11 14 0.055
642 20 10 13 0.054
489 47 12 14 0.054
453 46 13 17 0.052
132 63 17 21 0.051
165 60 19 21 0.051
695 11 7 9 0.050
775 82 16 19 0.049
73 8 10 13 0.048
362 24 11 14 0.048
802 76 18 22 0.048
277 25 12 14 0.047
576 4 10 12 0.046
609 0 10 10 0.045
1000 72 13 18 0.042
671 165 26 31 0.041
498 18 10 13 0.041
287 12 11 14 0.041
836 78 13 17 0.040
667 81 15 20 0.039
454 0 8 6 0.039
721 11 7 9 0.039
854 144 17 21 0.039
679 51 14 17 0.039
650 4 9 11 0.039
187 15 10 12 0.039
148 6 11 13 0.038
1005 119 16 21 0.038
332 91 17 20 0.037
363 67 16 20 0.036
819 4 9 10 0.035
530 1 9 9 0.034
826 156 21 26 0.034
671 147 22 25 0.033
998 177 18 25 0.033
724 46 11 14 0.032
785 190 26 32 0.032
611 80 15 19 0.031
537 45 11 14 0.031
162 24 13 15 0.031
184 17 10 13 0.031
680 41 13 16 0.031
728 77 17 21 0.031
119 61 17 21 0.031
104 7 10 12 0.030
228 3 11 13 0.029
737 73 16 20 0.029
444 48 13 17 0.028
965 70 14 18 0.028
835 9 10 10 0.028
587 108 22 26 0.028
860 10 10 10 0.027
838 88 20 23 0.026
196 34 11 16 0.026
424 5 10 9 0.025
802 83 16 21 0.025
594 14 10 12 0.025
678 10 9 11 0.025
950 87 16 20 0.025
994 75 13 17 0.025
630 51 12 16 0.025
222 25 11 14 0.025
893 12 9 12 0.023
450 139 24 29 0.023
879 82 14 19 0.023
968 66 14 17 0.022
817 2 9 10 0.022
50 15 11 14 0.022
938 147 18 21 0.021
374 64 15 19 0.021
157 1 10 11 0.021
848 5 9 10 0.020
780 1 8 7 0.020
128 69 18 24 0.020
1011 109 11 18 0.019
279 37 12 15 0.019
219 41 13 18 0.019
659 82 16 20 0.018
120 11 12 13 0.018
197 38 13 17 0.018
610 50 14 17 0.018
1015 39 10 17 0.018
801 62 15 18 0.018
973 115 17 21 0.018
717 26 11 15 0.017
19 38 14 17 0.017
716 57 13 17 0.017
632 174 19 24 0.017
401 108 19 23 0.016
579 57 13 18 0.015
278 145 24 25 0.015
777 2 9 9 0.015
624 171 24 30 0.015
213 65 16 21 0.015
811 186 20 24 0.014
228 43 13 17 0.014
925 38 12 16 0.014
165 21 12 13 0.014
18 69 17 21 0.014
312 52 14 17 0.014
581 52 12 15 0.014
419 43 13 17 0.013
86 4 11 10 0.013
91 60 13 16 0.013
212 133 22 30 0.013
738 78 17 21 0.013
706 100 19 23 0.013
950 48 13 17 0.013
858 80 15 18 0.013
172 62 17 20 0.013
246 51 15 19 0.012
146 66 16 17 0.012
14 52 14 19 0.012
799 57 13 17 0.012
582 80 18 22 0.012
670 76 14 18 0.012
244 244 43 48 0.011
667 145 19 23 0.011
407 54 16 20 0.011
903 73 12 15 0.011
891 89 14 19 0.011
280 158 24 35 0.011
895 10 9 11 0.011
939 42 12 16 0.011
0 127 12 19 0.011
21 45 14 17 0.011
493 83 16 20 0.011
399 95 16 21 0.011
393 114 19 25 0.011
23 13 12 15 0.010
