0_Parade_marchingband_1_606
32
784 154 39 48 0.835
486 133 35 42 0.812
45 155 34 40 0.801
841 153 30 35 0.796
704 175 26 31 0.784
259 138 30 37 0.784
617 192 26 30 0.783
132 211 24 27 0.727
434 181 19 27 0.662
13 210 20 24 0.462
193 241 18 23 0.275
4 218 16 21 0.138
941 243 25 24 0.127
566 174 15 21 0.075
919 228 14 17 0.045
568 207 15 22 0.028
118 203 21 24 0.025
113 201 19 22 0.024
459 161 13 17 0.022
404 171 15 19 0.020
566 193 16 27 0.018
193 248 15 20 0.017
167 217 13 17 0.015
4 224 10 16 0.014
190 244 15 20 0.014
798 101 23 31 0.013
405 180 14 17 0.013
948 221 13 16 0.012
404 164 17 20 0.012
124 211 20 23 0.011
188 213 14 16 0.011
140 215 20 25 0.010
