0_Parade_Parade_0_247
167
312 416 10 15 0.621
68 429 9 11 0.454
35 435 10 13 0.418
880 486 11 15 0.326
100 437 11 12 0.308
387 422 9 11 0.288
617 452 7 7 0.255
891 452 10 11 0.239
992 447 13 16 0.237
706 448 9 11 0.236
946 463 11 14 0.214
254 448 7 9 0.211
135 434 8 9 0.182
522 451 6 7 0.179
374 425 8 10 0.167
366 181 19 23 0.149
871 487 11 14 0.140
756 490 7 8 0.134
263 435 6 7 0.124
972 493 12 14 0.123
864 487 11 13 0.118
862 444 8 9 0.116
295 437 7 10 0.115
475 455 6 7 0.113
126 495 9 13 0.099
355 458 6 7 0.098
911 179 36 40 0.098
523 451 6 7 0.092
616 453 6 7 0.091
0 253 53 190 0.090
400 359 10 14 0.086
48 453 10 12 0.085
953 464 12 15 0.084
758 453 6 7 0.083
995 450 13 16 0.079
794 141 21 23 0.077
851 227 29 30 0.074
0 11 13 47 0.072
11 434 9 11 0.068
887 460 10 13 0.066
740 447 6 7 0.065
21 435 9 11 0.064
174 439 10 12 0.064
258 437 8 10 0.061
283 440 6 8 0.061
371 427 8 9 0.058
453 437 6 7 0.056
709 446 8 10 0.054
619 453 6 8 0.053
490 451 6 7 0.053
756 454 6 7 0.053
259 435 9 10 0.050
252 449 6 8 0.050
668 451 6 8 0.050
541 449 5 7 0.049
740 498 6 7 0.048
138 435 7 10 0.046
672 455 6 7 0.046
646 444 5 7 0.043
895 448 10 11 0.042
259 431 7 8 0.042
475 438 5 6 0.041
217 408 10 12 0.040
352 460 6 7 0.039
769 493 6 7 0.037
273 440 7 7 0.036
85 468 10 13 0.035
257 433 7 8 0.032
317 418 10 12 0.032
859 443 7 9 0.032
596 463 5 7 0.031
374 421 10 12 0.030
743 499 5 7 0.030
122 452 10 11 0.030
127 451 10 13 0.030
371 423 9 11 0.029
541 452 5 6 0.028
358 455 6 8 0.028
465 448 5 7 0.027
713 14 24 27 0.026
758 492 8 10 0.025
502 451 5 6 0.025
574 461 5 6 0.025
705 451 9 12 0.025
575 463 6 7 0.024
6 437 8 10 0.024
615 449 8 10 0.024
501 453 5 6 0.024
45 420 9 10 0.023
545 449 5 6 0.023
178 221 28 24 0.022
760 454 7 7 0.022
371 456 5 7 0.021
509 143 18 19 0.021
900 468 9 11 0.021
171 449 10 12 0.021
353 456 9 11 0.021
827 30 20 22 0.020
188 439 9 12 0.020
342 448 6 7 0.019
296 439 10 12 0.019
396 361 11 13 0.019
897 465 10 11 0.019
798 399 17 23 0.018
666 454 6 7 0.018
18 450 9 11 0.018
555 466 6 7 0.018
1007 453 9 15 0.018
732 501 6 7 0.018
576 467 6 7 0.018
438 438 5 6 0.018
333 451 5 7 0.017
791 423 12 17 0.017
232 387 11 13 0.017
921 443 9 11 0.017
181 387 28 27 0.017
643 447 6 7 0.017
622 451 6 7 0.017
134 452 8 12 0.017
167 209 27 24 0.016
766 502 6 8 0.016
555 468 5 6 0.016
717 440 7 8 0.016
739 449 5 7 0.016
986 463 12 16 0.016
51 420 8 9 0.016
922 446 9 11 0.015
52 422 8 11 0.015
265 191 13 16 0.015
400 451 5 6 0.015
176 78 28 21 0.015
718 498 6 7 0.015
347 449 5 7 0.015
107 435 8 10 0.015
176 449 11 12 0.015
384 425 9 11 0.015
540 71 23 23 0.014
193 230 26 24 0.014
119 450 10 12 0.014
721 501 6 7 0.013
773 492 6 8 0.013
18 492 11 13 0.013
543 461 5 6 0.013
721 504 7 7 0.013
18 453 10 12 0.013
237 388 9 12 0.013
178 453 10 13 0.013
133 432 11 14 0.013
821 436 11 13 0.013
440 437 6 7 0.013
598 466 5 6 0.012
212 24 22 21 0.012
570 456 5 6 0.012
421 455 5 5 0.011
111 509 10 12 0.011
59 490 10 13 0.011
396 357 10 13 0.011
225 388 11 13 0.011
169 453 10 12 0.011
598 453 5 6 0.011
14 429 8 10 0.011
452 437 8 9 0.011
157 203 29 23 0.011
191 441 10 12 0.010
709 452 7 10 0.010
138 431 8 9 0.010
719 493 6 8 0.010
