0_Parade_Parade_0_906
94
443 263 102 132 0.838
241 261 97 120 0.834
560 259 73 103 0.825
350 282 67 96 0.823
643 229 122 161 0.803
901 515 37 40 0.611
825 743 6 8 0.165
819 718 6 7 0.125
810 745 6 7 0.122
774 718 5 6 0.097
832 717 6 7 0.082
705 740 7 8 0.081
646 743 6 7 0.077
216 295 9 13 0.070
721 695 6 6 0.065
759 719 6 7 0.062
1008 693 6 8 0.059
732 744 6 6 0.058
707 694 5 7 0.055
815 693 6 6 0.054
1010 642 6 7 0.044
551 746 6 7 0.042
922 670 6 6 0.038
757 719 6 7 0.037
564 746 5 6 0.035
13 694 6 6 0.035
69 530 42 53 0.034
844 694 6 7 0.034
871 722 6 7 0.034
705 695 5 6 0.034
125 720 6 6 0.032
800 715 5 6 0.032
55 667 5 7 0.031
762 744 6 7 0.030
711 670 5 6 0.030
213 718 5 6 0.026
1007 693 5 6 0.025
559 746 6 7 0.025
744 742 6 7 0.024
664 643 5 6 0.023
153 744 6 7 0.021
1010 693 5 7 0.021
800 717 6 6 0.021
762 592 5 6 0.020
813 718 5 6 0.020
779 744 6 7 0.019
244 693 6 6 0.019
807 743 7 8 0.019
35 666 5 6 0.018
227 718 6 6 0.018
476 719 6 7 0.018
67 669 5 6 0.017
691 695 5 7 0.016
208 694 5 6 0.016
552 744 6 7 0.016
15 669 5 6 0.015
692 721 6 6 0.015
206 694 5 6 0.015
733 758 6 8 0.015
712 758 7 7 0.015
594 718 6 7 0.015
150 695 5 6 0.015
40 720 5 6 0.015
16 645 5 6 0.015
553 747 6 7 0.014
922 694 5 6 0.014
782 740 6 7 0.014
38 665 5 6 0.014
14 760 6 6 0.014
767 744 6 7 0.013
214 291 12 23 0.013
121 718 5 6 0.013
13 644 5 7 0.013
719 719 6 6 0.013
55 722 5 7 0.012
918 515 29 36 0.012
851 719 6 6 0.012
56 720 6 7 0.012
510 694 6 7 0.012
127 718 5 7 0.012
12 669 5 7 0.012
479 758 8 8 0.011
34 664 5 6 0.011
39 722 5 6 0.011
938 566 19 23 0.011
971 720 6 6 0.011
678 719 6 7 0.011
942 696 5 7 0.011
211 272 76 104 0.011
690 721 5 6 0.011
40 717 5 7 0.010
683 644 5 6 0.010
736 758 8 7 0.010
163 720 5 6 0.010
