0_Parade_marchingband_1_149
27
599 240 24 30 0.824
443 373 28 38 0.817
281 230 23 29 0.815
282 386 26 34 0.812
465 305 23 29 0.810
672 316 25 33 0.809
212 233 25 31 0.809
713 389 28 35 0.809
809 239 24 32 0.809
527 385 26 34 0.808
473 232 23 29 0.807
729 240 25 29 0.807
390 309 25 30 0.805
535 222 23 31 0.805
373 381 25 35 0.804
631 378 26 33 0.801
405 224 23 28 0.798
783 313 26 31 0.798
665 236 23 30 0.796
227 313 23 31 0.795
537 300 24 32 0.793
352 237 25 30 0.792
603 323 23 30 0.791
310 314 24 30 0.781
310 262 26 26 0.653
243 262 24 24 0.652
702 267 24 26 0.528
