0_Parade_marchingband_1_234
73
471 402 16 21 0.761
404 410 17 21 0.761
668 321 16 21 0.759
217 292 16 19 0.759
555 311 17 20 0.756
583 415 15 20 0.755
677 283 16 18 0.754
704 419 16 19 0.752
207 420 16 19 0.752
334 410 17 21 0.750
435 312 16 20 0.750
343 278 16 17 0.748
368 307 16 20 0.748
865 302 15 17 0.745
244 329 16 18 0.745
228 221 15 18 0.742
785 318 17 21 0.742
281 420 16 20 0.741
403 290 16 17 0.741
531 222 15 17 0.740
702 254 16 17 0.738
647 411 16 20 0.736
845 251 16 20 0.736
728 317 17 19 0.735
508 255 17 19 0.730
613 321 15 20 0.730
760 420 16 20 0.729
808 281 15 18 0.728
255 255 16 17 0.728
602 206 16 17 0.727
307 312 16 20 0.727
525 415 15 19 0.725
746 272 17 18 0.722
317 260 16 17 0.722
776 254 15 17 0.721
540 291 17 18 0.721
570 267 15 17 0.718
671 209 15 17 0.718
643 248 17 17 0.718
292 230 15 17 0.710
285 296 14 17 0.710
437 260 15 17 0.703
353 229 15 16 0.700
375 262 15 17 0.700
490 310 15 17 0.699
469 232 15 17 0.697
400 216 15 17 0.689
481 176 16 17 0.670
736 229 15 18 0.663
607 304 16 16 0.650
187 326 17 16 0.642
836 327 17 19 0.635
555 165 15 18 0.598
469 310 14 16 0.575
234 189 11 15 0.216
250 244 16 19 0.161
365 246 15 18 0.141
142 424 11 15 0.132
776 222 12 16 0.128
643 417 15 19 0.089
645 217 10 12 0.054
600 176 10 15 0.043
809 251 12 15 0.020
188 335 14 16 0.019
486 176 15 15 0.019
354 203 11 15 0.018
184 326 14 15 0.016
638 430 12 14 0.016
450 268 14 16 0.014
319 227 10 14 0.012
459 271 12 14 0.012
471 307 18 22 0.011
849 221 10 14 0.011
