0_Parade_Parade_0_377
212
254 506 75 92 0.815
857 364 67 72 0.753
977 338 20 25 0.733
573 306 31 36 0.707
97 368 52 61 0.696
945 318 17 21 0.658
6 261 50 70 0.651
247 398 27 39 0.622
343 334 28 35 0.581
154 316 37 47 0.547
426 304 20 29 0.520
730 306 23 27 0.487
551 296 18 24 0.471
359 271 26 32 0.433
70 382 44 54 0.421
765 314 17 21 0.404
810 309 12 15 0.396
898 309 12 14 0.395
711 314 14 16 0.384
846 311 11 12 0.347
453 277 19 22 0.336
158 219 8 10 0.312
986 315 15 18 0.309
771 314 17 20 0.300
246 339 32 35 0.298
656 330 11 13 0.285
53 476 51 55 0.284
636 312 12 14 0.279
929 318 13 17 0.230
284 295 25 31 0.202
1 232 38 45 0.178
264 251 13 16 0.176
799 321 12 14 0.150
330 318 26 34 0.143
1011 304 10 15 0.136
651 312 13 16 0.133
77 277 30 37 0.132
832 315 10 13 0.114
276 330 28 38 0.108
183 277 23 29 0.105
321 249 13 15 0.104
463 316 17 21 0.102
804 324 10 12 0.101
54 357 46 59 0.101
422 311 21 31 0.097
700 299 11 12 0.097
843 312 10 12 0.097
714 311 19 21 0.091
755 313 16 20 0.091
999 300 13 16 0.090
795 313 11 15 0.089
864 317 16 17 0.085
534 292 15 19 0.083
487 294 18 22 0.082
46 350 44 52 0.081
604 314 11 15 0.078
736 311 22 23 0.078
399 271 15 20 0.075
366 378 35 35 0.075
525 291 17 21 0.075
932 321 14 18 0.073
328 327 26 35 0.073
858 319 13 17 0.072
289 291 23 28 0.071
854 322 14 15 0.069
397 225 9 11 0.067
154 259 24 34 0.066
1005 302 12 16 0.065
926 311 14 18 0.062
306 304 25 30 0.061
0 430 21 71 0.061
590 276 16 18 0.059
420 253 15 20 0.059
467 309 18 23 0.059
705 316 15 17 0.057
486 318 20 27 0.054
21 353 37 48 0.053
995 296 13 17 0.053
38 233 14 19 0.053
477 293 19 23 0.052
255 254 15 17 0.052
123 217 8 10 0.050
155 218 8 11 0.050
402 274 16 20 0.050
632 319 11 16 0.049
252 256 13 15 0.049
206 298 25 34 0.047
-1 302 31 80 0.046
253 331 36 43 0.046
364 233 10 13 0.046
925 320 16 21 0.046
629 328 12 15 0.045
27 269 36 54 0.044
687 320 16 19 0.043
350 290 33 45 0.043
656 322 12 16 0.043
395 349 20 30 0.042
211 217 8 9 0.042
161 265 26 34 0.042
598 326 16 20 0.042
318 248 12 13 0.041
32 356 43 57 0.041
345 269 15 21 0.040
586 279 21 24 0.040
541 297 18 23 0.040
610 311 12 15 0.038
629 311 13 16 0.037
483 298 23 30 0.037
975 308 14 18 0.034
492 314 18 24 0.034
515 290 20 23 0.034
329 311 21 26 0.033
492 297 18 25 0.033
928 307 12 15 0.033
683 289 10 12 0.032
483 245 10 12 0.032
852 326 11 16 0.031
253 407 30 40 0.031
334 336 23 29 0.031
263 443 40 48 0.030
582 278 12 14 0.030
65 351 39 48 0.029
324 251 14 19 0.029
389 210 7 9 0.029
59 225 13 17 0.028
21 326 44 68 0.028
49 261 40 55 0.027
384 294 19 26 0.027
219 268 15 19 0.026
351 267 17 21 0.026
718 288 13 15 0.026
652 305 11 14 0.025
690 291 10 12 0.024
337 266 16 21 0.024
419 319 24 33 0.024
721 292 14 16 0.023
52 403 52 63 0.023
192 279 19 24 0.023
470 302 19 23 0.023
514 281 17 22 0.023
685 290 11 13 0.022
797 305 10 13 0.022
762 283 9 11 0.022
185 224 9 12 0.021
228 450 28 42 0.021
682 327 14 17 0.021
216 216 7 8 0.021
819 305 10 12 0.020
6 339 27 55 0.020
818 309 11 13 0.020
60 228 16 19 0.020
189 223 11 14 0.019
0 156 5 10 0.019
100 392 55 65 0.019
299 290 20 24 0.019
274 288 26 28 0.019
929 301 12 14 0.018
492 325 20 25 0.018
649 329 12 15 0.017
263 257 17 19 0.017
767 310 13 16 0.017
193 222 9 11 0.017
318 252 13 16 0.016
1015 386 9 42 0.016
518 317 18 22 0.015
295 300 21 25 0.015
48 280 30 43 0.015
347 264 13 18 0.015
87 282 27 34 0.015
456 315 16 23 0.015
450 281 17 21 0.015
671 308 13 15 0.014
610 345 15 20 0.014
509 320 21 27 0.014
153 256 19 28 0.014
531 249 8 11 0.014
196 220 10 11 0.014
658 283 9 11 0.014
500 287 15 21 0.014
521 233 9 11 0.014
286 329 20 29 0.013
393 266 14 19 0.013
397 265 13 18 0.013
474 251 12 14 0.013
370 235 11 13 0.013
466 256 12 15 0.013
352 335 30 35 0.013
484 337 20 25 0.013
575 260 11 12 0.013
264 329 30 37 0.013
96 552 64 61 0.013
421 336 21 26 0.013
33 231 22 27 0.012
75 197 11 15 0.012
304 287 18 22 0.012
997 293 12 14 0.012
326 336 20 26 0.012
332 271 17 23 0.012
374 228 10 12 0.011
355 320 24 31 0.011
486 291 13 18 0.011
237 229 11 14 0.011
680 287 9 12 0.011
370 278 18 23 0.011
490 335 19 25 0.011
174 266 27 35 0.011
356 260 15 19 0.010
975 304 13 16 0.010
179 292 36 46 0.010
661 308 13 16 0.010
520 324 18 23 0.010
696 306 12 16 0.010
