0_Parade_Parade_0_205
39
262 300 77 100 0.816
665 327 40 51 0.711
596 331 22 29 0.636
812 316 28 35 0.575
961 402 16 25 0.393
727 349 18 27 0.300
139 39 72 98 0.249
774 352 17 22 0.184
516 525 17 22 0.113
722 333 18 22 0.090
570 322 25 31 0.068
857 366 20 25 0.059
479 166 20 28 0.048
334 189 56 48 0.045
149 297 5 6 0.032
977 165 47 93 0.031
824 323 22 27 0.030
475 220 11 13 0.028
751 371 13 16 0.028
461 319 21 28 0.026
655 335 20 27 0.022
524 244 27 42 0.020
894 340 14 25 0.019
870 362 17 20 0.017
583 319 35 47 0.016
706 340 16 23 0.016
889 334 17 24 0.016
650 337 16 22 0.015
867 367 18 23 0.014
771 358 17 20 0.013
279 165 47 59 0.012
415 240 12 16 0.012
573 315 21 26 0.012
991 183 32 87 0.012
357 162 13 14 0.012
966 408 14 20 0.012
573 306 20 22 0.012
145 60 53 64 0.011
472 329 21 29 0.010
