0_Parade_Parade_0_611
29
303 169 39 55 0.818
588 153 37 48 0.807
154 163 32 48 0.800
414 137 38 52 0.788
72 196 24 30 0.768
917 222 15 18 0.721
657 198 16 25 0.681
499 199 23 37 0.680
759 207 13 22 0.625
530 210 17 23 0.558
621 190 16 24 0.555
261 197 22 30 0.517
172 219 20 24 0.514
952 232 11 14 0.503
722 230 10 11 0.398
687 213 11 14 0.365
785 248 8 11 0.224
268 198 25 34 0.029
956 229 12 15 0.029
956 234 12 14 0.022
725 230 10 11 0.018
753 206 15 21 0.018
728 207 13 15 0.015
0 235 7 16 0.015
726 210 11 13 0.014
256 201 20 26 0.013
843 221 10 13 0.012
738 199 11 17 0.011
237 173 20 26 0.010
