0_Parade_Parade_0_688
87
455 532 25 30 0.771
535 461 18 21 0.737
567 542 17 21 0.699
882 522 14 18 0.683
278 526 23 27 0.654
451 503 19 24 0.641
845 568 15 20 0.632
7 583 13 16 0.618
218 539 15 24 0.583
808 526 16 21 0.570
968 512 9 12 0.532
945 529 9 11 0.403
55 554 8 10 0.401
528 594 21 25 0.381
206 554 13 18 0.317
775 537 6 8 0.311
816 529 14 19 0.288
838 531 10 12 0.284
25 564 8 10 0.282
366 528 10 12 0.259
2 566 9 11 0.250
69 576 10 12 0.236
214 544 16 21 0.225
1017 531 7 12 0.224
732 478 15 27 0.192
32 551 7 9 0.189
36 586 7 10 0.185
308 511 15 22 0.158
1003 550 10 11 0.142
266 528 16 22 0.136
953 523 11 12 0.130
264 531 11 18 0.118
55 557 9 11 0.109
914 532 7 9 0.108
785 549 7 8 0.105
842 532 7 10 0.103
44 573 8 9 0.096
272 526 17 23 0.091
3 563 7 10 0.083
204 550 12 18 0.077
241 531 11 19 0.071
994 532 8 10 0.071
215 538 13 21 0.066
121 520 18 21 0.064
670 465 14 17 0.063
197 574 14 18 0.062
915 536 9 11 0.056
778 537 7 8 0.054
759 545 7 8 0.052
202 565 13 18 0.049
919 538 7 10 0.047
1001 545 8 12 0.045
831 558 9 12 0.044
74 577 10 12 0.044
959 542 7 8 0.042
942 530 8 8 0.041
771 539 8 10 0.039
656 620 26 56 0.037
600 515 12 13 0.037
34 583 8 10 0.036
203 557 13 18 0.032
920 542 7 10 0.029
71 570 9 10 0.027
868 535 9 11 0.027
984 749 31 20 0.026
192 515 6 8 0.026
916 541 8 12 0.023
0 550 5 8 0.023
65 550 7 8 0.021
850 546 7 8 0.021
73 581 10 12 0.020
537 567 17 21 0.019
863 534 6 7 0.019
37 551 7 7 0.018
866 533 7 9 0.018
341 578 34 43 0.018
604 515 13 16 0.016
5 749 67 19 0.015
804 527 15 17 0.013
841 497 5 7 0.013
118 518 16 20 0.013
261 539 10 15 0.012
753 526 6 7 0.012
295 523 17 21 0.012
36 594 9 14 0.011
214 532 12 18 0.011
174 522 6 8 0.011
