0_Parade_Parade_0_353
106
495 239 25 34 0.758
390 258 20 26 0.730
326 294 31 38 0.721
600 236 44 52 0.672
693 247 14 17 0.658
839 263 20 25 0.652
288 287 14 17 0.644
32 339 14 20 0.605
886 249 13 17 0.578
254 288 12 14 0.508
202 299 18 24 0.452
457 282 10 12 0.434
720 250 11 16 0.424
799 256 8 9 0.397
78 313 19 22 0.396
176 296 16 18 0.339
378 287 12 14 0.336
155 373 11 12 0.318
431 280 7 8 0.287
825 255 11 12 0.250
851 250 15 17 0.233
440 283 7 8 0.207
448 270 7 8 0.206
560 265 28 45 0.204
433 282 7 8 0.191
104 245 10 13 0.181
316 268 15 15 0.178
429 279 7 9 0.175
147 306 14 16 0.172
302 305 14 16 0.155
260 288 12 14 0.151
186 298 15 18 0.125
741 254 22 32 0.118
317 285 11 15 0.116
543 269 11 16 0.114
260 301 14 17 0.114
813 259 7 9 0.111
938 252 6 8 0.108
211 301 20 24 0.105
812 252 7 8 0.093
3 372 8 11 0.091
667 249 8 11 0.088
453 282 9 11 0.086
429 282 8 9 0.080
925 246 7 8 0.078
783 269 12 16 0.077
316 272 13 17 0.076
44 326 14 18 0.072
558 269 18 29 0.066
797 253 11 15 0.065
742 270 26 33 0.064
940 253 6 6 0.061
822 256 9 11 0.058
547 268 12 22 0.056
668 251 10 13 0.043
878 249 10 14 0.043
822 254 6 9 0.042
374 285 14 18 0.036
803 273 7 9 0.036
795 256 8 11 0.036
934 248 9 11 0.034
47 324 14 17 0.028
72 314 17 21 0.026
540 268 16 22 0.026
902 243 11 14 0.026
370 279 8 9 0.026
563 270 49 50 0.026
777 264 15 20 0.025
466 281 7 10 0.024
797 272 9 12 0.024
307 302 19 24 0.023
187 315 15 17 0.022
80 320 18 21 0.022
849 247 12 15 0.021
819 230 5 7 0.021
124 395 6 8 0.020
267 289 10 12 0.019
869 251 9 11 0.019
40 336 15 20 0.019
1018 240 5 7 0.019
618 242 28 29 0.019
911 241 9 12 0.017
727 254 14 20 0.017
262 308 14 16 0.017
169 293 15 17 0.017
250 288 10 13 0.017
691 247 11 15 0.016
0 365 7 12 0.016
317 320 14 23 0.016
470 269 7 10 0.015
120 395 9 10 0.015
469 265 7 10 0.015
778 271 19 22 0.015
907 237 9 12 0.015
725 249 11 15 0.014
698 248 14 17 0.013
286 292 13 14 0.013
127 394 7 8 0.013
831 253 9 10 0.012
891 249 13 14 0.012
795 274 12 15 0.011
741 281 22 28 0.011
219 303 16 18 0.011
317 264 13 14 0.011
428 278 10 14 0.011
2 370 11 15 0.010
