0_Parade_Parade_0_218
158
739 385 36 39 0.812
927 621 11 14 0.629
1015 535 8 12 0.563
857 526 14 21 0.475
918 546 10 12 0.446
943 611 9 12 0.427
871 496 7 9 0.390
877 628 11 14 0.379
388 163 169 106 0.362
968 545 10 11 0.360
141 560 12 14 0.350
816 637 11 15 0.309
100 563 9 10 0.307
39 559 9 11 0.304
945 540 9 10 0.264
966 544 10 11 0.221
957 552 8 10 0.206
993 558 9 11 0.195
1009 602 11 13 0.195
201 664 13 16 0.170
87 587 9 11 0.151
955 553 7 10 0.149
115 569 8 9 0.131
905 588 9 12 0.127
964 546 9 11 0.124
838 493 10 13 0.110
1 604 9 11 0.105
923 580 10 13 0.102
239 612 12 12 0.100
90 552 9 9 0.097
977 611 9 12 0.095
116 546 8 10 0.088
953 542 10 11 0.088
863 531 11 16 0.078
325 537 9 10 0.077
172 657 12 15 0.076
175 659 12 14 0.066
896 553 8 10 0.064
109 513 6 7 0.062
926 578 10 12 0.061
144 534 7 10 0.060
131 552 9 9 0.059
107 513 6 8 0.059
941 539 8 11 0.057
43 562 9 10 0.057
839 491 9 11 0.053
812 638 12 15 0.052
903 590 9 12 0.051
32 574 8 10 0.050
979 535 8 9 0.050
182 669 12 16 0.049
367 245 213 266 0.048
141 490 7 8 0.048
161 648 12 15 0.048
681 508 8 10 0.047
179 666 12 15 0.044
280 508 6 7 0.043
240 554 7 10 0.042
680 532 8 10 0.042
279 507 6 7 0.040
883 545 7 10 0.040
151 486 6 8 0.039
243 609 13 15 0.039
282 526 7 9 0.039
874 495 7 10 0.038
255 611 10 13 0.037
243 596 9 10 0.035
64 552 8 9 0.034
887 550 8 10 0.034
312 511 6 7 0.033
239 515 7 9 0.032
240 557 8 10 0.032
361 544 8 9 0.032
52 567 8 11 0.032
848 528 15 19 0.031
362 666 12 16 0.031
526 251 50 45 0.031
152 485 6 8 0.031
16 566 8 10 0.030
62 552 7 8 0.030
330 509 6 7 0.030
66 554 8 10 0.029
227 624 11 16 0.029
890 548 9 12 0.029
136 546 9 12 0.028
101 653 14 18 0.026
275 586 8 10 0.026
241 516 7 10 0.026
148 487 7 8 0.026
191 555 7 8 0.025
876 553 8 9 0.024
612 658 14 17 0.024
879 548 7 10 0.024
230 627 13 15 0.023
814 633 10 14 0.023
469 208 138 107 0.022
40 554 8 11 0.022
254 606 10 12 0.022
331 507 6 8 0.021
919 552 11 12 0.021
11 565 9 11 0.021
236 557 8 10 0.021
82 584 8 10 0.021
973 612 9 12 0.021
916 552 9 12 0.020
1005 603 11 12 0.020
273 582 9 11 0.020
240 599 9 10 0.020
94 514 7 8 0.020
230 566 7 10 0.020
113 536 9 12 0.019
931 601 8 11 0.019
977 615 8 12 0.018
256 615 10 12 0.018
646 490 6 8 0.018
237 517 8 9 0.018
983 534 8 9 0.017
322 645 15 16 0.017
142 489 9 10 0.016
495 237 97 84 0.016
159 643 11 15 0.016
946 536 9 11 0.016
302 553 8 9 0.015
231 560 9 11 0.015
130 513 6 7 0.015
257 567 8 10 0.015
25 600 10 12 0.014
272 557 7 9 0.014
918 581 9 11 0.014
297 515 5 7 0.014
145 536 8 10 0.014
38 556 8 11 0.014
237 597 9 10 0.013
849 215 11 16 0.013
118 510 6 8 0.013
981 607 9 11 0.013
55 549 6 8 0.013
296 581 8 9 0.012
176 652 12 16 0.012
2 615 9 14 0.012
283 524 9 12 0.012
638 510 7 8 0.012
683 532 8 11 0.012
286 606 9 10 0.011
70 562 8 9 0.011
175 587 10 12 0.011
151 553 8 10 0.011
185 668 14 17 0.011
14 602 10 12 0.011
359 542 13 13 0.011
466 524 8 9 0.011
71 574 10 12 0.011
226 534 7 8 0.011
233 608 12 14 0.011
235 511 6 7 0.010
238 524 10 13 0.010
368 229 164 180 0.010
672 516 7 9 0.010
