0_Parade_marchingband_1_488
64
445 268 22 29 0.757
41 266 20 27 0.752
323 314 14 18 0.681
271 332 13 16 0.680
611 321 14 21 0.659
730 361 8 11 0.557
687 330 12 16 0.553
645 349 9 12 0.524
374 344 10 12 0.500
496 341 11 13 0.485
911 384 7 9 0.426
513 353 10 12 0.410
809 383 7 9 0.371
858 368 9 11 0.338
941 375 8 10 0.336
761 368 9 10 0.304
974 390 6 8 0.256
988 402 7 10 0.249
896 393 8 9 0.230
1017 301 7 22 0.228
767 368 9 10 0.203
94 360 8 10 0.160
508 349 11 13 0.144
492 341 11 13 0.121
844 395 7 8 0.117
74 367 7 9 0.111
940 378 8 9 0.106
759 370 9 10 0.097
96 368 9 11 0.096
95 363 8 10 0.095
772 370 8 9 0.089
61 123 10 13 0.088
83 116 12 15 0.078
733 361 8 11 0.078
96 372 9 12 0.076
944 373 9 11 0.072
96 376 9 12 0.055
453 194 6 8 0.046
757 369 7 9 0.042
616 323 12 18 0.037
606 323 14 19 0.030
256 164 6 8 0.028
1012 301 9 20 0.027
896 396 8 9 0.027
912 382 7 9 0.025
827 396 6 8 0.023
464 304 10 14 0.022
990 400 7 9 0.020
51 119 10 13 0.020
826 397 6 9 0.018
70 366 8 10 0.016
895 390 6 9 0.016
978 388 6 7 0.016
57 128 10 12 0.015
449 193 6 8 0.014
48 118 9 11 0.013
865 214 6 7 0.012
341 175 6 7 0.011
684 327 9 12 0.011
368 333 8 10 0.011
78 371 8 11 0.011
871 406 7 8 0.011
696 331 8 15 0.010
234 134 6 7 0.010
