0_Parade_Parade_0_873
327
820 504 62 80 0.852
319 459 48 61 0.836
452 522 64 83 0.804
980 460 44 75 0.800
95 582 75 102 0.798
870 570 91 114 0.793
151 408 34 41 0.788
715 405 34 44 0.778
30 428 34 47 0.775
609 490 49 67 0.772
929 401 45 54 0.772
726 478 49 70 0.768
744 314 21 26 0.752
661 606 63 77 0.744
402 323 27 34 0.743
316 404 35 45 0.742
452 398 31 40 0.739
371 322 19 23 0.739
853 326 24 29 0.730
818 319 21 26 0.728
277 373 22 27 0.723
189 356 19 23 0.721
131 384 29 34 0.720
0 391 21 31 0.720
509 372 23 28 0.716
480 309 19 23 0.715
746 354 24 30 0.714
13 361 24 29 0.712
626 334 18 26 0.693
86 454 49 52 0.689
60 334 14 18 0.689
501 319 16 21 0.679
556 425 38 50 0.679
24 296 13 17 0.676
780 415 36 45 0.667
467 346 17 24 0.667
958 344 29 32 0.664
212 309 15 19 0.663
702 289 14 16 0.654
460 316 13 17 0.654
630 364 23 30 0.652
902 376 25 36 0.652
300 352 22 27 0.650
859 375 29 41 0.646
662 311 14 17 0.646
994 309 20 27 0.645
533 356 25 32 0.642
793 315 17 22 0.639
933 296 22 28 0.637
319 322 12 16 0.636
428 306 14 18 0.633
1000 365 22 31 0.629
246 344 14 17 0.625
533 318 13 16 0.623
634 309 15 21 0.621
671 364 20 25 0.616
935 270 15 17 0.616
337 369 25 28 0.615
808 263 12 16 0.613
735 298 16 20 0.603
143 478 35 59 0.603
974 420 36 60 0.601
908 307 16 20 0.601
665 391 30 38 0.600
709 306 16 21 0.594
807 351 23 27 0.594
566 328 15 17 0.583
34 336 14 17 0.582
216 353 16 19 0.582
965 294 15 18 0.581
445 370 27 33 0.575
249 575 35 65 0.569
175 333 18 21 0.568
79 370 25 29 0.567
920 274 13 15 0.561
473 301 12 14 0.557
582 345 21 27 0.549
574 307 12 16 0.547
896 347 27 34 0.524
875 268 10 13 0.521
773 358 22 28 0.518
785 299 15 20 0.512
983 281 16 22 0.510
365 449 40 68 0.509
233 328 14 17 0.505
532 301 12 14 0.485
316 382 14 20 0.485
998 292 18 20 0.476
709 270 9 12 0.472
590 368 20 24 0.447
501 357 17 21 0.444
522 349 18 24 0.415
588 321 14 18 0.415
152 327 13 15 0.400
768 399 27 37 0.399
2 327 10 16 0.392
125 339 12 16 0.391
163 345 14 19 0.384
102 335 12 14 0.369
65 472 49 50 0.363
256 329 13 15 0.358
350 344 18 20 0.357
1011 317 14 27 0.353
982 291 17 21 0.345
546 328 15 18 0.345
832 297 12 14 0.344
789 344 21 24 0.337
259 353 16 21 0.330
504 344 15 18 0.324
1018 269 7 17 0.319
912 269 10 12 0.317
524 339 15 20 0.313
559 310 13 15 0.307
866 284 13 17 0.301
856 280 10 11 0.301
0 363 8 21 0.298
100 360 18 24 0.297
291 332 13 16 0.292
240 371 21 24 0.284
682 311 12 15 0.277
508 449 30 51 0.269
279 320 14 16 0.265
248 322 13 15 0.254
379 308 12 14 0.228
100 355 16 21 0.227
870 306 18 22 0.216
277 343 16 20 0.210
203 401 20 25 0.205
859 281 13 17 0.202
13 528 47 57 0.202
228 333 13 17 0.196
870 344 19 25 0.183
809 293 16 19 0.181
0 454 13 65 0.180
968 350 28 33 0.174
314 399 27 39 0.171
577 344 20 24 0.168
42 317 11 14 0.165
687 334 18 24 0.152
591 325 14 17 0.149
103 368 17 23 0.141
953 381 31 37 0.139
98 341 13 15 0.135
744 277 12 15 0.134
706 294 15 19 0.132
202 337 13 15 0.132
165 319 12 13 0.131
994 288 15 23 0.123
808 442 44 50 0.123
528 339 16 23 0.122
159 364 15 20 0.121
868 300 16 21 0.116
909 269 9 11 0.115
759 302 15 18 0.115
325 350 16 19 0.115
921 337 21 27 0.114
145 463 38 56 0.113
814 297 15 17 0.113
1004 294 16 21 0.112
222 410 33 37 0.111
161 355 15 20 0.111
963 267 10 11 0.098
682 386 25 38 0.097
760 254 8 11 0.097
914 327 18 22 0.091
545 420 37 50 0.090
872 311 18 22 0.084
939 295 22 25 0.083
1 435 16 51 0.083
447 351 20 24 0.082
684 322 15 22 0.079
909 410 31 37 0.078
328 344 15 20 0.078
158 379 17 22 0.078
301 326 13 15 0.074
199 404 25 34 0.072
62 340 16 19 0.070
1 568 49 79 0.068
0 330 9 18 0.068
558 359 19 25 0.068
193 337 15 17 0.067
211 375 18 22 0.066
745 268 10 14 0.065
784 258 9 11 0.062
765 301 12 15 0.061
500 445 28 49 0.061
429 328 13 17 0.057
208 310 14 16 0.056
287 433 24 33 0.055
745 261 10 12 0.052
911 267 9 11 0.052
198 327 13 15 0.051
375 645 74 58 0.051
593 307 11 15 0.051
828 298 15 18 0.050
910 370 36 45 0.049
442 345 17 20 0.049
-1 367 10 26 0.049
911 344 27 33 0.048
532 420 29 42 0.048
251 307 10 11 0.047
119 324 9 11 0.045
272 321 11 14 0.045
317 350 19 23 0.044
59 366 15 19 0.044
81 397 26 30 0.044
688 371 25 33 0.042
692 335 22 25 0.042
76 394 22 26 0.042
130 340 13 17 0.042
595 305 12 13 0.041
288 323 12 14 0.040
689 380 30 40 0.040
441 351 19 23 0.039
24 517 41 55 0.038
264 355 15 20 0.037
906 297 15 18 0.036
5 547 50 67 0.036
170 319 10 14 0.034
783 249 7 9 0.034
165 382 19 23 0.033
748 260 10 12 0.033
212 409 29 36 0.033
686 342 18 23 0.033
32 309 13 17 0.032
1015 331 9 25 0.032
570 394 23 28 0.031
732 356 22 29 0.030
622 497 53 64 0.030
129 485 36 59 0.029
206 392 20 24 0.029
430 467 49 61 0.028
78 353 14 18 0.028
775 339 17 20 0.027
329 314 10 10 0.027
440 340 16 18 0.027
724 361 20 26 0.027
964 470 47 63 0.026
391 311 13 18 0.026
658 309 15 18 0.026
776 397 33 41 0.026
364 313 12 14 0.025
867 471 38 43 0.025
345 325 10 12 0.025
466 326 13 18 0.024
835 301 13 17 0.024
223 398 32 37 0.024
879 268 10 14 0.023
650 435 30 34 0.023
493 306 12 14 0.022
411 635 57 69 0.022
637 404 25 32 0.022
508 462 37 52 0.022
806 320 17 22 0.022
110 369 15 21 0.021
226 384 30 32 0.021
681 364 21 26 0.020
1011 347 13 25 0.020
-1 554 33 68 0.020
62 369 17 21 0.020
624 328 15 22 0.020
742 266 10 13 0.020
171 386 20 24 0.019
280 646 73 55 0.019
328 387 32 44 0.019
424 383 25 30 0.019
32 364 17 22 0.018
825 386 24 28 0.018
124 362 19 22 0.018
800 347 22 29 0.017
237 377 26 31 0.017
763 307 15 20 0.017
901 425 32 39 0.017
671 339 17 22 0.017
151 323 11 13 0.017
712 271 10 13 0.017
925 344 21 26 0.016
495 362 16 21 0.016
19 527 32 42 0.016
1015 268 11 16 0.015
258 623 57 67 0.015
924 294 15 20 0.015
282 316 12 14 0.014
831 371 19 25 0.014
72 487 52 57 0.014
985 277 12 16 0.014
0 472 9 54 0.014
728 309 16 20 0.014
86 494 48 58 0.013
328 311 9 11 0.013
632 413 27 32 0.013
532 316 18 23 0.013
8 468 24 40 0.013
428 368 22 29 0.013
742 259 9 11 0.013
884 450 39 51 0.013
641 524 53 64 0.013
504 306 11 14 0.013
853 279 8 10 0.012
606 371 20 25 0.012
300 338 19 23 0.012
45 353 15 18 0.012
474 297 11 14 0.012
64 364 12 15 0.012
947 470 39 55 0.012
705 269 9 12 0.012
860 360 28 38 0.012
835 367 18 23 0.012
969 431 31 48 0.012
278 440 23 32 0.011
963 386 30 41 0.011
614 375 25 30 0.011
693 395 27 35 0.011
595 390 30 30 0.011
711 338 21 24 0.011
693 367 20 26 0.011
819 263 10 13 0.011
319 372 16 22 0.011
767 330 16 19 0.011
430 355 22 28 0.010
781 247 7 8 0.010
286 328 19 23 0.010
3 458 22 50 0.010
127 350 16 19 0.010
92 399 22 26 0.010
855 365 19 25 0.010
373 306 19 24 0.010
