0_Parade_marchingband_1_359
86
733 114 56 63 0.855
167 170 35 41 0.767
608 186 19 24 0.757
909 118 23 28 0.752
865 149 23 27 0.750
410 191 19 22 0.710
482 192 15 19 0.703
1008 117 17 27 0.701
310 192 14 20 0.666
0 213 15 19 0.663
507 193 11 14 0.605
362 195 11 14 0.550
145 202 14 18 0.489
249 196 11 15 0.452
271 196 12 15 0.415
286 211 12 12 0.356
48 211 17 19 0.340
539 196 7 8 0.336
966 132 11 15 0.321
57 209 15 17 0.196
452 207 10 12 0.168
61 207 14 17 0.159
568 194 7 8 0.154
264 197 13 14 0.136
847 156 5 6 0.129
307 198 14 16 0.115
665 191 6 7 0.112
277 196 11 14 0.105
677 196 6 7 0.105
389 213 8 11 0.092
543 194 6 9 0.090
454 204 10 13 0.089
832 173 6 8 0.081
49 219 15 17 0.072
66 171 18 23 0.068
388 210 8 11 0.067
959 161 12 15 0.064
16 226 12 13 0.063
529 200 7 7 0.063
238 191 9 12 0.062
292 209 9 13 0.058
647 194 5 7 0.055
150 207 15 18 0.054
669 194 5 7 0.051
963 141 12 16 0.047
381 214 9 12 0.046
385 199 7 8 0.040
656 197 5 7 0.040
212 216 12 14 0.036
592 201 6 8 0.035
454 197 8 11 0.031
385 216 9 12 0.031
674 195 8 9 0.029
66 209 14 18 0.029
830 173 9 11 0.027
591 198 5 7 0.026
693 184 5 7 0.026
273 219 10 12 0.024
458 196 8 11 0.023
810 173 6 7 0.022
391 202 7 11 0.022
562 199 6 8 0.021
580 198 7 7 0.021
1011 149 14 25 0.018
376 214 10 12 0.018
845 154 10 12 0.018
594 207 6 7 0.017
820 169 6 6 0.017
690 182 6 7 0.017
274 205 11 14 0.017
717 184 16 20 0.016
664 190 8 10 0.016
615 189 14 18 0.015
970 127 11 16 0.015
248 201 10 14 0.015
441 203 8 11 0.014
281 216 11 13 0.014
834 170 9 11 0.014
42 209 14 17 0.014
159 197 16 19 0.013
151 197 14 18 0.012
121 207 11 14 0.011
136 206 13 15 0.011
440 207 9 10 0.011
244 188 8 9 0.010
493 183 8 10 0.010
