0_Parade_marchingband_1_910
40
569 229 52 61 0.818
374 257 47 47 0.805
206 204 44 49 0.774
77 241 35 37 0.761
138 222 35 38 0.730
779 345 60 87 0.721
285 255 39 40 0.718
525 227 39 53 0.718
39 223 33 42 0.691
483 191 36 47 0.661
442 268 43 48 0.659
948 278 54 79 0.646
338 227 41 50 0.522
114 241 19 25 0.349
47 227 39 44 0.308
684 112 61 93 0.224
675 137 31 41 0.086
587 117 31 31 0.072
675 141 20 25 0.066
986 146 24 27 0.048
129 231 31 31 0.038
585 116 22 24 0.033
261 176 8 10 0.032
683 137 44 67 0.029
684 139 20 26 0.029
31 228 30 38 0.027
582 105 46 52 0.024
411 209 28 40 0.023
331 233 34 49 0.022
105 238 26 33 0.019
672 139 17 23 0.018
854 137 23 35 0.018
815 142 12 14 0.016
590 127 33 34 0.016
690 125 30 50 0.016
851 126 40 60 0.015
970 283 37 71 0.014
814 143 17 26 0.014
855 141 16 22 0.013
599 119 28 31 0.012
