0_Parade_Parade_0_68
410
501 419 14 16 0.536
312 450 14 16 0.528
291 367 8 11 0.441
525 366 10 13 0.436
571 385 10 13 0.427
449 360 9 11 0.415
584 365 10 11 0.415
454 392 12 14 0.414
409 420 13 16 0.404
636 385 11 13 0.402
713 387 11 13 0.394
119 341 9 11 0.365
255 332 7 9 0.349
731 366 10 11 0.346
253 354 9 9 0.336
325 341 8 9 0.335
178 373 12 14 0.330
714 423 13 15 0.322
654 377 10 11 0.311
274 396 11 13 0.308
154 356 8 11 0.303
507 373 9 10 0.295
182 353 8 10 0.293
115 372 12 14 0.290
324 363 7 10 0.281
498 461 15 18 0.274
549 315 7 8 0.264
345 367 8 10 0.261
85 357 11 13 0.261
227 358 8 10 0.240
404 366 9 10 0.207
291 344 8 10 0.202
153 334 8 9 0.198
751 325 9 11 0.193
577 297 8 9 0.180
871 417 13 16 0.173
408 394 10 14 0.168
663 312 8 10 0.144
643 429 11 13 0.144
626 289 7 8 0.143
332 411 11 12 0.142
188 232 6 7 0.141
850 326 6 8 0.138
798 449 11 14 0.137
272 222 4 6 0.134
809 391 9 11 0.132
407 365 8 10 0.129
499 466 15 19 0.126
843 277 6 7 0.124
863 386 10 13 0.117
122 284 6 7 0.114
359 302 7 9 0.108
358 282 6 7 0.107
450 381 10 15 0.103
382 360 9 11 0.103
752 278 5 6 0.103
729 368 10 13 0.103
353 405 11 13 0.102
412 302 8 10 0.101
617 271 6 8 0.099
154 385 10 12 0.098
754 277 5 6 0.097
744 297 7 8 0.096
217 403 11 13 0.093
595 405 11 13 0.091
703 297 6 8 0.091
206 235 6 7 0.088
132 193 5 6 0.087
536 405 10 12 0.078
870 392 10 12 0.078
510 350 8 10 0.077
373 439 11 15 0.076
130 193 6 6 0.076
321 365 8 9 0.074
428 291 6 7 0.072
192 234 6 6 0.071
87 183 6 7 0.070
134 193 5 6 0.070
186 200 6 7 0.067
17 308 7 8 0.067
217 236 6 6 0.066
624 273 6 7 0.066
241 401 10 11 0.065
501 475 15 20 0.065
802 297 6 7 0.063
370 275 5 8 0.063
555 291 5 7 0.063
366 264 5 7 0.062
425 291 7 8 0.062
95 341 9 10 0.060
581 295 7 10 0.060
416 378 8 10 0.060
415 285 6 8 0.060
727 312 7 9 0.059
395 474 13 14 0.057
186 185 5 6 0.056
798 282 5 7 0.056
544 292 7 7 0.054
59 224 6 8 0.053
502 306 8 10 0.052
80 379 11 14 0.052
720 310 7 9 0.051
504 365 9 12 0.051
308 363 9 11 0.049
236 400 10 12 0.048
369 271 6 8 0.047
801 317 7 9 0.047
209 204 5 6 0.047
106 304 5 7 0.046
800 298 6 8 0.046
223 335 7 8 0.046
687 323 7 8 0.045
717 332 7 8 0.045
222 402 11 12 0.044
82 382 11 14 0.044
275 221 5 6 0.043
586 342 8 10 0.043
796 403 11 14 0.042
841 277 6 7 0.042
311 414 10 14 0.042
183 371 9 13 0.042
795 281 6 6 0.042
799 283 5 7 0.041
803 392 10 12 0.040
366 258 5 7 0.040
89 184 6 7 0.039
830 317 6 8 0.038
348 390 9 11 0.038
118 376 11 13 0.037
210 222 6 7 0.037
374 376 9 11 0.037
147 215 5 6 0.036
13 309 7 8 0.036
508 285 7 8 0.036
752 292 6 8 0.035
302 224 5 6 0.035
790 417 11 15 0.035
851 395 9 10 0.035
505 305 7 9 0.035
794 415 11 14 0.035
546 313 8 9 0.034
548 269 6 7 0.034
511 288 6 8 0.034
582 267 6 7 0.034
593 408 10 12 0.034
344 392 9 11 0.033
248 254 6 7 0.033
130 192 8 9 0.032
120 320 8 8 0.032
601 389 10 12 0.032
592 388 10 12 0.032
372 295 7 8 0.032
355 402 10 13 0.031
152 389 10 13 0.031
787 321 6 8 0.031
810 234 5 7 0.031
154 392 10 13 0.031
796 279 6 7 0.031
127 220 5 6 0.031
799 355 8 10 0.031
667 277 5 7 0.030
0 214 7 9 0.030
314 417 11 14 0.030
326 201 6 6 0.030
802 404 12 16 0.030
483 395 10 12 0.030
182 376 11 13 0.029
513 291 7 8 0.029
145 213 6 7 0.029
704 298 7 9 0.028
225 355 7 10 0.028
804 298 6 8 0.028
707 316 7 9 0.028
739 413 9 11 0.028
295 198 6 6 0.027
549 291 8 11 0.027
161 199 5 6 0.027
257 196 5 6 0.027
257 194 5 6 0.027
372 433 12 16 0.026
365 266 6 8 0.026
192 254 5 6 0.026
290 342 7 10 0.026
875 440 12 14 0.026
170 174 5 6 0.026
430 396 10 11 0.026
411 284 6 8 0.026
815 428 11 12 0.026
327 206 5 6 0.026
662 279 6 9 0.026
237 210 5 7 0.026
601 392 11 14 0.025
797 406 12 17 0.025
386 339 7 9 0.025
514 417 12 14 0.025
217 223 5 6 0.025
422 263 6 7 0.025
420 265 6 7 0.024
327 203 5 6 0.024
517 293 7 8 0.024
76 220 6 8 0.024
689 323 7 9 0.024
792 423 12 13 0.024
517 269 6 7 0.024
878 443 12 14 0.024
403 338 7 9 0.024
310 245 5 6 0.024
252 393 9 11 0.024
476 260 5 6 0.024
422 289 8 10 0.023
231 233 5 7 0.023
791 231 6 6 0.023
472 260 6 6 0.023
724 310 8 10 0.023
153 400 10 14 0.023
258 175 4 6 0.023
185 231 8 10 0.023
513 268 6 7 0.023
501 307 6 8 0.023
376 432 11 14 0.023
372 298 6 8 0.023
831 317 8 11 0.023
304 224 5 6 0.022
301 225 5 6 0.022
92 387 11 14 0.022
162 185 5 6 0.022
719 426 12 15 0.022
242 192 5 6 0.022
95 288 5 6 0.022
665 278 6 8 0.022
374 445 12 16 0.022
433 425 11 14 0.022
510 289 8 10 0.021
162 195 5 7 0.021
412 307 8 9 0.021
368 231 5 6 0.021
266 364 8 9 0.021
464 418 12 17 0.021
322 360 7 9 0.021
303 222 5 7 0.021
152 163 5 6 0.021
314 383 8 10 0.020
746 293 8 11 0.020
798 389 9 11 0.020
591 296 7 9 0.020
571 317 7 8 0.020
222 195 5 6 0.020
506 420 12 15 0.020
76 379 10 14 0.020
356 383 9 11 0.020
420 261 5 7 0.020
661 287 7 9 0.020
338 371 7 10 0.020
515 263 5 7 0.020
254 384 10 12 0.020
649 357 8 10 0.019
128 284 5 6 0.019
796 427 12 15 0.019
874 393 9 12 0.019
515 267 5 7 0.019
209 201 5 7 0.019
594 389 10 14 0.019
349 408 11 14 0.019
626 412 11 14 0.019
158 335 8 9 0.019
850 300 6 8 0.019
718 334 7 8 0.019
793 232 5 7 0.018
719 286 6 8 0.018
293 370 8 11 0.018
402 397 10 14 0.018
74 369 9 11 0.018
308 198 5 5 0.018
132 190 5 7 0.018
259 358 8 11 0.018
804 412 12 14 0.018
224 357 11 14 0.018
550 267 5 6 0.017
59 218 8 10 0.017
133 234 6 7 0.017
705 296 9 11 0.017
650 364 9 12 0.017
851 304 6 8 0.017
109 278 5 6 0.017
221 197 5 6 0.017
322 340 7 9 0.017
664 389 8 11 0.017
740 317 9 11 0.017
125 223 5 7 0.017
180 352 11 15 0.017
740 386 9 12 0.017
86 182 8 10 0.017
359 278 8 11 0.017
683 201 5 6 0.016
534 408 11 13 0.016
194 419 9 11 0.016
762 238 6 6 0.016
355 407 11 14 0.016
108 306 7 8 0.016
537 382 8 9 0.016
521 317 7 8 0.016
492 388 9 12 0.016
799 289 7 11 0.016
799 305 8 12 0.016
384 341 7 9 0.016
162 190 5 7 0.016
159 390 10 13 0.016
58 225 9 11 0.016
867 368 9 10 0.016
140 370 8 11 0.016
827 316 7 8 0.015
799 320 8 10 0.015
460 282 6 8 0.015
761 306 6 8 0.015
782 407 11 16 0.015
812 231 5 6 0.015
263 359 7 9 0.015
686 354 7 9 0.015
648 405 11 15 0.015
778 408 10 14 0.015
420 475 14 14 0.015
732 346 8 9 0.015
787 424 10 12 0.015
227 356 11 14 0.014
387 339 9 11 0.014
869 368 10 12 0.014
73 221 6 7 0.014
671 280 6 7 0.014
293 196 5 6 0.014
384 378 9 12 0.014
738 395 9 13 0.014
877 431 12 16 0.014
794 296 6 8 0.014
235 174 4 5 0.013
287 370 9 11 0.013
529 314 6 8 0.013
251 193 5 6 0.013
727 417 11 14 0.013
312 382 8 10 0.013
94 289 5 7 0.013
246 195 5 6 0.013
311 156 7 8 0.013
750 284 7 11 0.013
736 388 10 13 0.013
533 397 10 13 0.013
270 218 8 10 0.013
353 286 5 8 0.013
109 280 6 6 0.013
575 410 11 14 0.012
883 447 11 12 0.012
163 201 6 7 0.012
378 302 6 8 0.012
416 441 13 16 0.012
291 227 5 6 0.012
580 281 6 9 0.012
279 182 5 6 0.012
249 257 6 7 0.012
418 376 8 10 0.012
132 232 6 7 0.012
303 408 11 14 0.012
701 298 6 8 0.012
197 418 9 11 0.012
519 316 7 8 0.012
657 374 9 12 0.012
209 185 5 6 0.012
465 370 8 11 0.012
234 383 9 12 0.012
365 252 5 7 0.012
417 217 4 5 0.012
841 325 7 8 0.011
71 220 8 10 0.011
145 254 6 6 0.011
353 195 5 6 0.011
83 354 9 12 0.011
196 183 5 6 0.011
181 344 8 11 0.011
663 281 9 10 0.011
247 175 5 6 0.011
769 183 5 6 0.011
376 295 6 8 0.011
856 390 9 11 0.011
789 232 5 7 0.011
479 174 5 6 0.011
663 277 5 7 0.011
392 375 9 12 0.011
550 206 5 6 0.011
250 225 5 6 0.011
257 177 5 6 0.011
644 407 13 16 0.011
65 215 5 6 0.011
666 287 7 10 0.011
575 294 11 13 0.011
192 217 5 6 0.011
775 225 4 5 0.011
775 222 5 6 0.010
157 241 5 6 0.010
187 219 5 7 0.010
695 320 8 11 0.010
582 281 7 8 0.010
234 186 5 6 0.010
103 303 6 7 0.010
153 248 5 6 0.010
207 234 8 10 0.010
510 395 10 13 0.010
146 252 5 6 0.010
767 183 5 5 0.010
102 340 8 10 0.010
672 342 8 10 0.010
933 238 5 7 0.010
190 395 10 13 0.010
