0_Parade_Parade_0_53
59
793 182 46 57 0.850
270 169 45 53 0.849
467 218 13 17 0.676
243 212 11 13 0.527
1013 233 8 9 0.315
511 237 6 7 0.245
618 221 13 16 0.104
989 244 8 10 0.094
418 235 5 7 0.080
966 273 8 10 0.066
667 231 6 7 0.059
531 152 15 17 0.059
419 233 6 7 0.048
665 228 7 9 0.046
697 237 5 6 0.045
375 234 6 7 0.045
700 238 5 6 0.043
382 236 6 6 0.042
1002 245 7 8 0.042
988 265 8 9 0.041
509 236 7 7 0.041
986 243 8 10 0.040
872 205 7 8 0.040
362 223 6 6 0.040
423 219 5 6 0.038
995 244 8 9 0.037
683 233 5 7 0.036
619 216 13 17 0.035
385 215 5 6 0.033
525 235 5 6 0.031
863 231 8 10 0.030
556 227 5 6 0.028
756 234 6 7 0.025
651 270 9 11 0.024
539 236 6 6 0.022
652 237 7 9 0.020
666 230 8 10 0.020
706 263 5 6 0.019
384 212 6 7 0.019
395 231 6 7 0.018
703 237 5 6 0.017
397 236 5 6 0.017
536 189 8 10 0.016
372 230 8 11 0.015
558 228 5 5 0.015
534 137 9 9 0.013
488 232 7 9 0.013
343 230 12 16 0.012
346 228 8 11 0.012
369 234 7 9 0.012
343 227 9 13 0.011
765 232 7 9 0.011
994 233 7 8 0.011
869 213 9 12 0.011
652 232 6 10 0.011
398 226 5 6 0.010
380 232 8 10 0.010
0 263 7 10 0.010
982 267 8 9 0.010
