0_Parade_marchingband_1_311
97
476 297 17 25 0.642
719 343 12 14 0.640
832 326 11 13 0.638
543 336 11 12 0.595
266 300 11 15 0.586
336 319 11 13 0.516
772 335 11 13 0.509
202 293 11 14 0.486
412 334 11 15 0.457
414 310 12 13 0.415
666 332 8 10 0.404
223 308 11 15 0.395
586 318 10 14 0.394
614 339 14 16 0.387
710 318 6 8 0.386
728 316 6 7 0.360
395 335 8 10 0.308
385 320 7 7 0.201
132 313 5 6 0.161
78 320 6 7 0.143
419 311 10 13 0.110
77 320 5 6 0.101
226 309 12 14 0.093
144 316 6 7 0.088
146 317 6 8 0.083
614 326 12 14 0.069
115 316 5 6 0.068
669 331 8 10 0.067
310 320 6 8 0.066
17 314 4 6 0.064
159 319 7 7 0.064
302 318 8 9 0.058
114 313 5 6 0.055
707 318 6 8 0.054
93 312 5 6 0.054
617 320 7 10 0.053
727 317 8 10 0.052
777 336 11 13 0.051
769 335 9 12 0.050
69 322 5 6 0.049
161 318 6 7 0.048
552 316 7 8 0.048
332 321 9 10 0.045
622 342 13 15 0.044
618 324 12 14 0.043
84 315 4 5 0.043
245 310 9 13 0.043
56 309 5 6 0.040
179 319 6 7 0.039
389 327 8 10 0.035
89 313 5 6 0.035
665 334 8 11 0.035
215 294 9 12 0.033
58 308 4 6 0.029
115 318 5 7 0.029
32 309 4 5 0.029
13 314 5 5 0.028
616 318 6 8 0.027
420 332 11 15 0.026
325 318 8 10 0.023
671 335 7 9 0.023
619 359 13 16 0.023
771 332 9 11 0.023
550 317 8 11 0.022
725 315 5 7 0.022
227 303 10 13 0.021
614 345 13 16 0.021
168 321 6 7 0.020
108 311 4 6 0.020
178 334 7 8 0.019
271 300 11 15 0.019
384 321 6 8 0.018
620 319 7 8 0.017
395 345 9 11 0.017
716 346 11 13 0.017
39 315 5 5 0.017
159 314 6 7 0.016
107 319 5 6 0.016
37 311 5 5 0.015
31 314 5 5 0.015
396 318 6 9 0.015
479 332 6 9 0.014
662 316 7 8 0.013
263 298 10 13 0.013
542 339 10 13 0.013
631 340 9 11 0.013
660 325 8 11 0.013
336 359 21 25 0.013
720 318 8 8 0.013
253 308 9 13 0.012
93 319 5 6 0.012
773 340 10 13 0.012
325 313 6 8 0.012
112 314 8 9 0.011
322 339 7 9 0.011
140 314 8 9 0.011
610 342 12 15 0.010
