0_Parade_marchingband_1_267
113
0 218 29 47 0.813
467 222 32 36 0.783
425 202 25 32 0.782
315 220 25 35 0.779
166 245 33 38 0.773
548 178 23 26 0.762
506 195 21 26 0.755
356 234 25 32 0.754
510 234 26 29 0.753
584 179 20 25 0.750
586 224 25 33 0.744
925 144 16 19 0.700
804 138 18 19 0.693
565 137 17 18 0.690
711 162 19 24 0.686
623 173 18 21 0.662
832 144 13 16 0.655
588 140 14 16 0.645
647 155 15 18 0.632
709 186 17 23 0.622
653 194 21 25 0.621
761 153 14 15 0.556
681 143 14 15 0.549
734 144 15 19 0.526
677 197 16 23 0.511
407 117 7 9 0.506
846 130 11 13 0.475
703 149 12 13 0.452
634 148 11 13 0.431
476 196 22 23 0.426
898 122 8 9 0.391
438 111 8 9 0.332
985 142 9 13 0.329
786 138 11 12 0.327
936 104 6 7 0.322
665 148 12 13 0.305
510 112 8 9 0.276
985 111 6 8 0.233
492 105 8 10 0.226
486 92 7 8 0.225
881 119 8 9 0.215
1003 109 6 8 0.189
744 148 16 17 0.179
973 110 6 7 0.175
878 121 9 11 0.174
968 110 7 8 0.172
789 137 13 15 0.145
617 106 8 10 0.128
779 144 11 13 0.121
636 109 8 9 0.118
963 132 8 12 0.109
503 109 8 10 0.090
792 135 10 12 0.087
618 156 10 12 0.086
914 121 7 9 0.086
638 107 8 9 0.086
849 133 9 12 0.083
609 206 15 23 0.082
487 96 8 11 0.079
671 102 6 7 0.078
631 108 8 9 0.068
991 140 9 14 0.063
469 105 7 9 0.060
960 135 9 11 0.057
954 98 5 7 0.055
461 115 7 8 0.053
959 109 6 7 0.049
614 105 8 10 0.048
466 108 7 9 0.047
623 167 16 19 0.045
583 93 7 9 0.043
471 104 8 10 0.040
550 148 12 13 0.037
556 112 7 9 0.037
571 140 14 17 0.033
583 90 6 8 0.033
382 244 13 19 0.032
473 105 8 10 0.032
953 100 6 7 0.030
968 132 8 10 0.029
862 91 6 6 0.028
607 198 15 19 0.028
667 102 6 7 0.026
916 118 7 9 0.024
689 140 11 14 0.023
795 138 13 16 0.023
548 152 15 19 0.022
740 149 13 16 0.022
723 154 16 22 0.021
998 135 7 11 0.020
733 139 12 15 0.020
584 96 7 9 0.020
779 152 10 12 0.019
165 59 13 16 0.019
749 141 11 13 0.018
705 193 17 23 0.018
859 140 8 11 0.018
605 158 12 15 0.017
671 100 6 7 0.017
507 114 7 10 0.017
858 90 6 7 0.016
960 130 7 10 0.016
581 87 6 6 0.016
438 113 8 10 0.015
961 140 8 12 0.015
894 120 12 14 0.015
1007 107 6 8 0.014
874 128 8 10 0.013
753 140 8 11 0.012
1017 142 7 14 0.012
406 114 10 14 0.011
561 176 19 24 0.011
660 141 11 12 0.010
