0_Parade_marchingband_1_881
70
97 239 12 16 0.651
52 234 12 15 0.626
142 257 12 15 0.622
639 158 17 34 0.551
539 285 9 12 0.545
721 178 18 34 0.543
227 214 10 11 0.525
241 262 10 14 0.521
187 212 10 13 0.519
279 206 10 13 0.510
79 216 10 11 0.502
335 156 20 36 0.466
1001 260 9 11 0.442
570 204 8 12 0.432
8 217 11 14 0.416
937 271 8 9 0.324
799 218 6 8 0.300
774 212 7 9 0.299
896 195 14 21 0.263
964 260 9 11 0.263
13 217 10 13 0.250
24 217 9 11 0.248
224 214 9 12 0.155
196 298 11 13 0.133
227 300 8 10 0.123
459 177 36 31 0.113
573 205 9 11 0.107
232 217 11 14 0.094
984 263 7 10 0.089
237 262 10 15 0.076
975 247 8 8 0.072
961 259 9 11 0.072
276 207 9 12 0.072
993 261 9 10 0.065
881 195 19 30 0.064
771 228 8 10 0.056
162 211 9 12 0.054
890 194 19 30 0.050
977 245 8 9 0.050
977 263 8 11 0.049
771 219 9 12 0.042
976 253 9 10 0.039
966 254 7 10 0.036
798 220 7 9 0.034
975 244 7 9 0.030
561 227 8 10 0.029
791 215 8 9 0.028
870 196 21 29 0.028
986 274 7 10 0.028
963 266 9 10 0.028
230 211 8 11 0.024
199 300 11 13 0.021
50 237 12 14 0.020
982 268 9 11 0.019
560 224 7 11 0.018
159 210 10 13 0.018
561 280 7 9 0.018
769 229 7 10 0.018
25 220 9 12 0.017
179 288 11 13 0.016
769 218 7 9 0.015
29 218 9 10 0.014
226 298 12 15 0.013
325 154 26 39 0.013
770 212 7 8 0.012
801 215 7 8 0.012
799 237 7 9 0.012
178 286 9 11 0.011
185 292 10 12 0.011
977 274 8 9 0.010
