0_Parade_marchingband_1_355
38
691 103 42 53 0.814
454 109 29 36 0.789
816 177 30 36 0.767
887 106 27 35 0.750
562 86 31 42 0.743
354 102 23 31 0.704
908 83 21 26 0.437
540 112 11 15 0.273
668 127 8 9 0.237
963 103 16 23 0.135
986 185 17 21 0.109
664 115 11 13 0.093
660 111 12 14 0.065
664 122 10 13 0.065
669 123 9 14 0.049
1004 113 17 31 0.035
985 165 13 16 0.034
666 128 9 11 0.034
536 114 13 16 0.031
670 129 10 14 0.026
903 88 25 31 0.025
982 182 16 21 0.025
1014 238 9 29 0.024
665 124 12 17 0.022
682 141 15 20 0.022
1017 244 7 25 0.022
327 14 27 33 0.021
677 181 13 16 0.019
958 104 15 21 0.017
1002 115 14 23 0.017
635 192 18 22 0.016
967 102 17 26 0.016
673 131 9 16 0.016
867 138 11 15 0.012
323 127 8 11 0.011
671 108 13 16 0.011
823 124 24 26 0.010
682 147 9 12 0.010
