0_Parade_marchingband_1_653
148
130 202 14 17 0.755
601 186 14 18 0.748
875 117 16 19 0.746
45 198 15 17 0.741
604 138 14 18 0.737
680 192 13 18 0.735
480 206 15 17 0.731
324 136 15 18 0.729
396 199 14 17 0.729
512 132 15 18 0.728
226 141 14 18 0.728
461 147 15 17 0.725
125 149 14 17 0.724
374 146 14 17 0.723
352 96 13 15 0.722
764 189 15 19 0.720
961 180 17 21 0.718
603 37 13 15 0.718
872 193 13 17 0.715
538 194 14 18 0.715
443 94 13 15 0.715
649 127 14 19 0.714
412 33 12 14 0.711
739 134 15 17 0.710
312 209 13 16 0.710
959 38 13 16 0.708
913 28 13 17 0.707
78 143 15 18 0.707
365 45 12 14 0.706
673 92 13 15 0.705
419 143 14 17 0.705
304 94 13 16 0.704
273 153 14 16 0.703
653 21 14 17 0.700
189 42 12 14 0.698
321 42 12 15 0.696
44 43 13 15 0.694
397 88 13 15 0.694
490 83 14 16 0.694
150 55 12 14 0.693
981 129 14 16 0.690
68 98 14 15 0.686
693 123 14 17 0.685
28 144 15 16 0.685
114 87 13 15 0.683
559 129 15 17 0.682
177 139 14 17 0.682
466 35 12 14 0.679
890 96 14 16 0.678
556 33 12 15 0.678
715 83 14 15 0.677
509 32 13 14 0.675
759 86 14 16 0.675
231 47 13 15 0.669
850 92 12 14 0.666
629 90 14 16 0.665
101 50 12 14 0.664
808 91 13 15 0.663
585 91 14 15 0.661
827 29 12 14 0.656
260 109 12 15 0.656
21 96 14 16 0.655
535 95 13 16 0.655
784 33 12 15 0.654
781 134 16 17 0.653
743 41 12 15 0.652
932 94 13 15 0.649
210 94 13 15 0.648
925 114 16 19 0.648
700 25 13 15 0.642
824 125 16 18 0.640
981 78 12 14 0.638
873 57 12 15 0.637
274 51 12 15 0.632
863 38 13 14 0.623
223 205 13 16 0.604
167 96 12 14 0.556
840 47 12 15 0.533
799 50 13 14 0.526
772 104 12 15 0.413
990 95 14 14 0.396
985 88 13 15 0.371
901 114 12 14 0.313
861 107 12 15 0.303
945 108 12 16 0.276
817 107 13 15 0.272
971 56 11 14 0.228
751 61 11 14 0.200
926 48 12 14 0.166
941 111 14 17 0.160
521 50 11 13 0.134
305 98 14 18 0.131
242 64 12 15 0.130
787 36 13 16 0.127
881 110 15 19 0.118
102 30 9 10 0.108
373 205 12 13 0.103
692 218 13 15 0.098
214 209 12 15 0.097
857 96 15 17 0.096
642 105 13 15 0.096
155 71 12 15 0.091
612 55 13 14 0.088
991 151 14 16 0.082
511 197 12 16 0.080
897 105 15 17 0.069
185 157 14 16 0.062
104 47 12 16 0.061
375 62 12 14 0.052
246 212 10 11 0.052
71 101 13 16 0.051
159 73 11 13 0.050
210 211 11 14 0.045
152 47 11 14 0.044
710 45 13 15 0.042
949 107 12 16 0.041
547 114 11 14 0.041
321 200 12 14 0.038
977 130 14 17 0.031
323 197 12 14 0.031
26 97 13 14 0.029
843 199 11 14 0.027
866 34 13 16 0.024
197 60 10 13 0.024
13 81 11 14 0.023
585 96 13 15 0.022
769 213 13 14 0.022
821 109 13 16 0.022
206 211 11 13 0.021
77 115 13 14 0.021
328 140 14 17 0.021
194 152 15 17 0.020
513 31 12 14 0.019
153 35 10 11 0.018
266 109 14 17 0.017
780 34 13 14 0.017
936 96 13 16 0.016
18 83 12 15 0.016
724 198 12 14 0.016
192 211 9 11 0.015
884 61 12 15 0.015
371 207 11 13 0.014
889 58 11 15 0.013
468 38 12 13 0.012
563 49 12 14 0.012
636 101 13 14 0.012
564 52 13 14 0.011
975 57 11 14 0.011
