0_Parade_Parade_0_478
76
840 474 16 21 0.642
910 478 11 14 0.633
216 376 13 18 0.633
202 423 16 25 0.608
655 449 10 12 0.451
45 373 11 14 0.372
445 408 10 12 0.362
89 375 12 13 0.331
193 377 11 17 0.225
24 356 13 14 0.206
116 349 11 14 0.200
611 448 9 10 0.199
7 372 11 14 0.148
307 414 14 27 0.141
153 382 11 15 0.131
29 355 11 14 0.124
115 353 13 17 0.101
705 456 8 12 0.101
490 424 9 11 0.093
577 482 5 6 0.077
701 457 9 12 0.073
365 420 10 14 0.066
473 423 9 11 0.051
609 447 8 10 0.046
17 356 11 14 0.045
371 419 10 12 0.044
611 486 7 7 0.043
762 458 7 10 0.041
752 495 12 19 0.041
441 408 10 12 0.040
449 412 10 11 0.039
1015 528 9 17 0.038
629 460 8 12 0.037
513 424 7 9 0.037
157 381 10 16 0.037
569 430 10 12 0.036
710 458 8 11 0.029
573 428 9 11 0.027
627 481 6 8 0.027
634 459 9 11 0.025
575 479 8 10 0.025
531 427 10 13 0.025
1014 455 10 17 0.023
537 422 11 14 0.023
453 412 9 12 0.022
1010 506 10 19 0.022
535 425 11 14 0.021
806 460 6 8 0.021
622 458 8 11 0.020
777 461 7 10 0.020
630 458 9 11 0.020
514 426 8 10 0.019
765 457 9 12 0.018
769 458 8 9 0.018
72 370 11 13 0.018
377 421 8 10 0.018
95 378 13 15 0.017
527 427 10 12 0.017
634 472 9 11 0.016
544 419 10 13 0.016
724 454 6 8 0.016
616 483 7 9 0.016
761 459 10 14 0.016
628 476 7 10 0.016
363 424 11 14 0.015
534 423 10 12 0.015
168 377 10 14 0.015
320 395 7 9 0.014
748 491 11 17 0.014
551 494 7 11 0.013
117 346 9 11 0.013
726 458 7 10 0.013
772 459 9 11 0.012
5 368 11 14 0.011
991 524 6 9 0.010
368 411 11 14 0.010
