0_Parade_marchingband_1_620
138
798 410 33 40 0.812
912 324 31 37 0.779
119 272 20 25 0.735
660 338 31 32 0.731
765 340 29 31 0.728
842 350 27 29 0.711
440 241 22 24 0.696
821 250 21 23 0.656
955 232 17 20 0.638
288 233 19 23 0.597
193 174 20 22 0.587
903 216 18 21 0.567
612 240 19 21 0.555
398 192 12 14 0.551
860 202 16 18 0.542
973 216 17 19 0.526
258 200 15 18 0.517
586 178 15 17 0.509
1011 328 13 30 0.504
762 209 16 18 0.502
84 192 15 18 0.473
619 161 11 12 0.432
329 241 21 23 0.424
919 256 14 22 0.402
409 173 9 11 0.362
308 187 15 17 0.353
718 163 10 12 0.345
967 270 22 26 0.307
414 192 9 12 0.297
471 195 11 12 0.293
108 185 14 16 0.266
841 232 15 19 0.247
61 187 13 18 0.213
112 188 14 17 0.206
527 189 9 12 0.198
962 167 12 15 0.197
468 193 11 14 0.187
827 244 20 24 0.182
854 176 13 16 0.170
314 160 11 15 0.164
940 173 14 18 0.161
880 198 13 17 0.156
969 213 16 20 0.152
625 163 11 13 0.151
603 240 19 20 0.141
866 200 17 19 0.134
0 130 9 22 0.126
629 167 9 11 0.126
742 215 12 13 0.112
327 253 20 22 0.109
724 165 9 11 0.079
906 186 12 16 0.079
758 210 15 16 0.079
171 189 13 14 0.078
0 119 12 32 0.078
518 171 7 9 0.076
947 171 14 16 0.075
980 220 13 17 0.074
870 175 10 15 0.072
338 241 17 23 0.072
593 155 11 13 0.066
111 194 15 17 0.055
909 214 16 20 0.053
319 165 11 14 0.053
591 182 12 17 0.050
625 292 24 27 0.050
878 202 14 18 0.049
524 187 10 13 0.049
1015 337 9 26 0.048
501 173 7 8 0.047
321 239 18 22 0.044
730 167 9 12 0.044
140 235 17 22 0.044
570 142 8 9 0.043
845 233 15 20 0.040
855 202 16 18 0.037
178 190 9 12 0.036
396 195 11 14 0.036
319 185 13 16 0.035
768 210 15 18 0.033
954 168 12 15 0.032
418 191 11 13 0.032
947 215 15 19 0.032
810 194 14 16 0.031
322 170 9 14 0.030
602 156 10 13 0.029
949 227 16 20 0.029
118 189 11 15 0.029
328 175 10 12 0.028
744 288 17 21 0.027
431 190 9 11 0.025
316 189 14 17 0.024
874 177 10 13 0.023
414 176 9 11 0.022
940 550 73 80 0.021
54 185 13 19 0.020
55 171 14 20 0.019
489 180 7 10 0.019
435 192 9 11 0.019
515 194 9 10 0.018
744 211 13 15 0.018
774 182 12 15 0.018
0 105 12 38 0.017
905 192 15 17 0.017
833 229 21 25 0.017
486 183 8 11 0.016
64 248 13 15 0.015
732 169 10 13 0.015
481 197 8 11 0.015
485 178 8 11 0.015
409 195 12 14 0.015
332 185 10 13 0.014
941 220 14 19 0.014
265 177 12 16 0.014
460 193 10 12 0.014
841 238 16 22 0.014
739 181 12 14 0.014
818 188 12 15 0.014
776 406 23 30 0.014
335 194 11 14 0.013
510 173 10 11 0.013
57 189 14 18 0.013
516 167 11 12 0.013
732 175 11 14 0.012
573 141 8 10 0.012
818 219 15 18 0.012
63 194 13 17 0.012
902 183 11 14 0.012
849 356 23 28 0.011
60 166 14 18 0.011
858 262 14 18 0.011
754 172 10 12 0.011
848 344 26 30 0.011
339 189 9 12 0.011
209 177 10 12 0.010
403 172 9 11 0.010
815 203 14 18 0.010
911 186 13 16 0.010
