0_Parade_marchingband_1_78
786
804 612 10 13 0.603
907 570 10 12 0.550
655 359 8 10 0.533
568 254 8 11 0.526
860 595 10 13 0.516
14 242 9 11 0.515
587 342 8 10 0.512
915 171 8 10 0.509
1011 170 8 10 0.496
698 468 10 13 0.495
129 343 11 13 0.493
779 174 7 9 0.490
975 153 8 10 0.489
597 145 8 10 0.477
831 231 8 10 0.477
880 157 8 10 0.474
705 266 8 10 0.473
693 8 6 7 0.473
574 120 7 9 0.473
751 596 10 13 0.471
976 566 9 11 0.470
509 127 7 9 0.466
1004 142 8 10 0.465
680 253 8 10 0.465
112 231 9 11 0.463
844 186 8 10 0.462
945 248 8 9 0.458
895 203 8 9 0.458
655 190 7 10 0.457
787 93 7 8 0.456
945 149 8 9 0.455
290 166 8 10 0.454
548 205 8 9 0.453
848 120 8 10 0.450
308 160 8 9 0.450
825 105 7 9 0.450
426 173 7 10 0.446
698 190 7 9 0.444
812 183 8 10 0.441
628 111 6 8 0.441
640 9 7 8 0.440
910 54 7 8 0.440
746 113 6 8 0.440
766 379 7 9 0.437
853 400 9 12 0.435
330 295 9 11 0.434
841 151 8 9 0.434
345 178 8 10 0.434
688 138 7 9 0.432
188 191 7 10 0.432
667 110 7 8 0.431
963 188 7 9 0.431
682 92 7 8 0.431
487 133 7 9 0.430
460 170 8 9 0.428
1013 109 7 9 0.427
741 95 7 8 0.427
322 181 7 9 0.427
943 170 8 9 0.426
810 149 7 9 0.424
994 193 7 9 0.424
726 133 7 9 0.421
942 103 7 9 0.420
445 210 7 9 0.420
856 498 8 11 0.416
767 141 7 8 0.412
699 593 11 14 0.409
864 97 7 9 0.408
618 54 7 8 0.402
463 107 7 9 0.402
709 484 10 12 0.400
964 269 8 10 0.400
496 159 7 10 0.397
904 103 6 7 0.395
881 129 7 9 0.394
544 153 7 8 0.393
784 69 7 8 0.392
255 91 6 7 0.392
532 126 7 8 0.390
586 22 6 8 0.389
709 53 8 8 0.389
434 149 7 9 0.388
654 25 6 7 0.386
967 89 7 9 0.385
721 10 6 8 0.384
778 127 7 9 0.384
325 116 7 9 0.382
914 306 8 10 0.381
779 50 6 7 0.377
525 38 7 9 0.376
601 114 8 9 0.370
328 153 8 9 0.369
392 161 7 10 0.365
513 216 6 9 0.365
648 136 7 9 0.364
992 313 8 10 0.362
452 143 7 9 0.360
468 188 7 10 0.359
461 306 7 8 0.359
976 108 7 9 0.358
67 397 10 13 0.358
484 216 7 9 0.357
356 117 7 8 0.357
605 9 7 8 0.356
371 168 7 9 0.353
706 168 7 9 0.351
929 197 8 10 0.350
498 12 6 7 0.349
678 23 6 8 0.348
737 173 8 9 0.348
748 14 7 8 0.347
853 56 6 7 0.346
386 106 6 8 0.345
655 323 8 10 0.344
637 153 7 10 0.344
885 312 7 10 0.344
181 240 8 11 0.344
512 187 7 9 0.343
757 212 7 9 0.342
264 135 6 9 0.341
518 325 7 9 0.340
404 134 7 9 0.338
465 143 7 9 0.335
443 125 7 9 0.335
666 12 6 8 0.335
472 80 6 8 0.333
509 96 6 8 0.329
563 93 7 8 0.328
729 201 7 8 0.327
920 216 7 9 0.326
1005 125 7 9 0.326
582 200 7 9 0.324
723 284 8 10 0.324
814 119 7 9 0.322
1012 528 9 11 0.320
958 118 7 9 0.319
268 204 8 9 0.317
423 127 6 8 0.316
1009 289 7 9 0.316
996 576 9 11 0.311
442 96 7 8 0.309
816 222 6 8 0.308
828 585 9 13 0.304
411 104 7 7 0.302
575 173 7 9 0.299
706 482 10 13 0.298
236 187 7 9 0.296
267 169 7 9 0.296
879 196 7 9 0.295
474 196 7 10 0.293
372 134 7 8 0.290
978 110 7 8 0.290
789 208 7 8 0.290
675 168 8 8 0.288
170 120 6 7 0.285
952 218 7 8 0.282
912 84 7 9 0.282
399 194 7 9 0.275
365 143 7 8 0.273
862 41 6 8 0.271
729 158 7 10 0.270
597 619 9 13 0.270
462 222 7 9 0.270
463 448 9 11 0.269
980 634 10 12 0.269
561 555 10 13 0.268
139 243 8 9 0.266
490 110 7 8 0.266
627 17 6 7 0.266
217 154 6 8 0.266
81 380 10 13 0.260
45 439 12 15 0.256
936 230 7 8 0.255
982 363 7 9 0.254
284 199 6 8 0.253
161 306 9 11 0.250
346 151 7 9 0.249
910 127 7 9 0.248
117 161 7 9 0.246
470 190 7 10 0.241
162 204 8 9 0.239
415 151 7 9 0.236
290 127 7 9 0.236
909 125 7 9 0.233
238 147 6 7 0.227
31 126 6 8 0.223
835 181 7 9 0.223
250 308 8 11 0.220
91 104 6 7 0.218
431 412 8 11 0.214
695 489 9 12 0.213
385 138 7 9 0.210
623 190 7 8 0.205
215 197 7 8 0.204
180 76 5 7 0.203
301 250 8 10 0.203
543 178 6 9 0.199
901 600 10 14 0.196
209 197 7 9 0.195
1016 206 7 11 0.194
842 245 7 8 0.194
29 127 6 8 0.192
370 373 8 11 0.189
742 130 7 8 0.184
867 148 6 8 0.183
794 124 6 8 0.179
272 61 5 6 0.178
785 37 6 8 0.178
1017 93 7 9 0.177
199 160 7 9 0.176
910 85 6 8 0.176
134 317 10 12 0.175
557 178 7 9 0.174
442 123 6 9 0.173
411 209 8 10 0.170
708 266 7 9 0.165
670 479 8 11 0.165
417 156 7 9 0.165
558 65 5 7 0.164
253 269 8 10 0.162
322 116 7 9 0.161
843 263 7 9 0.160
172 121 5 7 0.159
581 203 8 9 0.152
56 189 6 9 0.149
787 36 6 7 0.148
842 281 7 8 0.148
956 119 7 9 0.148
157 241 7 10 0.147
915 30 8 9 0.147
945 137 7 9 0.146
78 385 10 13 0.145
647 480 9 10 0.144
397 193 7 9 0.143
239 148 6 8 0.143
946 146 7 10 0.142
464 306 8 9 0.141
975 339 7 9 0.141
1010 526 8 10 0.140
509 75 6 8 0.137
707 117 7 9 0.136
431 476 8 11 0.136
546 58 7 8 0.134
373 34 5 6 0.128
168 118 6 7 0.127
621 93 7 8 0.127
555 131 7 8 0.126
168 121 6 7 0.125
368 375 8 11 0.125
401 193 7 9 0.125
635 155 8 10 0.125
848 107 6 9 0.121
354 117 6 8 0.120
602 169 7 10 0.120
355 76 5 6 0.120
275 200 8 10 0.118
200 209 7 9 0.118
1008 631 8 10 0.118
940 340 8 9 0.118
701 26 6 7 0.116
763 379 8 10 0.116
921 116 7 8 0.116
764 193 7 9 0.112
345 149 7 8 0.112
133 314 9 12 0.109
665 79 6 7 0.107
882 198 8 9 0.106
63 395 11 14 0.106
115 234 9 10 0.106
330 154 8 9 0.106
781 46 8 9 0.105
592 138 8 10 0.105
708 132 7 8 0.105
561 158 7 9 0.104
1018 197 6 9 0.104
746 108 7 10 0.101
346 90 6 7 0.101
741 202 6 9 0.099
776 174 7 9 0.099
616 53 7 8 0.098
269 78 6 8 0.098
670 109 7 9 0.097
52 235 9 12 0.096
682 254 9 10 0.095
228 164 6 8 0.094
211 199 8 9 0.094
196 198 8 10 0.094
166 303 9 12 0.093
907 198 7 9 0.092
70 390 11 15 0.091
903 606 10 12 0.090
850 76 7 9 0.090
680 92 6 8 0.089
851 58 8 10 0.089
551 60 6 7 0.089
704 172 7 9 0.088
813 134 7 9 0.088
959 288 7 9 0.088
843 249 7 9 0.087
540 179 6 8 0.086
546 205 7 9 0.086
240 145 6 8 0.086
979 221 7 9 0.085
253 93 6 6 0.085
641 206 7 9 0.084
979 364 8 10 0.084
70 227 7 9 0.084
1005 136 8 11 0.083
913 122 6 9 0.083
363 169 7 8 0.083
51 233 8 11 0.082
386 137 7 8 0.082
559 344 7 8 0.081
1006 144 8 9 0.081
174 484 11 13 0.081
911 307 7 9 0.081
439 55 6 8 0.081
763 171 6 9 0.081
601 173 7 8 0.080
785 142 6 9 0.080
851 78 7 9 0.080
956 89 6 7 0.079
359 111 8 10 0.079
466 109 7 8 0.079
365 372 9 11 0.079
859 41 7 7 0.079
620 229 8 9 0.078
303 137 7 8 0.078
601 111 7 9 0.078
852 496 8 12 0.077
190 152 7 7 0.077
689 136 8 10 0.077
602 10 6 9 0.076
907 144 7 9 0.076
844 280 7 9 0.075
526 125 8 9 0.075
286 198 7 9 0.074
984 363 8 10 0.074
818 293 7 8 0.074
918 171 7 9 0.073
655 148 7 9 0.073
232 279 9 11 0.072
486 215 9 10 0.072
623 90 7 9 0.071
274 62 6 6 0.071
717 34 7 9 0.071
56 208 7 10 0.071
374 230 7 9 0.071
415 104 6 7 0.070
621 187 7 9 0.070
615 56 8 9 0.070
839 244 7 10 0.069
982 631 10 13 0.069
583 21 7 10 0.069
761 171 7 8 0.069
515 110 6 8 0.068
406 396 8 10 0.068
705 116 6 8 0.067
482 219 7 9 0.067
924 122 7 9 0.067
950 254 8 11 0.066
617 34 6 8 0.065
0 260 6 12 0.065
249 267 9 11 0.065
512 194 7 10 0.065
707 122 7 9 0.065
523 83 6 8 0.064
516 216 7 8 0.064
827 280 7 8 0.064
164 201 8 10 0.063
651 479 9 11 0.063
902 322 7 8 0.063
933 188 8 10 0.063
555 119 7 7 0.063
504 318 6 8 0.063
531 142 6 8 0.063
53 189 7 8 0.063
939 252 8 10 0.062
416 224 7 9 0.062
485 131 7 9 0.062
927 127 6 9 0.061
562 559 11 13 0.061
607 11 6 8 0.060
936 261 7 9 0.060
838 280 8 9 0.059
347 92 7 8 0.059
954 137 7 8 0.058
565 255 8 9 0.058
721 281 8 11 0.058
842 267 7 10 0.057
777 50 6 8 0.057
398 169 7 9 0.057
626 141 8 9 0.057
408 395 9 11 0.057
666 10 5 7 0.056
264 103 6 8 0.056
735 23 6 7 0.056
504 185 6 8 0.056
542 136 6 8 0.055
507 320 7 8 0.055
703 26 6 7 0.055
496 12 6 8 0.054
562 42 6 8 0.054
686 135 7 9 0.053
592 93 6 8 0.053
269 128 6 8 0.052
120 164 7 9 0.052
174 291 8 10 0.052
557 555 10 13 0.052
479 330 7 8 0.052
179 101 6 7 0.052
445 97 7 8 0.052
244 153 6 8 0.052
928 123 7 9 0.051
884 424 8 10 0.050
326 119 6 8 0.050
657 149 7 9 0.050
897 322 8 9 0.049
766 194 6 8 0.049
981 138 8 9 0.049
566 556 10 14 0.049
639 205 7 9 0.048
719 11 7 8 0.048
129 175 7 9 0.048
520 52 6 8 0.048
50 229 9 11 0.047
911 570 10 12 0.047
325 182 7 10 0.047
22 358 10 13 0.047
114 182 8 10 0.047
273 144 7 7 0.047
252 115 6 8 0.046
936 340 8 10 0.046
138 344 9 13 0.046
624 150 7 9 0.046
755 189 6 9 0.046
95 104 5 6 0.046
913 54 6 7 0.045
623 155 7 9 0.044
56 203 7 11 0.044
136 242 8 9 0.044
920 313 8 10 0.044
563 549 9 13 0.043
682 192 7 8 0.043
417 112 6 8 0.042
538 469 8 11 0.042
994 314 8 10 0.042
15 514 13 16 0.041
960 283 9 11 0.041
295 309 9 10 0.041
501 316 6 8 0.041
765 141 6 9 0.041
397 196 7 9 0.041
863 43 6 8 0.040
87 445 11 13 0.040
692 490 9 12 0.040
749 17 6 7 0.040
53 223 9 12 0.040
656 157 6 9 0.040
415 212 7 9 0.040
905 146 7 9 0.040
624 184 8 11 0.040
602 119 6 8 0.039
349 87 6 8 0.039
528 106 6 8 0.039
55 193 8 10 0.038
265 204 7 9 0.038
584 345 7 9 0.038
91 128 7 8 0.038
55 239 9 11 0.038
728 78 5 7 0.037
905 601 11 14 0.037
590 465 9 12 0.037
723 114 6 8 0.037
242 270 8 12 0.037
558 138 7 9 0.036
9 476 14 18 0.036
844 189 7 10 0.036
171 288 8 10 0.036
820 291 8 9 0.035
134 177 7 8 0.035
169 146 6 8 0.035
720 185 7 9 0.035
428 478 9 11 0.035
982 220 7 9 0.034
529 38 6 8 0.034
392 165 8 9 0.034
293 307 8 10 0.034
1011 345 7 9 0.034
558 341 6 8 0.034
910 56 8 10 0.034
515 322 7 9 0.034
1010 347 7 11 0.034
602 166 7 8 0.033
918 73 6 8 0.033
794 34 6 6 0.033
331 299 8 11 0.033
663 82 6 7 0.033
885 318 7 10 0.033
933 216 7 9 0.032
328 291 9 12 0.032
113 179 7 9 0.032
706 51 7 9 0.032
984 139 7 8 0.032
728 286 8 10 0.032
91 438 11 14 0.032
631 111 7 8 0.032
978 342 7 9 0.032
982 637 10 11 0.031
531 122 6 9 0.031
214 154 7 9 0.031
118 167 7 9 0.030
838 164 7 11 0.030
125 310 7 10 0.030
478 331 7 9 0.030
918 221 6 8 0.030
370 56 5 7 0.030
156 238 6 10 0.030
508 480 9 11 0.029
192 149 6 7 0.029
213 195 8 10 0.029
433 477 8 12 0.029
17 509 13 16 0.029
955 317 7 8 0.029
270 67 7 9 0.029
814 223 7 10 0.029
483 160 7 9 0.028
236 191 7 8 0.028
847 75 6 8 0.028
759 119 5 8 0.028
781 43 6 8 0.028
499 10 6 7 0.028
779 177 7 9 0.028
980 625 9 13 0.028
934 262 7 9 0.028
898 200 7 10 0.027
830 266 7 10 0.027
905 135 7 9 0.027
376 231 7 9 0.027
441 59 5 7 0.027
300 180 7 9 0.027
97 427 12 15 0.027
627 114 7 9 0.027
615 32 7 8 0.027
734 24 6 8 0.027
372 171 8 9 0.027
505 195 7 9 0.027
1017 51 5 9 0.026
16 475 15 17 0.026
634 28 6 7 0.026
277 147 7 8 0.026
166 258 8 10 0.026
603 82 5 7 0.026
376 456 9 11 0.026
787 66 6 9 0.025
867 114 6 9 0.025
848 187 8 9 0.025
245 197 7 7 0.025
269 199 7 9 0.025
436 53 5 7 0.025
391 106 6 8 0.025
486 513 9 12 0.024
33 590 10 13 0.024
84 477 11 14 0.024
656 362 8 10 0.024
461 451 9 12 0.024
318 275 7 9 0.024
95 420 11 14 0.024
591 40 6 7 0.024
736 221 7 9 0.024
856 494 8 11 0.024
588 25 6 8 0.024
956 328 7 10 0.024
937 226 8 11 0.024
370 52 6 7 0.024
187 509 10 13 0.024
442 75 6 7 0.023
632 13 7 9 0.023
490 64 5 7 0.023
551 55 6 9 0.023
562 345 6 7 0.023
979 120 6 9 0.023
487 63 5 7 0.023
585 341 8 10 0.023
0 272 5 14 0.023
620 556 9 12 0.023
94 417 11 13 0.023
561 160 7 10 0.022
31 148 6 8 0.022
173 109 5 8 0.022
955 287 8 9 0.022
0 546 10 18 0.022
555 342 8 10 0.022
864 202 7 8 0.022
940 343 7 10 0.022
25 474 13 18 0.022
873 214 7 9 0.022
775 48 8 10 0.022
430 71 5 8 0.022
867 97 7 9 0.021
939 47 5 6 0.021
1014 376 6 9 0.021
581 74 5 7 0.021
719 182 7 8 0.021
1007 87 6 8 0.021
498 189 7 8 0.021
568 184 7 9 0.021
259 86 7 10 0.021
652 21 8 10 0.020
509 76 8 10 0.020
1012 97 6 8 0.020
947 301 7 9 0.020
507 97 7 9 0.020
974 564 8 11 0.020
117 33 4 6 0.020
108 165 8 10 0.020
581 106 6 8 0.020
562 70 6 7 0.020
60 216 8 9 0.020
475 330 7 8 0.020
479 199 6 9 0.020
79 245 8 10 0.020
269 117 6 9 0.020
294 124 6 8 0.020
338 147 7 9 0.019
316 616 7 8 0.019
262 339 7 9 0.019
535 116 6 9 0.019
500 66 5 6 0.019
95 128 6 7 0.019
884 309 7 10 0.019
352 75 7 9 0.019
367 141 8 11 0.019
600 3 6 6 0.019
206 282 9 12 0.019
466 125 6 8 0.018
905 81 7 9 0.018
698 28 6 7 0.018
903 613 10 12 0.018
864 77 7 7 0.018
858 107 7 9 0.018
671 26 6 8 0.018
836 231 7 9 0.018
89 247 8 9 0.018
616 119 6 8 0.018
925 246 6 9 0.018
198 263 8 9 0.017
982 319 8 9 0.017
561 81 8 10 0.017
429 192 7 9 0.017
603 84 6 8 0.017
109 161 7 8 0.017
812 297 7 8 0.017
870 211 7 9 0.017
252 90 7 10 0.017
710 196 7 8 0.017
585 197 7 9 0.017
584 24 5 8 0.017
735 42 5 7 0.017
431 83 6 8 0.016
20 360 9 13 0.016
1012 626 9 14 0.016
533 103 6 8 0.016
849 265 7 9 0.016
376 34 5 6 0.016
115 34 4 5 0.016
971 87 8 10 0.016
512 481 9 11 0.016
712 58 8 9 0.016
430 66 6 7 0.016
76 380 11 14 0.016
639 28 6 8 0.016
517 189 8 9 0.016
953 221 7 10 0.016
636 9 6 7 0.016
806 394 7 8 0.016
1012 377 6 7 0.015
434 73 6 8 0.015
791 133 7 9 0.015
920 318 7 9 0.015
222 204 7 8 0.015
965 291 7 9 0.015
1014 334 7 11 0.015
30 469 12 16 0.015
521 55 7 8 0.015
933 151 6 9 0.015
803 254 6 8 0.015
552 221 6 8 0.015
200 265 8 10 0.015
104 163 6 8 0.015
353 101 6 8 0.015
371 35 7 9 0.015
698 597 10 13 0.015
1006 83 6 7 0.015
0 543 8 13 0.015
986 86 7 7 0.015
597 200 7 9 0.014
876 328 7 9 0.014
702 590 10 13 0.014
49 442 11 16 0.014
727 390 8 9 0.014
19 338 9 12 0.014
19 504 13 17 0.014
824 282 8 10 0.014
672 119 7 9 0.014
1010 78 6 8 0.014
914 58 6 8 0.014
558 345 7 9 0.014
577 201 7 9 0.014
635 208 7 8 0.014
1009 291 8 11 0.014
190 157 6 8 0.014
648 258 6 8 0.014
169 198 6 9 0.014
909 320 7 9 0.013
973 173 7 9 0.013
776 121 6 9 0.013
589 75 6 7 0.013
1008 350 7 9 0.013
353 80 5 8 0.013
104 107 5 6 0.013
308 133 6 8 0.013
713 486 9 12 0.013
185 77 5 6 0.013
604 184 6 8 0.013
970 381 6 8 0.013
889 121 7 9 0.013
168 139 6 8 0.013
354 74 5 6 0.013
792 158 7 8 0.013
16 521 12 14 0.013
309 258 8 10 0.013
347 97 6 7 0.012
277 72 5 6 0.012
724 110 6 8 0.012
441 54 5 7 0.012
332 215 7 9 0.012
829 250 7 9 0.012
180 74 5 7 0.012
352 94 8 11 0.012
393 53 5 5 0.012
582 72 5 7 0.012
1007 286 11 13 0.012
506 479 8 11 0.012
299 248 11 13 0.012
736 227 7 8 0.012
535 470 9 11 0.012
383 400 8 9 0.012
335 217 7 8 0.012
853 493 8 12 0.012
569 90 6 8 0.012
971 379 6 9 0.011
177 214 6 8 0.011
30 475 13 17 0.011
1013 50 6 6 0.011
785 217 7 8 0.011
569 252 8 9 0.011
953 85 6 7 0.011
581 40 6 7 0.011
1007 228 7 9 0.011
195 259 8 10 0.011
940 302 8 9 0.011
154 532 11 14 0.011
165 262 8 11 0.011
7 474 12 16 0.011
862 154 7 9 0.011
134 30 4 5 0.011
893 205 7 9 0.011
51 211 8 10 0.011
504 10 5 7 0.011
2 259 8 14 0.011
493 11 8 9 0.011
247 448 9 12 0.011
367 62 5 7 0.011
6 506 14 19 0.011
827 397 6 9 0.010
690 7 6 7 0.010
956 51 6 7 0.010
917 236 7 9 0.010
525 35 7 8 0.010
650 204 7 9 0.010
718 288 8 9 0.010
55 440 12 16 0.010
831 197 8 10 0.010
488 508 9 13 0.010
465 450 8 11 0.010
