0_Parade_marchingband_1_309
133
501 73 31 37 0.713
47 83 25 29 0.695
389 94 26 31 0.657
441 91 24 28 0.621
272 93 23 28 0.620
923 103 23 26 0.583
818 106 24 28 0.556
847 96 26 30 0.549
730 88 25 30 0.542
128 112 24 29 0.494
669 78 24 31 0.492
212 89 24 30 0.454
304 92 24 28 0.426
958 84 21 24 0.415
1011 133 13 29 0.374
893 95 20 24 0.359
613 102 20 25 0.355
710 101 23 28 0.352
983 97 19 25 0.319
590 93 20 24 0.309
52 14 13 19 0.274
907 33 13 17 0.274
361 115 22 24 0.255
139 12 14 17 0.251
31 18 17 21 0.242
72 61 20 22 0.233
51 44 18 21 0.161
191 105 18 22 0.151
296 94 20 25 0.143
344 68 18 21 0.138
252 24 17 19 0.115
26 61 17 21 0.109
549 89 15 16 0.101
540 102 17 19 0.099
314 12 15 17 0.099
81 8 14 18 0.097
307 48 15 18 0.088
18 22 16 19 0.075
764 103 19 23 0.073
575 95 17 20 0.071
990 89 19 24 0.068
95 90 19 24 0.068
10 25 16 18 0.066
314 106 21 26 0.066
984 16 15 18 0.065
0 82 11 23 0.064
202 96 20 26 0.063
543 97 16 20 0.060
664 70 24 32 0.059
765 85 19 23 0.057
33 24 18 23 0.056
889 92 19 24 0.055
543 91 15 17 0.052
141 81 19 23 0.048
116 -4 13 13 0.045
638 103 19 24 0.043
151 123 19 22 0.041
676 69 25 33 0.040
227 97 22 28 0.039
372 49 12 15 0.038
844 90 23 27 0.038
350 73 17 20 0.036
954 79 20 23 0.031
985 75 17 23 0.030
236 100 19 24 0.029
129 65 17 22 0.027
673 68 21 28 0.026
993 83 17 23 0.026
109 25 14 17 0.025
318 115 18 23 0.025
917 91 20 24 0.024
814 103 20 26 0.023
540 88 13 16 0.023
914 75 19 22 0.023
2 76 15 22 0.022
202 9 12 15 0.021
308 54 15 18 0.021
588 86 16 22 0.020
375 52 16 20 0.020
643 -1 28 22 0.020
609 83 19 24 0.020
932 12 12 14 0.019
300 4 14 18 0.019
235 94 16 21 0.019
716 106 22 26 0.018
123 113 20 26 0.018
0 48 8 17 0.018
217 57 14 18 0.018
604 75 17 22 0.017
384 60 16 20 0.017
571 100 17 19 0.017
961 121 20 24 0.017
342 -1 13 13 0.017
968 123 19 24 0.016
542 108 17 20 0.016
925 67 16 20 0.016
823 112 25 27 0.016
299 79 20 23 0.016
639 96 17 21 0.016
419 110 19 22 0.015
668 89 19 25 0.015
220 5 12 15 0.015
361 76 16 20 0.015
240 105 19 24 0.015
897 88 26 31 0.015
357 81 17 23 0.014
213 84 20 25 0.014
617 93 19 22 0.014
26 -1 13 13 0.014
293 2 16 16 0.013
609 107 19 23 0.013
124 104 34 44 0.013
174 61 18 21 0.013
544 84 20 25 0.012
759 108 20 24 0.012
389 79 22 28 0.012
978 20 16 21 0.012
642 110 18 23 0.012
156 118 18 21 0.012
17 105 17 21 0.012
37 1 14 15 0.012
246 22 15 19 0.012
390 60 16 20 0.012
188 110 17 21 0.011
112 21 14 18 0.011
710 55 23 26 0.011
965 116 19 24 0.011
856 106 23 27 0.011
1011 44 14 22 0.011
3 72 11 20 0.010
723 80 33 44 0.010
19 111 17 22 0.010
760 80 17 22 0.010
