0_Parade_Parade_0_757
30
241 63 198 296 0.889
716 258 17 25 0.322
655 239 18 21 0.307
764 242 17 20 0.148
769 242 18 21 0.060
826 256 13 20 0.060
868 252 15 20 0.051
857 252 15 22 0.051
909 550 45 47 0.050
604 268 16 21 0.045
585 266 14 18 0.042
589 266 15 18 0.039
851 255 16 20 0.037
759 239 15 21 0.035
1009 553 15 33 0.030
554 246 18 22 0.028
558 251 17 20 0.025
506 250 17 19 0.023
882 565 17 21 0.022
501 246 16 19 0.021
650 240 15 19 0.021
726 266 16 23 0.020
547 239 16 19 0.019
572 253 13 17 0.018
637 255 11 17 0.016
666 239 16 19 0.015
845 259 15 19 0.013
861 250 20 26 0.012
560 243 17 20 0.012
549 254 14 19 0.011
