0_Parade_Parade_0_490
227
122 439 81 95 0.859
772 563 109 134 0.854
102 183 45 56 0.844
475 328 50 67 0.828
240 321 54 66 0.825
768 315 61 84 0.823
386 349 58 76 0.821
745 153 38 46 0.818
525 221 37 44 0.814
177 198 48 63 0.811
16 292 43 50 0.808
900 365 76 100 0.807
596 282 48 63 0.801
730 238 42 48 0.798
503 152 32 40 0.787
759 83 33 40 0.785
668 131 42 57 0.778
911 83 27 32 0.775
716 88 32 37 0.771
877 49 22 31 0.761
12 490 72 80 0.755
594 110 28 36 0.755
278 178 40 44 0.749
824 151 43 44 0.746
594 170 40 50 0.731
350 125 29 33 0.731
27 169 26 29 0.725
225 456 59 63 0.721
175 132 31 37 0.720
967 53 25 35 0.719
401 282 41 54 0.718
434 111 23 30 0.715
385 97 21 26 0.714
447 68 22 27 0.712
930 6 22 28 0.708
666 636 42 63 0.705
74 158 30 35 0.702
940 193 43 43 0.698
60 111 17 20 0.690
547 115 25 31 0.687
571 58 23 29 0.687
134 74 18 23 0.684
440 216 38 44 0.683
852 31 19 25 0.680
275 79 21 28 0.677
536 75 23 30 0.676
441 39 15 19 0.672
494 670 51 73 0.665
373 242 34 48 0.659
672 78 27 32 0.647
636 77 25 29 0.644
244 163 26 33 0.641
537 20 17 22 0.635
356 58 19 24 0.634
5 91 15 19 0.632
722 43 20 26 0.622
954 21 22 29 0.613
644 21 13 19 0.612
902 13 20 26 0.607
89 60 15 22 0.602
773 247 31 52 0.573
381 182 41 43 0.558
1005 164 19 48 0.551
842 1 15 19 0.537
0 221 13 39 0.531
674 10 13 16 0.524
234 91 20 25 0.516
248 54 13 17 0.506
790 46 16 25 0.486
500 91 18 26 0.483
784 14 15 19 0.472
885 -1 15 18 0.433
63 197 34 49 0.428
519 21 14 20 0.426
614 6 14 17 0.413
337 119 21 26 0.410
814 29 19 24 0.408
702 24 19 23 0.403
13 381 39 53 0.383
992 26 18 24 0.379
207 16 11 14 0.346
476 278 39 47 0.343
918 290 61 64 0.342
386 143 26 33 0.323
111 147 20 23 0.319
185 44 10 14 0.317
809 5 15 19 0.287
822 95 33 36 0.274
374 220 39 52 0.268
724 6 14 17 0.231
272 149 27 32 0.227
474 63 19 24 0.224
870 214 39 49 0.199
0 110 8 21 0.187
284 8 12 15 0.186
935 12 24 29 0.181
567 109 24 31 0.179
1013 109 11 35 0.172
619 149 28 37 0.154
612 4 13 16 0.150
886 2 18 23 0.149
12 138 13 25 0.139
604 1 11 13 0.130
761 24 18 23 0.122
606 30 13 14 0.120
480 58 19 25 0.111
242 128 18 25 0.110
351 0 13 12 0.100
774 11 18 22 0.095
0 394 22 62 0.094
379 32 14 18 0.087
726 3 16 17 0.086
759 32 18 22 0.079
464 254 42 50 0.076
716 148 25 39 0.069
855 12 17 20 0.065
293 70 15 21 0.065
601 1 10 13 0.063
399 67 16 19 0.060
513 25 16 20 0.058
274 76 17 22 0.057
384 126 19 24 0.054
604 57 11 15 0.053
955 14 18 23 0.052
283 287 41 52 0.051
399 -5 12 12 0.050
1017 -2 7 16 0.044
355 -2 12 13 0.043
664 47 19 20 0.042
286 4 13 16 0.041
955 8 17 20 0.040
638 59 16 20 0.040
676 14 13 18 0.040
915 63 21 22 0.040
276 6 13 15 0.039
821 110 40 48 0.039
273 62 14 18 0.037
880 31 19 22 0.037
494 89 19 24 0.037
384 239 38 51 0.036
860 9 17 20 0.036
820 83 26 31 0.035
0 411 19 72 0.035
877 0 17 18 0.034
780 9 16 19 0.033
271 58 12 16 0.032
8 372 29 56 0.032
332 126 19 25 0.031
905 287 44 52 0.031
680 28 14 19 0.031
687 54 18 22 0.031
271 7 12 15 0.030
755 41 19 23 0.029
296 73 16 22 0.029
163 56 13 15 0.028
821 29 18 22 0.028
567 103 21 26 0.027
610 593 22 32 0.027
610 29 12 15 0.026
717 41 19 23 0.025
581 38 16 19 0.025
355 252 39 51 0.025
244 52 19 25 0.025
521 16 13 17 0.024
769 7 15 17 0.024
21 178 21 26 0.024
275 123 23 26 0.024
495 608 42 63 0.024
121 341 30 43 0.024
295 36 11 14 0.024
782 45 17 23 0.023
668 42 17 21 0.023
238 133 19 23 0.022
950 27 20 26 0.022
940 286 51 54 0.021
920 57 21 25 0.021
967 141 24 32 0.021
452 804 63 85 0.021
29 251 28 31 0.020
378 178 33 36 0.020
849 26 18 24 0.020
957 2 16 17 0.020
813 37 20 24 0.020
392 -2 13 13 0.020
681 62 23 27 0.019
606 55 11 14 0.019
714 7 14 15 0.019
1010 130 13 52 0.019
908 17 19 25 0.018
993 36 19 25 0.018
189 41 11 15 0.018
993 163 27 46 0.018
999 31 15 24 0.017
243 120 18 22 0.017
0 545 17 67 0.016
443 30 13 17 0.016
550 18 14 19 0.016
863 231 40 51 0.016
734 1 14 16 0.015
406 15 13 15 0.015
386 163 37 46 0.015
864 211 32 46 0.015
700 30 17 21 0.015
370 6 14 17 0.014
466 119 28 29 0.014
957 179 35 47 0.014
830 2 15 17 0.014
940 36 17 23 0.014
388 -3 14 12 0.013
397 239 35 46 0.013
732 38 18 23 0.013
17 184 18 24 0.012
504 23 14 18 0.012
496 21 14 18 0.012
605 60 13 17 0.012
663 78 26 32 0.011
318 280 28 46 0.011
349 2 12 13 0.011
680 11 14 18 0.011
802 57 19 23 0.011
546 -1 9 10 0.011
903 3 15 18 0.011
536 -3 11 9 0.011
991 18 17 21 0.011
37 173 34 43 0.011
309 164 33 38 0.011
870 -1 14 12 0.010
