0_Parade_marchingband_1_104
92
316 252 33 39 0.807
452 263 25 30 0.763
739 230 16 20 0.718
34 252 14 17 0.657
239 245 15 18 0.654
150 242 13 16 0.618
125 252 16 18 0.610
354 234 12 15 0.582
103 240 11 14 0.565
1004 218 15 22 0.482
24 237 11 15 0.476
835 228 13 17 0.469
409 243 10 12 0.468
69 246 10 12 0.422
503 225 8 9 0.391
969 232 7 9 0.385
575 250 15 24 0.350
549 244 9 13 0.332
197 244 8 11 0.311
604 226 9 10 0.290
287 234 10 13 0.275
66 250 10 13 0.272
898 236 8 10 0.250
452 233 9 11 0.248
253 235 9 11 0.226
341 228 8 11 0.207
178 241 9 11 0.192
461 246 10 11 0.188
896 236 8 10 0.154
902 237 8 9 0.152
454 230 8 11 0.148
132 248 15 19 0.141
62 258 10 13 0.123
501 224 7 10 0.120
6 266 13 15 0.118
948 233 9 11 0.104
909 236 8 10 0.100
936 232 8 11 0.068
146 242 13 15 0.059
335 227 13 14 0.052
842 221 10 15 0.049
942 229 9 11 0.047
577 246 12 19 0.044
415 251 8 11 0.044
940 233 9 11 0.042
195 247 10 11 0.041
412 249 9 11 0.041
540 231 6 7 0.039
52 259 11 14 0.039
913 236 8 10 0.039
538 230 6 7 0.038
230 238 9 12 0.038
225 240 10 12 0.036
458 246 14 18 0.033
968 229 11 14 0.033
65 256 10 13 0.032
347 232 22 26 0.029
416 254 8 10 0.028
934 230 7 10 0.027
837 222 13 17 0.027
171 241 9 12 0.026
617 230 7 8 0.024
219 243 9 11 0.023
340 225 7 11 0.022
449 236 8 10 0.021
403 243 9 11 0.021
831 226 13 18 0.020
466 245 8 10 0.019
237 240 10 12 0.018
566 210 6 7 0.018
892 234 8 10 0.017
545 232 7 9 0.017
276 234 9 10 0.017
502 223 11 14 0.015
466 256 19 24 0.015
503 228 9 10 0.015
20 238 10 15 0.015
539 227 6 7 0.015
272 234 8 10 0.014
466 251 13 15 0.014
86 279 9 10 0.013
542 241 9 10 0.013
448 230 10 11 0.012
613 131 9 10 0.012
578 232 8 10 0.012
4 260 11 15 0.011
553 239 12 15 0.011
311 228 13 16 0.011
317 229 14 16 0.011
30 238 11 14 0.011
1003 226 11 15 0.010
514 231 6 9 0.010
