0_Parade_marchingband_1_74
283
189 361 35 45 0.757
501 383 15 18 0.726
605 406 15 18 0.703
760 392 15 18 0.701
661 412 17 19 0.696
434 361 14 17 0.693
529 403 14 18 0.690
716 399 17 20 0.690
743 368 15 18 0.680
564 370 15 18 0.677
581 390 16 18 0.677
700 382 16 18 0.672
866 380 16 19 0.672
708 357 14 17 0.671
780 383 15 18 0.668
467 370 15 17 0.667
386 338 14 17 0.663
546 343 14 16 0.661
909 374 15 18 0.661
314 328 14 16 0.657
506 313 14 17 0.654
823 395 14 17 0.651
496 358 15 16 0.649
527 360 14 17 0.645
457 315 12 14 0.644
673 319 13 16 0.644
410 356 13 17 0.642
803 358 15 18 0.641
604 348 12 14 0.640
734 302 12 15 0.634
684 346 14 17 0.633
267 314 12 14 0.626
769 341 14 17 0.626
347 311 13 14 0.624
177 298 13 14 0.623
903 341 14 16 0.619
657 365 14 16 0.616
249 307 14 16 0.613
629 373 16 18 0.612
822 334 14 15 0.606
572 332 13 15 0.605
952 328 14 15 0.604
422 311 12 15 0.600
403 327 14 17 0.599
993 328 14 16 0.599
213 312 13 16 0.596
484 332 13 15 0.596
839 373 15 18 0.596
959 357 14 18 0.592
753 322 13 15 0.591
563 281 11 13 0.590
705 301 12 13 0.590
582 293 13 15 0.588
776 315 12 14 0.586
464 337 14 17 0.585
576 357 13 15 0.582
350 343 14 16 0.579
654 301 13 14 0.572
651 343 12 14 0.572
555 298 11 14 0.570
707 335 11 14 0.568
852 348 14 17 0.567
818 276 11 13 0.564
872 353 16 17 0.564
278 297 12 13 0.552
673 393 14 16 0.551
295 317 14 15 0.550
757 272 11 13 0.549
888 307 13 14 0.546
439 308 12 15 0.545
1005 272 10 12 0.543
663 282 10 13 0.539
737 336 13 15 0.537
1016 374 8 19 0.536
262 265 11 14 0.535
766 301 11 13 0.533
513 343 13 15 0.532
930 362 13 17 0.529
617 323 13 15 0.527
972 350 14 16 0.523
633 268 11 12 0.519
627 304 11 13 0.518
591 313 11 14 0.511
540 322 12 14 0.511
855 292 12 14 0.511
964 310 13 15 0.509
10 108 9 11 0.504
838 323 12 15 0.497
597 381 12 17 0.496
494 301 12 14 0.490
546 279 11 12 0.485
825 302 12 13 0.480
237 283 9 11 0.480
787 335 12 15 0.476
614 295 11 13 0.473
368 308 12 14 0.465
918 323 12 14 0.464
724 285 11 13 0.462
867 337 13 15 0.452
932 296 11 14 0.452
194 288 11 13 0.451
888 326 12 14 0.451
796 306 12 14 0.447
618 358 13 15 0.444
989 192 9 11 0.436
1004 295 11 15 0.431
216 284 9 11 0.424
606 311 12 15 0.422
406 293 10 13 0.411
376 322 12 15 0.392
448 291 10 12 0.384
784 297 10 13 0.384
347 295 10 12 0.383
470 296 11 14 0.382
646 280 11 13 0.380
901 296 10 12 0.362
839 290 11 15 0.355
638 343 11 14 0.346
135 280 10 12 0.333
887 347 15 17 0.325
322 284 10 12 0.323
336 302 11 13 0.312
729 324 11 14 0.298
375 287 10 12 0.271
632 326 11 13 0.268
646 293 10 14 0.267
532 309 11 13 0.264
772 288 10 12 0.263
815 348 13 16 0.254
635 328 11 13 0.252
807 309 10 12 0.250
153 280 9 11 0.248
886 289 10 12 0.246
689 296 10 12 0.243
119 105 11 12 0.235
1003 349 11 14 0.228
791 303 12 14 0.228
926 321 12 15 0.227
355 343 12 16 0.223
522 291 9 12 0.220
812 271 10 12 0.208
163 293 10 12 0.202
452 346 11 14 0.190
704 282 10 12 0.184
423 294 10 12 0.175
174 328 13 14 0.172
943 354 12 15 0.169
686 310 11 15 0.167
433 344 12 13 0.166
509 343 13 16 0.161
971 345 12 16 0.158
938 350 13 15 0.156
920 366 16 19 0.156
779 312 11 15 0.155
609 301 12 16 0.152
203 333 12 15 0.148
703 334 11 14 0.146
342 304 11 15 0.133
481 325 13 15 0.131
438 288 9 11 0.129
732 296 12 15 0.119
1009 297 12 16 0.118
440 356 13 17 0.116
332 302 11 14 0.113
951 305 12 15 0.112
649 299 11 14 0.099
137 283 10 13 0.099
506 350 13 16 0.098
301 286 9 11 0.096
867 52 9 10 0.094
963 292 10 12 0.091
233 309 10 14 0.091
626 300 11 14 0.088
517 351 14 17 0.088
655 343 12 15 0.084
607 342 13 16 0.082
167 294 11 14 0.079
967 295 11 12 0.078
1001 294 12 14 0.078
651 280 10 12 0.076
983 289 11 13 0.075
830 331 12 16 0.072
706 280 10 11 0.070
375 313 12 16 0.070
834 293 12 15 0.068
1014 353 9 17 0.067
0 704 10 34 0.067
861 316 10 14 0.066
472 19 9 10 0.066
240 295 11 15 0.064
736 283 9 12 0.062
908 48 8 9 0.055
284 280 9 11 0.055
480 317 11 14 0.055
441 286 10 12 0.053
170 299 12 14 0.048
265 351 11 14 0.046
373 341 11 16 0.045
891 287 10 12 0.043
943 286 10 11 0.043
819 333 12 16 0.043
118 0 7 5 0.043
929 300 12 13 0.042
566 334 13 16 0.042
948 387 13 14 0.042
252 292 10 12 0.041
907 46 7 8 0.041
977 292 10 12 0.040
268 271 11 12 0.040
191 286 9 10 0.038
368 288 9 12 0.038
526 322 11 14 0.034
960 51 7 8 0.034
842 255 10 13 0.034
532 295 10 12 0.034
523 256 9 10 0.033
472 23 9 11 0.033
810 268 10 11 0.032
158 297 10 13 0.029
1010 369 12 20 0.028
242 280 9 11 0.027
161 782 21 28 0.027
560 325 12 16 0.027
659 15 9 11 0.027
864 51 9 11 0.027
280 277 10 12 0.027
866 290 11 14 0.026
930 322 11 14 0.025
978 51 8 9 0.025
724 353 11 14 0.025
208 280 8 10 0.025
308 360 11 16 0.024
701 325 11 12 0.024
183 299 11 15 0.023
243 285 9 11 0.023
344 313 12 15 0.023
796 285 10 12 0.022
402 296 10 14 0.022
369 347 10 13 0.021
806 270 10 12 0.021
116 0 7 6 0.020
494 14 6 7 0.019
908 44 8 9 0.019
971 259 9 11 0.019
531 362 13 16 0.019
910 297 10 14 0.019
651 251 9 9 0.018
670 397 14 18 0.018
937 278 9 11 0.018
612 285 10 12 0.018
965 52 9 10 0.018
809 295 10 13 0.018
552 399 12 15 0.017
488 284 9 11 0.016
463 292 10 12 0.016
608 327 12 13 0.016
304 316 12 14 0.016
472 291 10 12 0.015
961 50 9 10 0.015
589 323 11 13 0.015
927 287 10 12 0.015
932 283 10 11 0.015
457 341 12 15 0.015
717 350 13 16 0.015
262 270 9 12 0.015
952 280 11 12 0.015
712 273 9 11 0.014
822 328 11 13 0.014
845 305 12 15 0.014
36 125 8 11 0.013
490 280 9 12 0.013
491 276 9 12 0.013
385 285 10 12 0.012
961 98 10 11 0.012
492 284 10 12 0.012
207 332 12 14 0.011
572 424 12 13 0.011
845 271 9 12 0.011
947 358 13 16 0.011
905 346 12 14 0.011
843 265 10 14 0.011
674 256 9 10 0.010
670 281 10 13 0.010
