0_Parade_Parade_0_29
63
541 164 62 73 0.849
979 186 35 40 0.802
802 165 41 49 0.798
239 233 23 28 0.778
194 239 20 22 0.724
487 233 16 19 0.709
423 246 19 23 0.704
163 249 15 18 0.681
141 247 14 16 0.674
706 243 17 20 0.632
511 243 14 15 0.630
295 241 13 16 0.624
120 243 13 15 0.579
861 231 19 24 0.577
317 231 32 39 0.569
748 240 19 26 0.520
357 240 16 19 0.502
589 239 22 25 0.496
220 251 13 15 0.479
461 248 8 10 0.444
669 240 7 9 0.384
692 246 12 15 0.381
617 252 13 15 0.380
648 239 7 9 0.349
101 249 10 11 0.241
74 251 8 9 0.218
676 238 8 10 0.197
681 239 8 9 0.194
651 240 6 8 0.164
388 252 6 8 0.158
670 239 9 10 0.141
409 242 11 14 0.116
380 253 8 9 0.108
459 244 11 13 0.099
389 253 7 9 0.093
86 244 8 8 0.071
265 254 11 13 0.071
283 255 9 10 0.064
1013 12 11 16 0.046
70 238 8 9 0.045
72 245 7 9 0.044
883 235 27 32 0.043
80 229 8 11 0.036
73 235 9 11 0.035
144 244 13 15 0.034
473 250 7 9 0.031
655 248 8 10 0.029
81 234 10 11 0.029
71 251 8 10 0.027
368 248 12 15 0.026
666 244 8 9 0.024
375 256 8 11 0.019
611 247 20 24 0.017
71 247 12 14 0.017
223 253 14 17 0.016
261 255 11 14 0.015
756 237 16 23 0.015
353 244 18 21 0.014
454 240 7 8 0.013
6 258 6 7 0.013
622 255 14 19 0.012
5 259 6 7 0.011
865 237 20 24 0.011
