39_Ice_Skating_Ice_Skating_39_169
39
324 825 40 55 0.652
202 849 9 11 0.161
401 875 7 8 0.112
910 703 60 51 0.071
660 838 7 9 0.065
269 850 19 21 0.063
655 1095 22 38 0.060
382 858 8 9 0.053
535 676 39 59 0.050
380 861 8 8 0.050
874 897 12 15 0.045
241 780 19 25 0.035
377 855 12 15 0.033
514 847 6 8 0.033
386 860 7 9 0.032
778 892 9 11 0.031
38 738 19 21 0.028
815 850 10 13 0.027
725 701 18 24 0.025
938 901 14 17 0.024
664 837 7 9 0.023
515 849 6 8 0.023
817 850 13 16 0.020
165 845 9 10 0.020
625 852 6 7 0.018
743 889 9 11 0.018
820 895 10 11 0.017
517 862 6 7 0.017
513 846 6 7 0.017
400 872 10 13 0.015
118 852 7 8 0.014
660 1106 25 33 0.013
822 894 12 13 0.012
981 904 15 19 0.011
698 842 6 7 0.011
583 674 32 56 0.010
727 846 6 9 0.010
169 846 8 9 0.010
699 842 7 8 0.010
