39_Ice_Skating_Ice_Skating_39_661
204
808 359 16 21 0.722
2 371 14 19 0.669
415 428 19 20 0.590
195 258 11 14 0.581
223 266 10 14 0.581
76 234 9 12 0.537
250 251 9 11 0.506
161 295 12 14 0.501
474 302 9 13 0.459
98 324 11 15 0.459
0 262 6 13 0.448
541 259 9 12 0.376
514 212 6 7 0.363
442 312 10 13 0.362
510 256 9 11 0.354
467 185 6 8 0.318
291 366 11 13 0.311
395 199 7 7 0.295
629 223 6 7 0.294
571 212 7 8 0.286
590 225 6 8 0.282
18 297 10 13 0.270
887 200 91 105 0.266
223 195 6 7 0.261
372 204 7 8 0.251
793 205 7 9 0.242
148 204 7 8 0.239
12 341 12 15 0.225
447 505 19 19 0.217
591 224 7 8 0.209
763 206 7 8 0.207
263 197 6 8 0.205
821 434 21 27 0.204
550 179 6 7 0.201
343 188 6 7 0.199
109 246 9 11 0.180
177 297 10 14 0.168
617 179 8 10 0.167
489 191 6 7 0.160
720 225 6 9 0.146
516 212 6 7 0.143
594 224 7 8 0.142
423 192 5 6 0.141
30 294 9 12 0.140
454 502 15 20 0.139
439 194 5 7 0.139
589 178 7 9 0.136
765 206 7 8 0.136
384 182 5 6 0.130
455 202 5 7 0.130
25 296 10 13 0.124
33 295 8 12 0.111
619 175 7 9 0.111
293 196 5 7 0.103
375 184 5 6 0.103
619 168 6 8 0.103
834 255 9 11 0.102
492 191 5 7 0.102
478 374 13 15 0.100
351 368 11 14 0.096
825 215 6 7 0.096
563 180 6 7 0.096
206 429 16 17 0.087
371 185 5 6 0.087
586 221 8 9 0.085
341 189 6 7 0.084
345 189 6 7 0.083
299 180 5 6 0.078
151 204 7 8 0.077
634 220 5 7 0.075
27 265 8 10 0.073
827 216 6 7 0.073
856 210 6 7 0.067
982 286 8 9 0.065
789 422 15 22 0.060
446 179 5 6 0.060
443 509 17 20 0.059
768 334 11 14 0.059
616 174 7 10 0.059
817 430 19 26 0.055
794 221 7 8 0.052
614 183 7 9 0.050
288 183 6 7 0.049
790 207 9 9 0.048
643 193 5 7 0.047
363 180 5 6 0.045
924 417 11 14 0.044
689 178 5 6 0.043
445 313 10 13 0.041
393 200 8 9 0.041
866 274 7 10 0.041
721 270 9 13 0.039
457 498 14 20 0.038
833 257 8 10 0.037
741 198 5 7 0.037
238 194 9 9 0.037
354 233 6 7 0.037
206 220 6 9 0.035
587 181 7 9 0.035
346 186 6 6 0.035
300 179 5 7 0.035
445 181 5 7 0.034
931 522 8 9 0.034
739 199 5 6 0.033
691 178 4 6 0.032
760 240 7 8 0.032
271 194 6 7 0.032
287 366 11 14 0.032
978 286 7 9 0.031
545 405 11 13 0.031
894 538 7 9 0.030
112 245 11 13 0.030
84 193 7 8 0.030
479 180 6 7 0.029
297 182 6 7 0.029
985 286 9 12 0.029
482 180 5 6 0.028
205 435 16 17 0.028
81 234 9 11 0.027
907 222 60 58 0.027
357 233 6 7 0.027
160 292 10 13 0.027
817 214 6 7 0.027
153 175 5 6 0.027
12 289 9 12 0.026
218 313 8 11 0.025
182 297 9 13 0.025
641 218 6 7 0.025
657 190 6 7 0.024
831 218 6 7 0.024
724 191 5 7 0.024
835 258 10 12 0.023
51 257 11 13 0.023
704 225 6 8 0.023
342 186 6 7 0.023
207 198 5 7 0.022
806 424 16 22 0.022
228 270 10 12 0.022
285 189 6 7 0.021
1017 290 7 13 0.021
771 333 11 15 0.020
951 255 9 12 0.020
225 194 5 7 0.020
155 387 13 17 0.020
885 548 10 12 0.020
853 210 5 7 0.019
621 184 7 9 0.019
358 107 5 5 0.019
16 345 11 15 0.019
482 372 12 15 0.019
864 272 8 9 0.018
464 192 7 9 0.018
801 219 6 7 0.017
541 263 11 14 0.017
535 282 11 13 0.017
886 551 10 11 0.017
687 178 5 7 0.017
947 521 7 9 0.017
881 537 8 9 0.017
655 189 5 7 0.017
214 197 6 7 0.017
811 429 17 24 0.015
579 178 9 10 0.015
448 499 15 20 0.015
976 287 9 11 0.015
620 167 6 7 0.015
205 423 15 18 0.014
616 227 6 8 0.014
461 501 15 20 0.014
784 423 15 21 0.014
725 190 6 6 0.014
533 277 11 13 0.014
640 194 6 8 0.014
614 189 6 9 0.014
36 295 9 12 0.014
610 189 6 8 0.014
390 203 6 8 0.013
971 285 7 10 0.013
767 330 10 14 0.013
660 189 5 7 0.013
938 520 10 11 0.013
881 217 5 7 0.013
201 426 15 18 0.012
653 183 5 6 0.012
55 259 9 12 0.012
312 373 10 14 0.012
990 289 8 9 0.012
549 260 9 12 0.012
487 193 6 7 0.012
379 217 6 8 0.012
867 199 5 6 0.012
308 372 11 15 0.011
372 184 8 9 0.011
809 418 15 21 0.011
258 197 7 7 0.011
705 226 8 9 0.011
627 226 7 8 0.011
603 223 6 7 0.011
575 210 7 9 0.011
706 224 6 7 0.011
826 228 6 8 0.011
823 174 5 6 0.010
953 252 10 13 0.010
645 212 6 8 0.010
