39_Ice_Skating_Ice_Skating_39_463
124
901 735 11 14 0.588
964 772 12 15 0.559
835 738 11 15 0.543
956 726 11 15 0.511
911 759 11 14 0.505
802 749 10 14 0.479
701 709 7 9 0.410
651 743 9 12 0.304
421 703 7 8 0.292
818 766 13 15 0.194
890 673 5 7 0.192
858 677 6 7 0.166
827 762 12 16 0.158
823 764 12 15 0.153
921 687 6 8 0.143
477 705 6 8 0.134
430 682 6 8 0.118
338 686 7 8 0.114
556 704 8 9 0.112
542 712 6 8 0.111
515 705 7 9 0.105
337 685 6 8 0.105
475 703 6 8 0.098
587 712 7 9 0.091
730 677 5 7 0.086
334 685 7 8 0.079
714 671 6 6 0.078
403 704 6 8 0.077
539 711 7 8 0.076
493 708 7 8 0.076
614 704 6 8 0.074
922 689 6 7 0.071
852 665 5 7 0.062
967 774 11 14 0.059
334 709 7 8 0.056
417 703 7 8 0.056
410 686 7 8 0.055
560 706 6 8 0.053
638 691 6 8 0.050
534 667 6 6 0.045
855 676 8 10 0.041
551 707 8 10 0.040
515 697 6 7 0.040
407 666 7 8 0.038
474 708 6 8 0.036
716 671 6 6 0.036
760 663 5 6 0.035
514 699 8 10 0.035
179 827 22 36 0.035
835 680 5 6 0.034
371 678 6 7 0.034
653 673 5 7 0.034
394 677 6 7 0.034
793 657 5 6 0.034
430 679 7 8 0.033
537 666 5 7 0.033
484 690 6 8 0.029
647 745 8 12 0.028
499 696 6 8 0.028
638 692 9 11 0.028
497 698 6 8 0.027
632 678 6 7 0.027
519 701 7 8 0.026
636 707 6 8 0.026
713 670 5 7 0.026
640 706 7 9 0.026
1005 695 9 11 0.025
835 756 10 15 0.025
336 689 8 11 0.025
392 677 6 8 0.024
833 678 5 6 0.023
532 696 6 8 0.023
584 710 7 8 0.023
551 654 5 6 0.022
794 660 5 6 0.022
745 660 5 5 0.021
725 711 6 7 0.021
470 686 6 7 0.021
927 689 5 7 0.021
584 715 6 7 0.021
959 770 13 16 0.020
409 673 7 10 0.019
339 707 6 8 0.019
888 679 6 7 0.018
628 648 5 7 0.018
533 733 6 8 0.018
761 661 5 6 0.018
478 693 6 7 0.017
752 675 6 7 0.017
800 667 4 5 0.017
918 686 6 7 0.017
892 675 8 10 0.017
365 678 6 7 0.016
776 659 5 6 0.016
904 733 10 13 0.016
724 676 6 7 0.016
289 656 6 6 0.016
468 683 5 7 0.015
581 677 6 8 0.015
790 657 5 5 0.014
479 706 8 10 0.014
577 646 5 6 0.014
653 687 7 8 0.014
853 679 6 7 0.014
611 688 6 7 0.014
636 695 6 8 0.013
538 696 6 7 0.012
658 688 6 7 0.012
655 690 6 8 0.012
579 646 5 6 0.012
590 668 5 7 0.012
582 675 7 7 0.012
730 673 5 6 0.012
916 689 7 8 0.011
533 665 8 10 0.011
431 699 6 7 0.011
767 663 5 6 0.011
716 654 5 5 0.011
756 678 5 7 0.010
340 703 6 7 0.010
509 736 5 6 0.010
698 707 11 13 0.010
718 656 5 5 0.010
846 664 5 6 0.010
