39_Ice_Skating_Ice_Skating_39_1029
128
926 213 12 16 0.651
653 230 13 17 0.641
109 247 12 14 0.608
753 224 17 22 0.605
208 252 11 14 0.594
524 241 10 13 0.567
297 252 11 14 0.565
237 272 11 13 0.555
463 252 11 14 0.521
269 255 11 13 0.509
819 244 11 13 0.507
608 235 12 15 0.486
558 249 11 14 0.484
423 253 10 13 0.466
393 256 11 13 0.436
352 255 11 12 0.429
491 245 11 13 0.427
326 259 10 14 0.422
740 223 11 15 0.402
361 62 10 12 0.311
696 236 9 13 0.307
180 249 10 12 0.283
247 72 7 8 0.252
177 249 9 12 0.225
326 253 10 13 0.209
137 249 10 12 0.204
326 248 9 10 0.203
161 266 8 11 0.202
645 54 9 10 0.199
419 269 9 11 0.195
374 261 10 11 0.194
389 61 9 10 0.182
605 238 12 14 0.151
712 228 11 13 0.149
190 263 10 12 0.146
220 242 9 12 0.141
619 49 9 10 0.137
754 46 10 12 0.134
327 250 10 12 0.126
444 261 10 12 0.124
316 68 8 11 0.102
50 245 8 9 0.102
282 265 10 11 0.100
279 264 10 11 0.097
743 225 15 19 0.082
685 3 11 10 0.076
172 248 10 12 0.076
574 240 11 13 0.067
440 267 9 11 0.061
791 252 11 12 0.061
359 63 9 11 0.059
489 11 11 12 0.056
527 241 10 13 0.055
185 251 10 13 0.053
493 12 10 10 0.051
329 248 9 10 0.051
212 79 10 12 0.046
619 7 9 10 0.045
5 254 6 7 0.044
472 248 9 11 0.043
163 267 9 11 0.042
293 251 11 14 0.042
317 67 8 9 0.042
215 240 10 12 0.041
133 251 8 12 0.038
447 259 10 12 0.037
23 63 12 17 0.037
224 249 8 11 0.035
393 64 7 10 0.031
337 62 7 8 0.031
134 248 9 12 0.031
430 243 8 9 0.030
525 245 10 12 0.030
325 263 10 13 0.029
261 260 10 12 0.029
259 268 9 12 0.029
140 253 9 10 0.027
616 6 10 11 0.026
576 234 10 14 0.026
181 84 6 8 0.026
361 66 9 11 0.025
496 13 9 10 0.025
784 48 9 13 0.024
229 262 9 12 0.024
51 247 8 10 0.024
778 45 10 11 0.024
108 250 10 13 0.023
658 11 10 11 0.023
599 238 12 15 0.021
333 264 10 12 0.021
387 58 8 10 0.021
622 53 9 10 0.019
615 50 8 9 0.018
182 87 7 8 0.018
336 62 6 8 0.018
652 56 9 11 0.018
444 265 10 12 0.017
573 8 11 11 0.017
795 56 9 11 0.016
600 248 10 13 0.015
180 81 7 8 0.015
755 219 14 19 0.015
780 41 11 12 0.014
376 264 9 12 0.014
317 63 8 11 0.014
184 84 7 9 0.014
59 32 9 12 0.013
206 80 11 11 0.013
574 4 11 12 0.013
651 228 12 15 0.013
599 255 10 11 0.013
310 266 9 11 0.012
793 249 10 11 0.012
928 15 8 11 0.012
208 69 8 9 0.012
119 74 10 12 0.012
394 62 10 11 0.012
218 237 8 10 0.012
798 56 10 11 0.011
441 28 8 11 0.011
2 253 8 10 0.011
131 28 9 12 0.011
390 68 9 11 0.011
749 4 11 9 0.010
95 257 6 8 0.010
445 15 9 9 0.010
236 276 10 12 0.010
132 26 7 8 0.010
