39_Ice_Skating_iceskiing_39_583
122
784 150 25 30 0.737
462 223 44 43 0.715
443 138 35 41 0.671
305 88 19 26 0.660
520 116 27 34 0.633
352 182 19 26 0.622
697 201 9 12 0.441
421 109 17 22 0.438
233 45 25 48 0.399
326 86 18 23 0.366
634 215 15 18 0.272
652 197 10 12 0.229
665 183 7 9 0.213
398 100 14 19 0.192
674 204 8 10 0.166
382 93 12 16 0.165
661 209 9 10 0.142
350 94 14 17 0.123
994 225 7 9 0.118
326 125 19 22 0.116
330 70 13 15 0.111
614 185 10 12 0.109
167 15 20 24 0.107
875 169 6 7 0.105
938 226 6 7 0.103
994 210 7 8 0.100
677 204 8 10 0.098
361 89 14 17 0.094
852 186 6 8 0.092
600 152 13 17 0.081
667 206 10 11 0.081
358 93 13 16 0.075
257 22 30 36 0.069
54 16 19 23 0.066
279 66 11 14 0.064
855 186 6 7 0.063
992 209 7 9 0.058
891 220 6 8 0.057
369 91 14 17 0.056
749 185 6 8 0.056
856 208 7 9 0.055
814 161 10 13 0.054
497 146 21 25 0.052
858 186 5 7 0.051
657 170 7 7 0.051
750 204 7 10 0.049
748 206 7 9 0.048
640 188 8 9 0.048
936 226 6 7 0.047
918 179 6 7 0.047
892 220 8 9 0.043
883 200 6 8 0.038
1016 204 6 8 0.037
36 18 17 20 0.037
276 68 12 16 0.036
606 149 9 12 0.035
979 229 8 11 0.033
502 115 13 16 0.031
701 202 9 11 0.031
108 2 20 25 0.031
365 85 13 16 0.030
877 184 6 7 0.029
242 56 20 37 0.028
658 172 7 9 0.028
850 186 9 11 0.028
877 173 5 7 0.027
1017 229 6 8 0.027
62 110 13 21 0.026
389 97 15 19 0.026
854 204 9 11 0.026
581 307 66 70 0.025
817 163 11 12 0.024
846 185 7 9 0.024
630 200 8 10 0.024
877 168 6 7 0.022
260 92 17 19 0.022
983 226 10 12 0.022
507 113 23 31 0.020
903 205 6 7 0.020
313 72 12 14 0.020
160 15 19 22 0.020
927 199 6 8 0.019
29 14 19 23 0.019
998 194 6 8 0.019
976 192 7 8 0.019
952 118 5 6 0.018
717 204 6 7 0.018
278 72 12 15 0.018
224 37 29 51 0.018
628 172 8 10 0.017
641 185 7 9 0.017
173 15 20 26 0.017
916 210 7 8 0.016
881 189 6 7 0.016
629 170 8 9 0.015
150 5 20 20 0.015
965 144 6 7 0.015
1001 164 6 7 0.015
613 190 9 11 0.015
355 96 13 17 0.015
608 143 10 13 0.015
741 82 12 14 0.015
968 124 5 6 0.014
633 243 11 16 0.014
915 182 6 7 0.014
1013 177 7 8 0.013
176 10 18 22 0.013
33 14 25 29 0.013
925 194 6 9 0.013
602 148 14 17 0.012
999 164 5 6 0.012
869 213 7 7 0.012
603 181 9 10 0.012
869 224 7 9 0.012
817 160 9 11 0.011
978 191 7 7 0.011
637 152 7 8 0.011
924 199 7 9 0.011
264 29 20 25 0.011
909 155 6 7 0.010
997 204 6 8 0.010
561 346 46 53 0.010
