39_Ice_Skating_Ice_Skating_39_389
62
51 366 12 15 0.593
672 362 8 11 0.563
638 361 9 11 0.532
511 359 9 11 0.510
544 360 9 11 0.509
741 364 7 9 0.480
606 359 9 11 0.478
275 385 8 10 0.461
235 378 8 10 0.443
370 380 9 10 0.435
408 374 8 10 0.421
463 368 9 11 0.407
772 365 7 8 0.397
572 360 8 9 0.390
325 378 9 10 0.388
800 366 6 8 0.303
825 363 7 8 0.189
237 383 8 10 0.157
574 359 7 9 0.152
570 361 8 10 0.145
239 394 8 9 0.117
368 379 8 10 0.100
675 363 8 10 0.085
603 360 8 9 0.072
826 376 7 8 0.064
404 374 8 11 0.060
377 385 7 8 0.057
460 364 8 10 0.054
828 373 7 8 0.051
279 384 7 9 0.049
413 373 8 9 0.048
505 356 7 9 0.047
635 361 8 10 0.042
727 377 6 7 0.042
271 385 7 10 0.041
44 367 10 13 0.037
322 381 7 10 0.035
409 372 9 9 0.034
831 375 6 8 0.034
516 361 7 10 0.033
646 377 7 9 0.032
232 381 8 10 0.030
611 16 13 13 0.026
506 359 9 10 0.024
233 378 7 9 0.023
549 358 7 10 0.022
968 351 6 8 0.020
459 386 8 9 0.014
681 379 6 8 0.014
793 335 5 6 0.014
774 368 7 8 0.014
382 389 7 8 0.013
462 388 7 9 0.013
278 387 7 9 0.013
506 362 8 10 0.013
329 381 9 10 0.012
826 359 7 9 0.011
470 364 8 11 0.010
329 375 9 11 0.010
414 390 7 7 0.010
730 377 6 7 0.010
754 382 6 6 0.010
