39_Ice_Skating_Ice_Skating_39_794
61
49 1038 29 40 0.663
199 1154 41 44 0.642
933 980 41 50 0.637
342 1011 28 31 0.621
366 941 18 24 0.595
566 937 16 21 0.579
52 1173 41 51 0.503
628 967 18 22 0.502
701 949 20 21 0.471
332 954 15 21 0.452
993 929 18 20 0.282
59 977 26 33 0.177
44 922 16 18 0.154
143 807 11 14 0.121
64 916 15 18 0.093
59 1154 38 49 0.093
43 967 29 34 0.079
32 962 26 33 0.072
57 916 16 18 0.071
75 808 11 12 0.056
99 812 11 13 0.054
37 956 26 32 0.050
119 816 11 13 0.040
77 810 11 13 0.039
559 938 16 19 0.038
70 986 25 29 0.038
181 816 9 11 0.036
146 809 11 14 0.034
41 918 16 19 0.034
35 808 10 11 0.033
86 1042 25 33 0.033
39 811 10 12 0.028
324 945 15 20 0.028
140 807 10 11 0.027
422 810 15 21 0.023
12 808 10 12 0.023
111 815 10 12 0.020
330 959 14 20 0.019
135 810 12 15 0.018
185 816 10 12 0.017
27 958 23 30 0.016
462 782 482 656 0.014
14 810 10 13 0.014
120 804 9 11 0.014
76 981 22 26 0.014
318 946 13 18 0.014
206 821 10 12 0.013
83 1178 31 39 0.013
573 936 15 20 0.013
227 818 11 12 0.013
205 804 9 11 0.012
620 552 17 22 0.012
207 810 10 12 0.012
680 512 16 18 0.011
334 958 17 22 0.011
14 1204 29 39 0.011
949 988 30 38 0.011
424 819 12 16 0.010
0 932 10 17 0.010
15 919 14 18 0.010
53 840 11 13 0.010
