31_Waiter_Waitress_Waiter_Waitress_31_420
57
464 180 29 42 0.786
692 237 27 33 0.775
239 314 21 26 0.772
917 213 29 35 0.771
583 217 28 35 0.763
652 219 28 32 0.762
373 299 22 28 0.746
333 300 22 29 0.737
42 222 22 26 0.728
490 217 24 30 0.706
536 204 22 28 0.694
695 207 25 29 0.685
194 289 20 22 0.641
867 305 24 31 0.634
279 318 17 20 0.612
535 232 20 25 0.591
147 263 17 20 0.583
345 218 19 27 0.576
121 297 19 22 0.556
410 232 17 25 0.540
554 217 23 35 0.379
182 294 16 22 0.345
417 214 20 29 0.293
868 275 12 16 0.202
189 290 20 25 0.169
887 313 18 26 0.134
1017 237 7 30 0.101
333 284 15 20 0.080
995 292 16 24 0.070
1018 283 6 21 0.054
336 285 10 12 0.053
388 288 16 23 0.050
418 208 18 25 0.049
297 300 17 23 0.047
303 307 16 22 0.046
292 292 14 21 0.044
867 274 16 24 0.043
349 286 11 13 0.036
352 284 10 13 0.031
340 284 11 12 0.027
988 293 18 25 0.027
571 204 20 25 0.026
385 283 16 20 0.026
1018 233 6 24 0.023
681 227 19 25 0.022
872 276 12 16 0.021
304 314 16 19 0.019
300 297 16 19 0.018
430 189 18 24 0.015
809 330 6 8 0.014
355 285 11 15 0.014
163 312 18 21 0.014
874 272 9 14 0.013
847 282 12 15 0.012
422 194 19 28 0.012
516 209 12 20 0.012
1010 297 11 24 0.010
