31_Waiter_Waitress_Waiter_Waitress_31_327
25
451 348 109 161 0.868
307 347 97 140 0.837
964 574 14 16 0.358
769 591 8 10 0.230
747 648 19 37 0.185
969 574 13 16 0.085
147 596 10 13 0.078
184 638 36 53 0.059
910 592 13 15 0.057
971 567 12 18 0.051
746 588 9 10 0.039
919 598 14 15 0.030
929 601 12 15 0.029
976 543 12 18 0.028
150 597 11 15 0.023
743 592 9 12 0.020
750 591 9 10 0.019
774 590 8 10 0.019
915 592 12 15 0.017
313 588 9 11 0.016
197 563 8 9 0.015
746 590 10 12 0.012
751 646 22 34 0.011
170 561 8 10 0.010
726 590 9 11 0.010
