5_Car_Accident_Accident_5_234
195
659 486 20 25 0.722
430 589 23 28 0.677
423 507 18 21 0.667
451 337 16 19 0.602
802 256 11 15 0.591
353 464 18 20 0.588
473 330 14 17 0.569
810 316 14 16 0.552
886 288 13 15 0.548
271 555 17 24 0.525
867 352 15 17 0.516
787 296 11 16 0.481
809 234 10 13 0.477
793 350 12 18 0.472
429 404 13 18 0.374
874 258 12 13 0.373
450 185 8 9 0.367
415 314 12 14 0.350
346 330 10 14 0.343
324 432 16 20 0.330
425 429 14 19 0.329
777 231 10 12 0.328
338 347 11 17 0.316
349 427 14 17 0.311
451 170 6 7 0.309
810 279 11 13 0.280
12 569 19 23 0.277
772 137 7 8 0.238
270 388 13 17 0.233
758 330 11 15 0.225
308 478 18 21 0.214
433 170 6 7 0.189
382 318 10 14 0.186
562 147 6 6 0.181
728 121 6 7 0.168
430 420 13 22 0.162
775 194 8 10 0.160
649 638 20 19 0.156
335 312 11 13 0.155
182 424 13 18 0.151
781 207 9 11 0.149
138 543 21 24 0.149
147 270 6 7 0.143
851 543 15 25 0.139
485 168 5 6 0.130
538 159 5 6 0.126
535 159 5 6 0.125
792 662 24 23 0.110
776 277 12 14 0.106
520 156 6 6 0.094
754 212 8 11 0.092
774 232 9 11 0.083
500 169 6 7 0.083
773 172 7 9 0.081
787 137 7 8 0.080
750 121 6 8 0.075
647 172 6 7 0.074
878 259 11 13 0.072
502 166 5 7 0.071
784 207 10 12 0.071
777 198 9 12 0.070
612 165 5 7 0.069
792 104 7 9 0.067
377 315 10 15 0.064
519 186 6 8 0.063
196 482 16 20 0.062
312 473 16 22 0.061
549 160 6 7 0.060
770 137 6 8 0.058
542 146 5 6 0.058
429 169 6 8 0.057
721 351 14 18 0.057
121 271 6 8 0.056
330 408 13 15 0.056
806 280 10 12 0.055
487 166 5 7 0.055
779 137 8 8 0.051
726 120 6 8 0.050
813 235 10 12 0.048
845 484 12 19 0.048
486 193 6 8 0.047
773 275 12 15 0.046
411 346 11 15 0.045
490 168 6 7 0.045
483 167 5 7 0.044
307 400 11 15 0.043
674 117 6 8 0.043
614 165 5 7 0.042
643 125 6 7 0.042
806 238 10 14 0.041
267 386 12 17 0.041
421 432 14 18 0.041
539 145 5 6 0.040
871 253 11 14 0.039
696 112 6 6 0.038
667 388 13 15 0.037
328 416 14 19 0.037
358 363 12 16 0.037
323 325 10 14 0.036
805 316 13 16 0.036
219 396 11 17 0.036
859 234 8 12 0.036
677 119 6 7 0.036
490 170 6 7 0.036
598 180 5 6 0.035
332 310 11 14 0.035
772 149 8 11 0.034
421 172 6 8 0.034
754 121 6 7 0.034
855 188 10 13 0.033
177 419 11 19 0.033
521 189 6 8 0.033
672 115 7 8 0.032
559 122 5 7 0.031
591 127 5 6 0.031
451 168 6 7 0.029
18 572 21 22 0.029
547 191 6 7 0.028
587 127 5 6 0.027
118 272 5 8 0.027
661 634 18 20 0.026
788 135 6 7 0.025
768 169 8 10 0.025
787 106 7 9 0.024
333 405 13 15 0.024
389 319 10 13 0.024
338 405 13 15 0.023
358 292 10 12 0.023
407 345 12 16 0.023
795 347 13 18 0.023
360 290 9 11 0.023
816 234 10 12 0.022
373 327 9 16 0.022
745 196 8 10 0.022
646 124 6 6 0.021
773 175 8 10 0.021
453 187 6 8 0.021
276 399 13 15 0.020
304 480 17 21 0.020
143 428 13 19 0.020
274 402 13 16 0.019
750 204 9 12 0.019
581 125 5 6 0.019
583 535 15 19 0.019
641 126 6 7 0.018
605 163 5 6 0.018
355 295 10 12 0.018
520 158 5 7 0.018
775 108 6 7 0.018
651 173 5 6 0.018
431 168 6 7 0.017
258 438 13 17 0.017
188 428 12 17 0.017
126 568 19 24 0.017
434 168 6 7 0.017
579 159 6 6 0.017
748 196 8 10 0.016
0 485 9 20 0.016
146 431 15 19 0.016
460 461 14 18 0.016
641 547 15 20 0.016
589 139 5 7 0.016
364 360 10 15 0.015
373 335 9 14 0.015
798 162 8 10 0.014
252 482 18 20 0.014
310 398 12 15 0.014
814 318 13 17 0.014
12 560 16 26 0.014
651 108 5 6 0.014
355 367 11 15 0.014
589 528 17 23 0.014
152 528 18 24 0.014
426 404 18 25 0.014
344 402 12 17 0.013
544 190 5 7 0.013
303 404 10 15 0.013
796 185 10 13 0.013
816 277 10 14 0.013
499 186 6 7 0.012
579 143 6 7 0.012
808 652 19 24 0.012
596 183 5 7 0.012
644 642 18 19 0.012
521 157 7 8 0.012
549 190 6 8 0.012
153 423 14 20 0.011
264 443 15 16 0.011
861 234 10 11 0.011
698 110 6 7 0.011
249 428 12 18 0.011
749 211 9 13 0.011
333 346 11 17 0.011
606 572 14 19 0.010
850 189 10 13 0.010
