5_Car_Accident_Accident_5_628
68
267 277 28 33 0.747
327 216 24 28 0.726
176 216 25 33 0.712
232 232 24 30 0.698
857 202 24 30 0.679
0 237 14 41 0.677
377 148 24 31 0.665
441 188 22 28 0.662
77 215 27 30 0.652
937 288 28 31 0.626
157 309 27 37 0.618
916 238 21 27 0.617
283 171 23 29 0.589
45 150 22 27 0.567
578 24 24 32 0.355
1007 100 16 27 0.309
337 383 25 28 0.220
381 53 21 25 0.219
524 356 26 32 0.199
903 218 20 24 0.184
381 205 24 32 0.171
99 340 32 38 0.165
942 332 27 37 0.139
583 266 31 38 0.114
401 184 24 29 0.112
1 159 20 28 0.104
404 178 21 25 0.086
722 335 23 34 0.080
281 359 26 33 0.069
997 242 24 26 0.067
339 187 24 27 0.064
375 89 19 22 0.058
1015 375 9 45 0.058
406 190 23 28 0.057
101 319 32 37 0.055
1002 272 19 32 0.052
735 247 18 24 0.051
275 228 19 23 0.046
511 364 22 28 0.046
23 197 21 26 0.040
91 348 33 39 0.033
334 187 20 26 0.031
478 157 20 29 0.028
89 216 21 27 0.028
104 332 28 36 0.028
758 108 20 26 0.027
670 267 23 29 0.023
953 334 27 38 0.023
851 306 27 35 0.022
740 140 22 26 0.022
697 320 23 31 0.018
347 190 21 25 0.018
896 213 18 24 0.017
888 335 24 35 0.016
574 30 24 32 0.015
335 388 30 36 0.014
295 346 22 29 0.013
938 334 22 29 0.013
582 267 21 27 0.013
0 172 13 26 0.012
48 162 21 26 0.012
370 53 22 24 0.012
399 174 20 24 0.011
637 251 24 28 0.011
892 328 23 32 0.011
849 316 27 36 0.011
673 263 18 23 0.011
801 193 21 26 0.010
