5_Car_Accident_Accident_5_460
64
113 313 19 22 0.668
237 308 12 16 0.488
64 311 12 18 0.441
128 290 14 17 0.436
866 364 11 15 0.402
155 306 11 19 0.393
218 96 7 9 0.374
184 313 11 13 0.342
273 315 9 12 0.288
212 310 10 15 0.270
919 352 10 13 0.260
389 130 6 7 0.242
2 295 13 22 0.233
975 351 7 8 0.233
465 137 5 7 0.227
426 136 6 7 0.199
255 106 6 8 0.196
252 106 7 8 0.188
346 115 6 7 0.171
319 113 6 8 0.154
467 137 6 8 0.129
286 317 10 12 0.124
977 352 7 8 0.096
425 309 11 13 0.086
386 130 7 7 0.085
50 66 8 10 0.083
318 329 9 11 0.083
317 318 8 10 0.074
49 72 9 12 0.063
188 311 9 13 0.056
213 114 7 10 0.054
267 315 9 12 0.044
0 302 12 23 0.044
258 313 9 12 0.038
321 331 8 11 0.037
921 356 10 12 0.034
895 364 10 13 0.033
924 353 10 13 0.031
50 312 14 19 0.029
169 293 10 13 0.028
49 76 9 12 0.026
974 350 6 8 0.024
916 352 9 12 0.024
467 141 7 8 0.022
316 114 6 8 0.022
46 75 9 11 0.021
341 115 6 7 0.020
316 112 6 8 0.017
890 358 10 12 0.017
978 349 6 8 0.017
390 133 6 7 0.017
44 64 9 11 0.015
222 97 6 8 0.015
318 316 8 9 0.014
122 316 16 18 0.013
310 345 9 12 0.013
291 319 9 12 0.013
306 346 10 14 0.011
93 334 17 21 0.011
78 330 14 19 0.011
214 97 7 9 0.011
863 367 11 13 0.011
470 145 6 7 0.011
350 115 6 7 0.010
