5_Car_Accident_Car_Crash_5_51
38
771 267 19 24 0.733
518 234 11 14 0.474
745 265 18 25 0.355
835 241 15 21 0.311
1000 240 24 34 0.196
951 253 28 35 0.130
708 256 19 22 0.085
248 237 6 8 0.084
109 244 7 7 0.084
278 245 10 14 0.083
246 237 6 8 0.049
198 250 7 8 0.048
253 236 6 8 0.041
276 245 8 11 0.038
112 243 6 7 0.036
259 246 7 8 0.036
195 248 7 8 0.036
193 249 7 8 0.035
257 235 6 7 0.035
185 248 6 8 0.031
713 262 17 21 0.031
196 249 8 9 0.029
705 252 18 22 0.025
75 242 5 7 0.023
76 243 6 7 0.023
358 245 9 10 0.022
594 216 12 15 0.018
180 247 6 8 0.016
114 243 9 9 0.015
210 253 7 7 0.014
830 242 15 20 0.013
831 234 16 22 0.013
286 337 17 19 0.012
275 250 10 14 0.012
838 245 16 20 0.012
207 252 7 8 0.011
960 252 25 33 0.011
364 246 8 9 0.011
