5_Car_Accident_Accident_5_77
88
931 48 37 47 0.791
290 76 22 28 0.764
377 61 23 28 0.762
230 68 22 27 0.756
185 76 22 27 0.751
491 67 20 26 0.746
540 78 20 24 0.739
886 57 28 35 0.731
519 37 16 19 0.720
574 66 25 32 0.712
112 87 22 28 0.711
446 85 23 25 0.708
627 60 25 33 0.705
760 34 24 31 0.685
812 52 25 31 0.680
692 69 25 30 0.663
589 43 18 23 0.655
439 53 21 26 0.638
712 7 12 17 0.634
795 21 11 15 0.626
982 47 18 25 0.624
796 57 15 21 0.619
654 60 23 29 0.618
873 59 13 15 0.610
32 8 12 16 0.588
717 65 24 31 0.555
741 25 9 13 0.553
392 -2 12 13 0.490
738 53 14 18 0.407
2 0 12 15 0.402
637 59 26 32 0.366
21 27 13 16 0.359
204 0 15 14 0.340
883 46 11 16 0.337
915 60 15 22 0.292
678 27 11 13 0.291
473 0 12 11 0.218
795 53 13 20 0.196
81 59 21 39 0.174
0 109 9 22 0.159
322 0 13 11 0.118
410 54 14 21 0.106
620 0 10 11 0.097
962 40 19 26 0.097
639 22 11 14 0.092
767 21 11 13 0.089
919 51 36 43 0.081
958 46 21 28 0.072
162 -1 16 11 0.067
917 50 21 33 0.066
405 56 15 21 0.054
994 66 13 17 0.054
672 25 11 13 0.052
744 60 15 21 0.046
872 54 17 23 0.044
328 75 13 21 0.042
3 45 21 29 0.040
318 -1 13 11 0.034
624 1 9 10 0.034
633 17 12 14 0.029
991 281 31 33 0.027
92 14 14 19 0.026
746 54 14 20 0.025
482 40 15 17 0.025
643 19 10 15 0.022
747 65 17 22 0.022
321 76 15 20 0.021
635 27 13 17 0.020
478 41 14 17 0.020
173 9 14 16 0.020
2 108 13 22 0.017
683 25 9 12 0.016
138 186 19 22 0.016
685 2 8 10 0.016
752 22 13 19 0.015
917 53 14 19 0.015
160 0 14 14 0.015
389 1 12 14 0.015
617 3 11 13 0.014
477 1 11 12 0.013
879 43 20 25 0.012
957 37 19 23 0.012
611 57 15 21 0.011
29 27 11 15 0.011
769 20 8 9 0.011
16 24 20 25 0.011
687 0 8 9 0.011
830 31 9 10 0.010
