43_Row_Boat_Canoe_43_942
26
179 476 25 29 0.785
467 436 20 25 0.772
370 452 24 27 0.767
910 460 26 28 0.746
265 383 14 16 0.644
367 512 20 34 0.643
1001 394 12 14 0.605
835 386 14 14 0.526
401 252 5 6 0.112
759 362 8 9 0.091
553 382 11 12 0.044
399 251 5 6 0.036
410 153 5 6 0.026
403 252 4 5 0.024
344 380 6 8 0.023
341 379 7 8 0.021
795 365 8 9 0.017
403 254 5 6 0.017
340 379 9 12 0.016
756 362 8 9 0.016
399 255 5 5 0.015
398 250 8 9 0.013
603 145 5 6 0.013
557 377 10 12 0.011
831 392 14 15 0.011
831 386 13 14 0.011
