43_Row_Boat_Canoe_43_325
55
990 364 15 20 0.744
916 420 18 23 0.703
187 384 16 20 0.676
797 415 17 24 0.667
692 397 18 22 0.646
321 401 11 20 0.606
449 406 14 18 0.491
493 379 17 21 0.453
375 328 9 11 0.380
573 407 14 16 0.323
386 375 15 24 0.297
315 358 9 11 0.247
248 382 14 19 0.232
604 401 13 18 0.203
595 352 8 9 0.202
423 353 9 11 0.194
547 359 9 11 0.191
469 347 7 10 0.155
133 378 14 20 0.153
657 351 10 12 0.141
227 351 8 9 0.129
690 361 8 9 0.115
500 364 10 13 0.109
445 403 12 18 0.101
449 390 11 15 0.096
490 377 15 19 0.089
160 333 8 11 0.082
568 400 13 17 0.075
426 353 8 10 0.074
689 360 7 8 0.073
130 357 9 11 0.070
600 402 12 14 0.068
372 328 9 11 0.066
444 394 10 16 0.035
599 352 7 9 0.033
577 410 15 16 0.032
609 402 14 20 0.032
791 369 8 11 0.031
543 356 10 11 0.029
345 405 11 15 0.027
439 401 13 17 0.026
571 397 12 15 0.026
610 392 14 21 0.022
499 384 15 17 0.019
659 354 9 12 0.018
594 349 11 14 0.017
383 375 13 22 0.015
499 376 15 20 0.013
797 410 14 21 0.012
276 389 14 14 0.012
270 387 14 16 0.012
379 332 10 14 0.012
554 428 14 16 0.012
570 402 20 24 0.011
467 344 11 15 0.010
