29_Students_Schoolkids_Students_Schoolkids_29_432
39
588 0 77 59 0.775
888 155 85 101 0.733
175 480 18 21 0.293
204 483 16 19 0.233
126 465 16 20 0.148
144 483 17 21 0.146
148 338 19 21 0.112
791 439 76 111 0.110
477 287 71 57 0.108
717 41 103 122 0.099
145 322 19 22 0.080
148 328 19 24 0.058
185 483 16 20 0.049
200 363 11 15 0.049
263 608 64 76 0.047
115 571 26 34 0.039
190 328 15 18 0.032
107 498 22 27 0.031
151 475 13 20 0.026
403 70 42 54 0.020
24 505 15 22 0.019
198 466 12 16 0.019
195 489 12 14 0.019
274 443 26 28 0.017
105 499 17 21 0.016
920 172 89 100 0.015
451 736 73 103 0.015
500 298 45 44 0.013
154 337 18 21 0.012
113 511 20 24 0.012
368 296 17 21 0.012
146 346 66 77 0.012
170 483 16 18 0.012
24 364 44 54 0.012
954 197 66 75 0.011
95 472 51 72 0.011
114 516 22 27 0.010
108 557 38 52 0.010
97 478 13 17 0.010
