29_Students_Schoolkids_Students_Schoolkids_29_310
30
96 205 60 78 0.875
652 188 59 70 0.865
283 195 56 79 0.859
832 208 64 80 0.858
469 197 54 71 0.856
541 155 111 125 0.797
764 181 76 110 0.687
361 205 107 139 0.685
659 384 11 14 0.671
837 407 12 15 0.669
859 399 12 15 0.566
679 379 11 13 0.551
469 417 11 13 0.547
704 381 9 11 0.474
884 399 11 12 0.371
488 414 10 13 0.343
80 397 11 14 0.323
480 415 12 13 0.139
355 405 11 12 0.126
389 407 7 8 0.108
102 396 12 13 0.106
372 404 9 10 0.088
511 420 9 11 0.077
515 424 13 13 0.048
125 402 9 10 0.026
840 408 12 15 0.024
439 432 18 21 0.020
517 426 14 16 0.015
662 382 11 13 0.013
527 442 13 15 0.012
