29_Students_Schoolkids_Students_Schoolkids_29_624
72
146 148 46 57 0.850
559 283 17 25 0.679
283 255 8 9 0.587
760 260 11 13 0.556
101 262 8 9 0.549
253 252 7 9 0.531
60 258 8 11 0.530
798 252 7 9 0.504
343 247 7 9 0.492
204 262 9 10 0.482
40 270 7 9 0.465
405 251 7 9 0.459
508 251 7 7 0.320
672 243 7 9 0.294
692 250 9 12 0.253
824 240 8 10 0.247
1009 261 11 15 0.188
962 249 9 11 0.160
543 242 7 8 0.136
545 243 6 8 0.117
209 263 7 9 0.114
738 247 6 8 0.113
796 251 6 10 0.108
688 249 10 12 0.095
696 250 10 12 0.093
817 251 7 9 0.084
813 252 7 9 0.078
1010 257 9 11 0.078
684 262 8 10 0.072
282 252 7 9 0.064
509 275 6 8 0.062
699 253 9 11 0.062
964 246 10 13 0.054
98 262 8 9 0.052
584 244 5 7 0.048
739 250 8 11 0.046
56 262 8 10 0.046
686 259 8 11 0.043
253 255 8 9 0.043
740 246 7 7 0.042
744 257 7 11 0.041
585 242 5 7 0.040
494 249 6 7 0.033
759 243 7 8 0.032
547 242 6 8 0.032
491 253 6 7 0.031
743 261 9 12 0.025
250 255 8 10 0.023
286 254 7 8 0.022
671 240 7 10 0.022
955 251 9 10 0.022
539 245 6 7 0.021
519 257 6 8 0.018
759 248 8 9 0.018
536 285 7 10 0.017
728 252 6 8 0.017
487 261 5 6 0.015
819 240 8 9 0.015
492 250 8 9 0.015
724 253 6 8 0.014
832 246 8 10 0.014
764 249 7 9 0.013
583 241 8 10 0.013
747 247 9 10 0.013
370 255 6 6 0.013
797 250 10 13 0.013
585 240 5 7 0.012
543 307 10 13 0.012
226 297 10 11 0.011
376 252 5 6 0.011
959 254 9 11 0.010
1005 255 8 10 0.010
