29_Students_Schoolkids_Students_Schoolkids_29_489
25
442 233 117 138 0.866
820 57 58 73 0.848
518 9 43 59 0.817
619 136 86 108 0.797
112 25 44 50 0.750
286 16 33 47 0.736
402 57 34 46 0.675
316 8 26 42 0.650
587 -1 24 42 0.600
19 178 55 101 0.442
952 39 39 54 0.340
892 -5 38 29 0.323
1 168 33 94 0.108
0 58 22 52 0.059
960 30 36 51 0.042
1010 52 13 42 0.037
763 86 14 16 0.035
7 162 47 96 0.030
767 127 16 32 0.022
413 62 35 46 0.016
905 1 44 48 0.014
2 62 32 55 0.011
801 99 9 12 0.011
0 175 21 66 0.011
759 86 14 16 0.010
