29_Students_Schoolkids_Students_Schoolkids_29_684
46
456 39 50 63 0.847
210 61 53 66 0.798
789 479 8 9 0.402
293 510 8 9 0.284
989 472 7 7 0.282
321 518 6 7 0.183
829 464 6 8 0.172
215 536 6 8 0.118
788 476 7 9 0.106
964 465 9 11 0.106
659 491 6 9 0.075
852 469 7 9 0.066
1003 466 6 8 0.063
554 505 6 8 0.062
463 517 5 6 0.057
699 500 6 7 0.056
955 456 7 9 0.046
850 467 8 9 0.045
321 516 5 6 0.041
660 494 7 7 0.040
216 537 7 8 0.039
552 506 6 8 0.034
212 538 7 8 0.032
965 461 8 10 0.032
214 535 6 7 0.031
65 522 5 7 0.029
1006 464 6 7 0.027
841 466 8 10 0.025
1005 467 6 8 0.025
673 498 7 7 0.022
960 456 8 9 0.021
330 522 6 6 0.020
639 497 6 7 0.019
959 465 8 10 0.019
321 518 8 10 0.018
443 515 4 6 0.017
854 468 6 8 0.017
342 525 6 7 0.016
338 525 5 7 0.014
443 516 5 6 0.014
702 500 6 7 0.013
348 526 6 7 0.012
643 495 6 7 0.012
461 518 6 6 0.011
361 135 33 37 0.011
208 573 6 8 0.011
