29_Students_Schoolkids_Students_Schoolkids_29_21
43
462 155 105 133 0.869
742 198 128 173 0.859
315 91 56 76 0.831
210 107 52 63 0.827
947 63 55 66 0.817
879 12 38 49 0.816
74 142 73 85 0.811
73 61 37 46 0.810
452 58 45 57 0.801
764 60 57 69 0.794
114 55 39 48 0.793
614 56 51 67 0.786
729 36 36 47 0.782
990 31 34 43 0.777
154 81 49 64 0.765
582 14 27 34 0.746
581 52 33 46 0.744
924 37 40 48 0.742
434 32 33 45 0.726
12 71 27 36 0.719
405 51 25 32 0.708
807 20 31 39 0.697
468 23 26 32 0.672
663 27 29 37 0.639
492 81 74 79 0.518
588 51 40 52 0.475
364 74 33 42 0.424
738 14 28 33 0.235
500 50 30 42 0.233
499 57 44 59 0.161
0 104 13 40 0.154
156 54 24 29 0.135
376 80 30 37 0.099
388 80 27 33 0.037
491 72 51 67 0.029
467 24 35 45 0.022
433 51 35 45 0.020
491 60 32 45 0.018
507 46 31 38 0.016
61 90 21 29 0.013
518 103 55 60 0.012
117 47 56 71 0.012
372 80 23 29 0.011
