29_Students_Schoolkids_Students_Schoolkids_29_10
31
658 366 26 32 0.790
526 375 23 29 0.788
482 366 22 29 0.774
576 335 23 29 0.770
457 291 20 24 0.768
526 316 18 23 0.754
465 327 20 27 0.754
629 350 23 25 0.748
424 352 24 30 0.710
559 279 13 17 0.690
614 320 18 22 0.658
525 274 11 15 0.554
484 301 15 18 0.332
508 283 14 16 0.174
515 279 14 17 0.146
482 272 12 15 0.100
475 275 13 14 0.040
597 290 12 15 0.038
984 630 5 6 0.025
555 282 15 19 0.025
523 358 18 20 0.022
524 363 20 25 0.022
640 350 20 23 0.019
510 374 17 22 0.018
926 631 6 7 0.018
466 279 15 17 0.016
913 629 5 6 0.016
928 629 5 6 0.015
985 632 5 6 0.014
123 188 18 21 0.013
544 199 15 20 0.012
