29_Students_Schoolkids_Students_Schoolkids_29_316
32
636 179 109 146 0.877
257 13 68 84 0.863
290 122 76 99 0.851
167 152 103 127 0.850
158 20 50 59 0.830
28 130 75 92 0.827
830 9 78 91 0.826
409 0 45 50 0.822
885 96 84 98 0.819
552 103 87 110 0.817
503 -6 68 61 0.809
97 0 58 62 0.807
710 -8 58 60 0.805
328 19 57 71 0.785
763 -1 50 57 0.783
938 -4 66 75 0.782
0 54 62 88 0.782
209 19 42 58 0.730
563 3 45 55 0.718
655 -1 37 44 0.702
61 -7 39 43 0.691
480 16 35 54 0.401
82 -4 55 55 0.302
1010 4 15 44 0.152
380 8 34 41 0.138
0 139 13 79 0.039
187 12 61 73 0.036
600 -3 43 48 0.016
368 6 40 51 0.015
1004 -5 23 47 0.012
696 -11 52 52 0.011
487 5 32 54 0.010
