29_Students_Schoolkids_Students_Schoolkids_29_130
26
103 260 54 64 0.782
377 166 43 51 0.761
602 429 48 62 0.583
240 240 30 33 0.576
534 246 29 36 0.569
374 238 28 26 0.304
15 234 13 15 0.235
681 499 36 57 0.223
40 245 14 21 0.155
478 208 17 23 0.135
543 252 22 28 0.116
321 203 13 19 0.096
156 253 21 29 0.059
250 290 28 32 0.058
613 420 46 53 0.045
27 298 25 43 0.032
240 247 35 46 0.029
3 251 13 22 0.024
628 416 28 42 0.020
690 484 42 60 0.017
361 199 11 14 0.017
3 247 11 17 0.015
797 156 16 21 0.013
33 241 16 19 0.012
35 249 16 21 0.010
603 403 41 47 0.010
