29_Students_Schoolkids_Students_Schoolkids_29_66
27
397 104 36 46 0.842
321 105 39 49 0.809
450 168 35 44 0.783
648 126 33 45 0.770
321 194 29 51 0.715
476 125 28 44 0.686
193 90 28 40 0.669
17 139 22 39 0.658
0 163 16 45 0.656
113 126 24 42 0.635
816 179 24 34 0.562
705 200 21 43 0.541
173 145 21 41 0.494
284 116 24 39 0.477
779 141 20 34 0.343
919 174 20 35 0.306
911 170 21 38 0.068
182 99 31 46 0.055
985 141 22 29 0.044
290 111 27 44 0.028
999 145 19 32 0.022
120 134 22 38 0.022
925 177 22 30 0.021
172 127 32 51 0.018
577 114 23 33 0.015
912 166 32 46 0.012
913 208 18 21 0.011
