5_Car_Accident_Accident_5_77
93
290 77 23 27 0.794
490 67 21 26 0.788
231 68 21 26 0.785
186 76 21 27 0.782
931 47 36 47 0.768
541 78 20 24 0.764
377 61 22 28 0.761
887 58 26 34 0.745
653 60 24 30 0.723
113 88 21 26 0.713
813 53 24 30 0.700
520 38 15 18 0.698
589 43 20 25 0.696
982 47 19 24 0.690
574 64 25 34 0.689
873 58 12 16 0.682
447 84 22 26 0.679
627 60 25 33 0.678
692 69 24 30 0.677
759 34 25 32 0.671
794 22 12 14 0.665
711 8 13 15 0.651
795 57 18 21 0.610
717 65 23 30 0.601
739 25 10 13 0.587
440 54 22 26 0.574
32 9 11 13 0.530
391 -2 12 13 0.494
737 52 15 19 0.491
3 0 11 13 0.446
205 0 14 14 0.369
82 58 20 38 0.303
22 27 13 15 0.288
140 190 14 18 0.277
518 41 17 22 0.264
584 47 24 31 0.257
1 108 8 21 0.253
883 49 10 12 0.225
914 57 17 23 0.185
679 27 10 13 0.154
659 64 25 29 0.145
325 1 11 11 0.131
474 0 11 13 0.131
964 44 18 22 0.118
479 39 16 18 0.109
767 21 11 12 0.102
801 59 20 25 0.101
50 23 11 15 0.084
881 46 14 18 0.081
920 49 27 39 0.064
37 14 12 15 0.059
997 66 12 16 0.057
2 107 12 21 0.040
0 103 7 21 0.037
173 9 14 14 0.035
170 7 14 14 0.035
918 52 13 18 0.033
636 30 12 15 0.030
871 54 17 23 0.027
389 0 11 14 0.027
466 202 25 36 0.026
1 112 10 25 0.026
955 45 24 32 0.026
329 77 11 16 0.025
741 56 14 19 0.025
639 25 10 14 0.023
685 1 8 9 0.023
477 0 11 10 0.023
994 276 27 33 0.022
317 79 12 17 0.021
768 19 8 10 0.020
617 3 7 8 0.020
671 27 10 12 0.020
166 2 13 13 0.019
29 29 11 15 0.019
754 28 12 17 0.019
688 0 8 9 0.018
592 27 9 12 0.017
641 19 9 13 0.017
621 18 11 12 0.016
314 88 12 17 0.015
746 50 17 21 0.015
886 48 12 14 0.015
644 18 9 11 0.015
643 17 7 10 0.014
593 30 12 14 0.013
412 51 13 19 0.013
321 79 11 14 0.013
4 48 16 24 0.012
27 34 14 17 0.011
3 40 15 20 0.011
33 40 11 14 0.011
614 5 7 9 0.010
