5_Car_Accident_Accident_5_66
30
23 239 31 41 0.778
955 227 14 22 0.584
489 148 8 9 0.450
407 137 8 10 0.444
457 143 8 10 0.404
610 141 7 8 0.331
674 148 7 7 0.232
613 141 6 8 0.172
262 140 7 9 0.117
405 139 8 10 0.106
676 149 6 7 0.106
672 146 8 10 0.084
456 142 7 9 0.077
432 184 31 35 0.052
686 215 10 12 0.052
491 150 7 8 0.045
135 149 8 9 0.034
409 135 7 10 0.030
677 146 7 9 0.023
199 111 13 16 0.022
804 193 10 13 0.017
488 151 7 8 0.016
797 138 5 7 0.014
962 227 11 19 0.013
671 149 9 10 0.013
120 161 6 7 0.013
0 508 41 218 0.013
687 213 15 18 0.011
436 171 11 11 0.011
237 153 11 12 0.010
