5_Car_Accident_Accident_5_203
25
787 289 22 32 0.660
623 234 13 17 0.563
1010 337 14 28 0.546
486 208 13 16 0.219
755 268 7 10 0.104
620 234 12 16 0.102
425 227 16 22 0.079
40 145 9 10 0.033
431 227 15 20 0.032
139 198 48 50 0.029
1012 328 13 31 0.028
714 299 8 11 0.026
965 172 9 10 0.026
725 271 7 8 0.022
228 251 17 19 0.020
629 233 11 16 0.017
710 299 11 13 0.015
489 213 12 15 0.015
20 153 8 10 0.014
118 264 20 24 0.013
622 338 17 22 0.013
235 249 18 21 0.012
462 216 6 8 0.012
420 227 14 20 0.011
720 274 6 7 0.011
