5_Car_Accident_Accident_5_633
36
242 279 16 23 0.627
100 76 56 115 0.591
162 284 16 24 0.565
448 453 85 63 0.530
854 326 15 17 0.468
817 320 10 13 0.466
418 295 10 13 0.423
800 326 11 13 0.408
491 274 37 43 0.351
387 298 10 12 0.238
614 289 34 40 0.235
729 317 9 12 0.233
639 283 31 42 0.094
731 318 12 15 0.091
1005 471 18 27 0.077
157 289 18 22 0.072
552 271 16 20 0.070
826 321 14 16 0.068
787 328 10 13 0.057
725 315 13 18 0.056
784 331 10 11 0.055
795 325 10 12 0.034
652 283 23 35 0.028
938 322 10 12 0.025
659 277 28 40 0.022
659 355 33 47 0.020
429 282 8 10 0.020
820 315 10 13 0.020
939 321 14 17 0.018
149 286 16 21 0.017
162 410 14 15 0.017
416 292 15 18 0.013
548 270 22 29 0.012
251 280 13 19 0.012
842 328 12 14 0.011
561 275 14 20 0.011
