5_Car_Accident_Car_Crash_5_51
41
771 268 19 22 0.755
518 234 12 15 0.415
710 255 17 20 0.294
834 241 14 17 0.291
744 268 17 22 0.269
277 242 10 13 0.129
110 244 7 8 0.109
713 259 18 22 0.067
196 248 7 7 0.064
199 249 7 8 0.051
115 243 6 8 0.044
1003 243 20 24 0.042
186 248 6 8 0.035
182 248 6 7 0.030
247 239 6 7 0.030
750 271 15 21 0.029
276 248 11 14 0.029
274 239 9 12 0.026
750 259 14 22 0.025
274 251 10 14 0.025
116 243 8 9 0.024
952 257 21 25 0.024
197 251 6 8 0.023
123 245 6 7 0.023
736 267 18 24 0.023
245 239 6 7 0.022
246 241 7 7 0.020
111 227 5 7 0.020
210 251 7 8 0.017
274 260 9 12 0.017
259 247 7 7 0.016
207 252 7 8 0.015
127 246 6 7 0.014
836 202 14 15 0.013
257 233 6 8 0.013
594 214 11 15 0.013
835 226 15 20 0.012
835 247 12 15 0.012
249 239 9 11 0.011
77 241 5 7 0.011
969 252 16 20 0.011
