5_Car_Accident_Accident_5_388
24
137 159 20 26 0.760
67 134 22 22 0.574
215 267 18 20 0.574
452 201 11 14 0.389
881 163 9 13 0.287
814 162 12 15 0.124
902 159 11 13 0.078
883 161 11 14 0.078
481 326 11 15 0.059
488 146 21 25 0.048
251 248 14 19 0.043
842 166 11 13 0.026
838 162 11 13 0.025
898 163 11 13 0.025
907 163 10 11 0.024
921 162 11 14 0.020
448 200 11 15 0.018
835 161 11 14 0.018
907 158 10 13 0.015
913 160 12 15 0.015
395 211 14 18 0.015
388 211 14 19 0.013
832 157 11 13 0.012
926 160 12 15 0.010
