5_Car_Accident_Car_Crash_5_94
27
518 291 11 14 0.511
553 302 7 9 0.469
627 300 7 9 0.441
612 298 7 8 0.410
586 302 6 7 0.375
250 351 32 40 0.283
614 299 6 8 0.233
584 303 6 7 0.225
455 311 7 9 0.152
631 300 6 8 0.118
454 308 6 9 0.098
628 297 5 8 0.097
459 313 7 9 0.075
611 297 6 8 0.061
930 245 14 17 0.041
775 4 27 68 0.036
907 251 13 16 0.036
610 300 6 8 0.033
608 316 6 8 0.030
263 357 32 35 0.027
484 302 5 6 0.024
272 353 25 30 0.020
96 328 19 25 0.020
487 302 5 7 0.019
1 393 15 31 0.018
240 345 29 38 0.015
903 311 20 24 0.015
