5_Car_Accident_Accident_5_668
25
883 237 18 21 0.698
502 229 17 21 0.532
913 233 11 14 0.462
722 197 29 35 0.453
525 228 51 65 0.115
518 185 30 36 0.090
410 228 11 14 0.048
569 236 25 32 0.044
460 243 12 15 0.038
572 231 18 22 0.035
752 262 24 35 0.033
758 195 16 22 0.029
571 227 15 18 0.024
870 241 8 11 0.022
756 268 35 41 0.016
897 224 12 14 0.015
565 242 30 37 0.015
724 265 16 25 0.014
871 243 10 11 0.014
580 237 18 22 0.013
1016 223 8 12 0.013
713 203 28 33 0.013
773 215 15 19 0.010
578 243 19 24 0.010
750 202 19 26 0.010
