5_Car_Accident_Accident_5_628
91
267 278 28 33 0.763
177 217 24 33 0.735
327 217 24 26 0.702
231 234 23 27 0.698
156 309 30 41 0.695
0 237 13 39 0.693
856 202 25 30 0.684
44 150 23 30 0.672
377 149 25 31 0.671
937 287 28 33 0.655
440 189 21 26 0.649
78 215 24 28 0.579
914 237 22 28 0.552
283 179 19 24 0.486
1009 99 15 27 0.393
578 24 23 34 0.315
379 203 24 33 0.310
511 366 25 28 0.254
583 266 30 37 0.244
287 173 20 25 0.209
336 187 22 28 0.194
401 187 24 30 0.165
800 192 23 31 0.123
275 230 19 21 0.122
1014 377 10 47 0.092
636 253 21 27 0.082
101 322 29 36 0.082
582 30 24 35 0.078
669 266 28 33 0.059
700 319 21 30 0.058
901 218 21 25 0.053
722 336 25 34 0.053
941 335 25 34 0.048
880 339 29 40 0.047
851 307 27 32 0.045
373 91 18 20 0.042
280 362 24 31 0.042
300 178 18 23 0.042
1 168 17 21 0.041
99 345 28 31 0.033
340 195 20 24 0.033
98 314 29 34 0.033
89 217 21 26 0.032
670 274 31 38 0.032
582 251 30 34 0.031
107 334 27 31 0.031
1001 268 20 35 0.030
735 248 17 21 0.028
88 337 34 38 0.027
581 267 20 28 0.027
784 208 16 22 0.027
377 198 35 47 0.026
399 183 21 25 0.025
533 350 28 31 0.025
895 213 18 22 0.024
889 349 32 40 0.024
850 318 28 36 0.023
170 169 17 19 0.021
995 121 11 16 0.020
198 269 25 33 0.020
282 169 20 24 0.020
512 370 31 33 0.020
23 197 18 22 0.019
731 359 34 34 0.019
484 178 18 25 0.019
673 264 20 25 0.018
589 272 33 38 0.017
905 362 32 37 0.017
504 367 25 30 0.017
352 263 23 28 0.017
1008 350 15 38 0.017
345 190 20 25 0.016
951 339 29 37 0.016
414 92 12 14 0.015
82 346 32 34 0.015
1012 368 11 41 0.015
811 257 25 28 0.014
781 213 16 22 0.014
568 25 24 31 0.014
727 249 21 24 0.013
575 249 25 30 0.012
119 310 31 38 0.012
222 412 27 38 0.011
678 270 21 25 0.011
341 384 20 24 0.011
862 326 35 46 0.011
735 370 32 33 0.011
779 224 18 23 0.010
996 242 21 23 0.010
1012 393 9 38 0.010
727 342 31 35 0.010
