5_Car_Accident_Accident_5_777
32
759 147 14 19 0.673
825 151 13 17 0.628
503 142 19 22 0.600
635 148 17 19 0.539
795 150 12 17 0.480
725 166 14 16 0.466
630 171 15 16 0.453
599 168 11 13 0.376
553 157 11 13 0.337
521 145 13 18 0.219
549 157 12 15 0.145
642 148 14 19 0.131
632 160 15 19 0.115
722 165 12 15 0.083
527 146 12 15 0.078
377 225 15 16 0.066
942 168 13 17 0.046
380 230 14 16 0.040
545 165 14 18 0.033
1016 254 8 20 0.031
543 170 14 17 0.027
733 169 11 15 0.025
257 276 19 21 0.023
383 240 12 14 0.023
888 161 15 18 0.021
733 166 9 12 0.019
635 174 13 15 0.019
885 159 13 18 0.017
895 158 15 19 0.013
626 173 12 13 0.013
857 194 10 13 0.012
938 170 13 18 0.011
