5_Car_Accident_Accident_5_234
248
658 486 22 27 0.708
431 588 21 30 0.677
422 507 19 21 0.653
802 256 12 15 0.593
473 331 15 16 0.584
867 351 16 18 0.578
811 315 14 17 0.564
353 464 17 20 0.548
886 289 12 15 0.544
787 297 11 14 0.532
809 234 11 13 0.515
778 230 10 13 0.514
450 337 16 19 0.496
415 314 12 15 0.452
274 554 15 23 0.407
876 258 12 14 0.407
755 331 12 15 0.355
795 350 14 17 0.352
451 170 6 7 0.346
337 348 12 17 0.333
773 137 7 8 0.286
322 432 17 21 0.265
801 654 22 25 0.244
379 317 10 15 0.234
306 476 18 21 0.234
428 403 13 21 0.233
781 276 12 15 0.229
751 121 6 8 0.228
728 121 6 7 0.226
424 404 14 17 0.210
426 409 16 23 0.208
428 416 15 25 0.205
432 170 7 8 0.201
451 186 6 8 0.198
333 312 13 14 0.189
268 387 16 19 0.189
811 279 10 13 0.187
426 425 15 22 0.174
775 194 8 10 0.166
721 355 14 19 0.146
345 328 12 16 0.146
142 541 21 24 0.145
787 138 6 8 0.138
244 481 19 20 0.134
773 171 7 9 0.131
269 487 14 21 0.130
358 377 16 19 0.125
486 167 5 7 0.124
521 189 6 7 0.120
799 164 7 8 0.112
791 351 13 18 0.111
775 108 6 7 0.111
782 205 8 10 0.106
853 548 16 23 0.103
548 160 6 7 0.103
807 648 19 26 0.101
791 104 8 9 0.100
754 212 8 12 0.095
34 569 20 24 0.094
563 148 5 7 0.094
500 171 5 7 0.092
779 138 7 8 0.087
381 320 10 14 0.086
420 173 6 7 0.085
425 172 6 7 0.082
773 232 9 11 0.081
770 138 7 9 0.081
347 427 15 18 0.080
14 569 19 23 0.080
694 114 6 6 0.078
395 313 13 16 0.077
269 558 17 23 0.075
656 630 20 24 0.075
193 483 18 19 0.072
675 117 6 7 0.069
561 148 6 6 0.069
582 536 15 19 0.068
182 424 16 21 0.068
486 195 6 7 0.067
769 170 7 9 0.066
450 173 6 9 0.066
673 115 6 7 0.065
612 164 6 7 0.065
674 119 6 7 0.064
522 186 7 8 0.063
551 162 5 7 0.063
487 166 6 7 0.062
792 658 21 25 0.062
545 159 6 7 0.062
677 119 6 7 0.060
449 334 13 16 0.059
586 540 15 18 0.057
802 352 13 16 0.057
913 97 7 7 0.057
620 127 6 6 0.057
21 570 22 24 0.056
266 384 14 19 0.055
614 163 6 7 0.054
147 269 6 7 0.053
502 166 5 6 0.053
753 210 8 11 0.053
811 75 10 11 0.053
766 221 9 13 0.053
637 613 19 24 0.052
601 522 17 21 0.052
331 309 12 15 0.050
328 317 13 16 0.050
787 81 7 8 0.049
496 168 6 8 0.049
148 535 18 24 0.049
573 524 17 22 0.047
871 283 10 14 0.047
652 109 5 7 0.046
603 162 5 6 0.044
520 157 6 7 0.044
869 279 11 15 0.043
644 622 21 25 0.041
411 345 13 17 0.039
873 287 11 14 0.038
799 387 10 15 0.038
523 157 6 7 0.038
423 432 15 19 0.037
994 686 23 20 0.037
597 526 18 21 0.037
726 121 6 7 0.037
331 352 14 17 0.036
602 160 5 6 0.035
814 236 10 12 0.035
543 147 6 6 0.034
642 126 6 7 0.034
489 170 5 7 0.033
293 590 15 23 0.033
530 158 6 7 0.032
794 187 8 11 0.031
271 397 15 19 0.031
789 135 6 8 0.031
786 205 9 11 0.031
416 310 10 14 0.030
239 482 17 18 0.030
377 319 11 16 0.029
895 347 11 16 0.028
261 488 17 21 0.028
869 256 11 13 0.027
567 522 17 21 0.027
804 315 14 17 0.027
575 517 16 21 0.026
306 400 13 16 0.025
778 104 9 11 0.024
323 324 11 13 0.024
360 367 15 19 0.023
786 107 7 9 0.023
860 238 9 12 0.023
162 426 15 22 0.023
696 115 6 6 0.023
778 272 12 15 0.023
639 160 5 6 0.022
678 115 5 7 0.022
452 167 6 8 0.022
758 223 8 12 0.022
868 290 10 14 0.021
815 319 13 16 0.021
453 185 6 8 0.021
357 462 18 20 0.021
358 363 14 17 0.021
171 426 17 22 0.020
266 444 15 18 0.020
811 80 7 9 0.020
818 265 10 15 0.020
255 433 15 20 0.020
483 166 6 7 0.019
794 181 9 11 0.019
810 148 7 8 0.019
592 125 5 6 0.019
434 341 11 14 0.019
403 346 14 17 0.018
527 601 15 19 0.018
539 145 5 7 0.018
630 114 5 6 0.018
809 153 7 9 0.018
329 409 12 15 0.018
516 164 6 6 0.018
556 168 6 6 0.017
591 524 16 21 0.017
580 160 5 6 0.017
453 188 6 8 0.017
519 154 6 6 0.017
349 465 15 20 0.017
259 440 16 19 0.016
330 424 13 21 0.016
335 358 11 15 0.016
890 289 13 15 0.016
811 137 5 8 0.015
909 95 7 7 0.015
182 415 14 18 0.015
307 484 17 20 0.015
620 125 8 10 0.015
1001 166 5 6 0.015
413 402 15 18 0.014
823 233 9 11 0.014
538 177 6 8 0.014
500 169 8 10 0.014
140 547 19 22 0.014
303 403 12 16 0.014
317 432 16 21 0.014
583 124 5 6 0.014
641 160 7 8 0.014
724 352 14 19 0.014
604 571 13 19 0.014
356 368 13 18 0.014
332 346 13 18 0.014
868 248 11 13 0.014
412 376 12 16 0.013
583 129 5 6 0.013
461 403 13 19 0.013
145 529 19 25 0.013
273 442 14 18 0.013
799 661 20 23 0.013
450 188 8 9 0.013
251 478 18 22 0.013
812 152 6 9 0.013
398 348 14 17 0.013
604 528 17 21 0.013
153 526 16 23 0.013
513 337 11 16 0.013
404 290 10 11 0.013
799 202 8 11 0.013
189 427 16 19 0.012
798 191 8 10 0.012
545 155 7 10 0.012
790 102 12 15 0.012
868 271 11 15 0.012
752 671 16 19 0.012
647 634 19 22 0.012
786 188 8 10 0.012
158 425 15 20 0.011
583 533 21 26 0.011
805 528 16 27 0.011
610 162 7 9 0.011
252 431 14 19 0.011
416 171 8 9 0.011
818 233 9 13 0.011
192 420 15 19 0.011
812 142 6 9 0.011
630 117 5 6 0.011
441 189 7 7 0.010
40 548 20 27 0.010
554 154 8 9 0.010
422 340 11 14 0.010
