5_Car_Accident_Accident_5_510
62
244 250 28 32 0.706
340 212 34 39 0.706
197 289 37 44 0.698
385 238 29 37 0.687
578 451 45 65 0.679
279 274 30 38 0.655
440 243 26 35 0.504
57 242 36 53 0.496
542 235 25 29 0.452
552 266 24 33 0.436
450 463 40 53 0.400
320 281 30 38 0.350
541 267 27 34 0.310
510 553 51 56 0.269
83 262 35 48 0.161
546 256 26 34 0.147
303 257 24 30 0.146
507 224 27 29 0.144
484 464 51 52 0.136
479 256 24 34 0.124
0 271 12 32 0.092
601 268 21 28 0.087
148 287 32 37 0.070
93 277 35 42 0.062
503 228 26 31 0.060
420 255 25 31 0.059
113 236 36 45 0.053
420 237 24 29 0.052
297 250 24 28 0.043
332 255 22 25 0.042
160 288 28 35 0.042
475 241 18 27 0.032
700 263 21 28 0.032
51 253 31 39 0.027
1010 244 14 55 0.026
332 289 26 33 0.024
294 243 23 26 0.023
460 241 24 30 0.022
164 262 29 33 0.022
535 273 25 31 0.022
92 240 40 55 0.020
168 253 31 34 0.020
604 259 23 32 0.020
696 267 18 27 0.017
217 692 93 110 0.017
380 299 23 29 0.017
188 240 24 26 0.016
712 257 20 24 0.015
125 244 27 34 0.015
469 262 24 32 0.014
584 230 16 20 0.014
706 261 22 27 0.014
361 267 23 29 0.013
772 268 24 29 0.013
231 299 20 25 0.013
1014 250 10 37 0.013
354 278 23 31 0.013
0 266 22 43 0.013
-1 264 11 30 0.012
462 113 9 12 0.011
256 282 23 29 0.011
321 379 23 29 0.011
