5_Car_Accident_Accident_5_642
53
58 670 15 19 0.682
581 744 14 17 0.579
538 745 13 15 0.544
492 619 15 16 0.496
476 717 13 16 0.480
637 747 15 16 0.329
367 724 14 18 0.279
698 742 17 18 0.253
803 726 18 22 0.125
313 728 16 20 0.121
489 621 13 16 0.098
706 747 18 19 0.096
757 641 7 9 0.090
753 637 7 8 0.079
696 737 16 17 0.071
543 745 11 14 0.070
807 717 17 25 0.066
507 642 13 15 0.065
755 639 7 9 0.062
796 729 17 21 0.058
810 711 16 22 0.056
573 667 7 9 0.054
278 635 6 7 0.051
715 747 15 17 0.049
752 634 7 8 0.047
479 643 12 14 0.044
693 742 15 17 0.042
475 190 42 45 0.042
486 624 13 16 0.040
479 740 13 16 0.039
810 707 14 18 0.037
235 638 6 7 0.032
546 764 11 12 0.027
479 724 13 16 0.027
609 650 8 9 0.024
719 749 16 17 0.024
259 634 6 6 0.022
301 727 18 19 0.022
233 638 5 7 0.021
866 639 6 7 0.020
571 667 7 9 0.016
482 745 12 16 0.016
543 755 11 13 0.015
264 727 16 18 0.014
812 724 19 25 0.014
715 754 18 20 0.014
709 763 18 20 0.013
749 630 6 8 0.013
720 755 18 21 0.012
236 640 6 7 0.011
477 746 12 14 0.010
537 749 12 15 0.010
805 706 15 20 0.010
