5_Car_Accident_Accident_5_244
34
649 203 20 28 0.735
998 186 26 56 0.702
707 185 22 27 0.688
799 193 22 26 0.684
841 200 26 41 0.671
466 301 23 25 0.662
920 187 17 24 0.649
494 208 22 25 0.582
570 184 21 28 0.490
624 314 35 38 0.394
765 201 18 23 0.314
120 201 53 84 0.184
892 201 16 26 0.162
241 272 45 44 0.137
769 197 16 22 0.090
142 319 83 139 0.088
620 309 31 35 0.068
868 199 26 35 0.063
506 208 17 20 0.052
486 201 17 21 0.035
764 211 19 24 0.035
918 221 11 18 0.031
488 208 19 22 0.027
106 191 56 78 0.025
494 572 95 63 0.023
751 200 11 14 0.023
0 165 12 52 0.021
629 320 38 46 0.020
566 185 17 23 0.016
482 195 14 18 0.015
140 228 56 78 0.014
755 195 12 16 0.013
643 316 38 35 0.012
962 37 10 12 0.012
