5_Car_Accident_Accident_5_34
31
762 65 24 31 0.789
691 50 20 25 0.762
608 62 20 25 0.761
526 69 15 20 0.702
97 76 9 12 0.449
985 70 39 72 0.264
4 94 8 9 0.238
369 3 11 12 0.040
178 82 9 10 0.036
889 56 35 59 0.035
99 79 9 11 0.033
479 77 9 11 0.029
785 327 55 50 0.029
579 83 13 15 0.024
985 230 11 13 0.021
229 40 8 9 0.020
743 65 15 21 0.018
378 19 9 12 0.017
371 8 11 13 0.015
538 108 17 21 0.014
447 354 17 19 0.013
564 8 15 18 0.013
14 94 8 10 0.012
340 3 11 11 0.012
739 68 15 21 0.012
355 22 11 13 0.012
781 309 59 35 0.011
974 6 9 9 0.011
990 6 7 8 0.011
166 51 6 9 0.010
888 6 7 10 0.010
