5_Car_Accident_Accident_5_448
396
926 557 26 30 0.753
52 437 19 22 0.742
87 392 15 20 0.715
293 391 15 19 0.689
803 432 17 26 0.679
230 373 14 18 0.668
297 540 25 33 0.666
191 447 16 23 0.646
981 317 14 15 0.618
15 340 13 14 0.597
136 348 14 16 0.585
209 412 15 19 0.576
982 237 11 13 0.568
890 405 15 27 0.559
927 259 11 13 0.538
702 404 14 21 0.530
866 232 10 13 0.521
303 277 10 12 0.503
428 237 9 11 0.499
176 284 10 12 0.491
264 347 11 16 0.482
205 354 11 16 0.480
191 423 15 20 0.479
391 440 14 16 0.460
356 247 9 10 0.456
230 293 11 12 0.450
337 267 9 11 0.449
452 218 10 12 0.445
292 470 15 23 0.445
199 284 10 12 0.436
385 243 8 10 0.432
314 260 8 11 0.431
402 236 8 11 0.412
78 370 11 15 0.412
155 312 10 13 0.396
295 259 8 10 0.396
65 298 9 11 0.386
112 222 8 11 0.383
922 229 9 11 0.381
257 265 9 12 0.381
965 247 9 12 0.380
346 338 11 13 0.372
201 305 10 13 0.371
313 369 13 16 0.369
203 333 11 15 0.363
270 261 10 11 0.360
183 324 10 13 0.348
266 287 10 11 0.324
374 230 8 10 0.311
931 195 7 9 0.310
740 467 14 26 0.309
882 213 8 9 0.297
237 240 8 9 0.293
444 239 9 12 0.285
444 201 7 8 0.284
336 240 8 9 0.281
253 618 24 30 0.261
249 254 7 9 0.258
842 198 8 9 0.255
290 432 15 21 0.253
829 202 8 10 0.253
206 431 14 19 0.253
220 227 6 8 0.253
130 429 10 19 0.253
337 242 8 10 0.239
908 203 7 9 0.238
55 342 11 14 0.230
200 239 8 8 0.226
315 212 6 7 0.224
93 269 9 11 0.221
12 364 13 15 0.218
90 294 8 10 0.213
819 254 9 11 0.212
272 212 7 8 0.200
186 216 7 9 0.197
390 206 8 9 0.193
376 214 7 8 0.193
196 219 7 8 0.193
307 309 10 12 0.190
854 191 6 7 0.187
107 301 9 12 0.186
337 206 6 7 0.182
360 296 9 13 0.181
367 247 7 9 0.179
229 267 8 10 0.178
195 265 9 10 0.176
183 250 8 10 0.176
882 230 8 11 0.175
146 292 9 12 0.174
218 320 10 13 0.169
230 335 10 12 0.164
866 212 8 9 0.164
178 263 8 10 0.163
873 196 6 7 0.158
275 229 7 8 0.158
267 262 9 11 0.158
385 194 6 7 0.158
492 257 8 9 0.155
262 246 7 9 0.153
340 204 7 8 0.149
252 305 10 12 0.147
283 186 6 7 0.145
887 199 7 9 0.144
104 299 10 11 0.139
191 218 7 8 0.138
251 257 8 10 0.137
309 456 14 22 0.137
754 253 9 12 0.135
108 305 9 12 0.135
360 215 6 8 0.133
148 266 8 11 0.132
926 226 9 11 0.129
144 331 11 13 0.127
134 243 7 9 0.127
238 289 9 13 0.126
111 301 10 12 0.125
986 221 8 10 0.125
257 204 5 7 0.124
45 315 10 12 0.124
844 255 9 13 0.124
299 218 6 8 0.123
137 223 7 8 0.122
231 354 9 13 0.120
118 299 9 11 0.117
929 334 13 16 0.116
588 471 16 20 0.114
492 403 15 17 0.114
398 237 9 11 0.112
407 198 6 8 0.112
154 208 7 9 0.111
816 237 11 14 0.111
945 207 8 9 0.111
28 361 13 17 0.111
412 283 10 13 0.110
198 216 7 9 0.108
933 196 8 9 0.107
250 252 7 9 0.107
246 284 10 11 0.105
417 186 6 8 0.105
235 210 6 7 0.103
832 201 8 10 0.101
157 243 8 9 0.101
633 446 12 25 0.101
109 239 9 10 0.099
838 199 9 10 0.098
116 261 8 10 0.095
146 349 12 15 0.094
317 260 9 11 0.092
1003 205 7 9 0.087
209 435 14 18 0.086
835 199 7 9 0.086
352 225 6 7 0.086
73 326 11 13 0.085
403 196 6 7 0.084
798 190 7 8 0.083
135 222 7 8 0.082
441 240 9 11 0.081
314 184 5 6 0.080
411 206 7 8 0.078
473 268 8 9 0.077
71 388 11 15 0.073
61 302 10 14 0.073
821 186 6 7 0.072
147 271 8 12 0.071
990 199 6 7 0.071
524 275 9 11 0.069
296 215 8 10 0.069
324 278 9 11 0.067
463 199 7 9 0.065
297 232 8 9 0.064
941 208 8 9 0.064
166 231 7 9 0.062
962 220 7 9 0.062
447 201 9 11 0.061
468 189 6 8 0.061
132 292 8 10 0.059
179 249 8 10 0.059
225 296 10 12 0.059
273 225 8 10 0.059
217 272 8 9 0.059
855 258 9 11 0.058
162 227 6 9 0.057
163 240 7 9 0.057
420 270 7 10 0.057
545 363 10 10 0.056
907 242 8 11 0.056
135 247 8 10 0.056
210 427 14 18 0.056
225 214 6 7 0.056
986 199 7 8 0.055
546 400 12 15 0.055
307 239 8 9 0.054
95 271 9 11 0.054
797 188 7 7 0.053
276 214 7 8 0.053
979 320 13 16 0.053
228 226 6 8 0.052
910 200 7 8 0.052
285 436 15 21 0.052
325 273 8 11 0.052
294 447 17 24 0.052
304 306 11 13 0.050
483 428 16 20 0.050
234 334 11 14 0.050
90 268 9 11 0.050
403 198 7 8 0.050
797 184 6 7 0.050
109 307 10 14 0.050
866 207 6 9 0.049
249 217 7 7 0.049
234 211 6 7 0.049
262 226 7 9 0.049
142 291 10 12 0.048
801 187 6 7 0.048
226 192 6 6 0.047
307 272 10 12 0.047
1002 198 6 7 0.047
249 617 20 27 0.046
480 408 16 18 0.046
902 234 8 10 0.046
263 262 9 11 0.046
333 206 6 7 0.046
272 287 9 12 0.046
305 432 14 18 0.045
278 240 7 9 0.044
179 324 10 14 0.043
1004 209 7 9 0.043
774 186 6 8 0.043
614 265 12 14 0.043
385 249 8 11 0.042
254 214 6 8 0.042
141 286 10 12 0.042
148 339 11 15 0.042
186 213 6 7 0.042
231 236 8 11 0.041
901 231 7 9 0.041
102 321 11 14 0.041
472 415 17 20 0.040
223 211 6 8 0.040
201 207 6 7 0.039
453 363 12 17 0.039
476 419 18 22 0.039
310 309 10 14 0.039
130 295 9 11 0.039
74 333 11 16 0.037
385 191 8 9 0.037
224 318 11 13 0.037
57 375 12 14 0.036
1000 224 7 9 0.036
223 257 7 10 0.036
70 383 13 16 0.036
441 219 8 11 0.035
437 169 6 6 0.034
999 201 8 10 0.034
54 373 11 14 0.034
484 405 17 19 0.034
906 245 8 10 0.034
75 324 9 12 0.034
99 255 8 9 0.034
806 185 6 6 0.033
408 170 5 6 0.033
349 199 6 7 0.032
284 470 17 23 0.032
131 305 10 13 0.032
474 266 9 10 0.031
237 329 11 14 0.031
122 262 8 10 0.031
139 329 10 13 0.031
366 184 5 7 0.031
269 290 10 13 0.030
312 340 11 15 0.030
357 203 6 8 0.030
174 345 12 16 0.030
54 320 10 12 0.029
271 332 11 16 0.029
793 189 7 8 0.029
795 188 9 11 0.029
150 318 12 14 0.029
326 233 6 8 0.028
271 227 8 11 0.028
172 364 12 15 0.028
160 184 6 6 0.028
818 249 11 15 0.028
246 222 7 8 0.028
63 314 9 12 0.028
984 225 8 10 0.027
169 361 13 16 0.027
301 208 6 8 0.027
960 222 8 9 0.027
469 186 5 8 0.027
448 430 14 22 0.027
106 249 7 9 0.026
793 180 6 7 0.026
276 335 11 17 0.025
256 310 10 14 0.025
479 240 8 10 0.025
52 343 10 13 0.025
948 212 8 11 0.024
270 346 13 18 0.024
151 211 8 8 0.024
289 185 6 7 0.023
111 217 8 10 0.023
285 254 8 9 0.023
98 337 12 15 0.023
760 181 7 7 0.023
821 188 8 9 0.023
100 324 11 14 0.022
467 196 7 10 0.022
930 213 8 9 0.022
446 426 13 21 0.022
430 169 5 7 0.022
129 434 13 19 0.022
172 220 6 8 0.021
149 358 12 15 0.021
362 293 10 13 0.021
4 382 10 14 0.021
788 193 6 9 0.021
153 206 7 9 0.021
63 296 9 11 0.021
237 211 8 9 0.021
584 467 15 21 0.021
437 224 8 10 0.020
208 243 6 9 0.020
317 183 6 6 0.020
499 452 14 17 0.020
161 355 13 15 0.020
118 268 9 12 0.020
217 436 14 19 0.020
90 306 8 12 0.019
802 428 14 23 0.019
179 341 10 14 0.019
66 395 13 18 0.019
536 199 8 10 0.018
410 224 7 9 0.018
122 341 11 15 0.018
141 353 14 16 0.018
233 353 11 14 0.018
892 412 17 24 0.017
433 214 7 9 0.017
241 615 23 30 0.017
401 168 5 6 0.017
452 368 14 19 0.017
373 145 5 5 0.016
357 291 9 12 0.016
536 337 9 10 0.016
285 427 15 19 0.016
809 198 6 8 0.016
425 202 6 8 0.016
456 361 13 17 0.016
553 334 15 18 0.016
965 251 9 13 0.015
170 369 12 15 0.015
611 270 12 13 0.015
618 265 11 14 0.015
471 432 17 21 0.014
396 150 5 6 0.014
900 239 9 11 0.014
1006 224 6 9 0.014
775 187 8 10 0.014
302 227 7 9 0.014
758 252 10 13 0.014
452 376 14 19 0.013
74 342 12 16 0.013
773 190 7 8 0.013
340 268 9 11 0.013
543 360 13 16 0.013
65 294 9 11 0.012
828 200 11 15 0.012
90 272 9 11 0.012
309 430 13 17 0.012
976 331 12 14 0.012
378 257 8 11 0.012
858 284 12 14 0.012
334 236 11 14 0.012
204 358 10 15 0.012
171 352 12 16 0.012
696 402 13 19 0.011
448 171 5 6 0.011
188 420 14 19 0.011
899 207 7 9 0.011
131 281 9 12 0.011
450 178 6 7 0.011
544 356 13 15 0.011
392 168 5 5 0.011
634 452 15 23 0.011
341 328 12 15 0.011
490 254 12 14 0.011
933 238 9 12 0.010
250 610 34 44 0.010
298 186 5 6 0.010
874 192 7 9 0.010
881 211 11 14 0.010
598 566 17 22 0.010
58 343 12 15 0.010
339 200 6 7 0.010
488 400 15 17 0.010
