5_Car_Accident_Accident_5_474
55
242 119 20 25 0.732
554 136 17 22 0.731
801 144 18 21 0.723
348 141 17 22 0.705
621 137 21 26 0.579
605 147 17 24 0.516
838 142 14 18 0.483
594 148 19 26 0.438
621 130 20 25 0.363
304 147 14 19 0.358
138 102 21 26 0.286
590 152 17 23 0.250
292 170 18 24 0.144
298 142 14 18 0.100
175 98 24 30 0.098
309 149 12 17 0.070
695 135 14 22 0.063
284 141 13 15 0.059
715 130 15 23 0.056
456 77 24 24 0.048
152 100 24 27 0.042
147 101 19 24 0.041
626 133 21 25 0.037
501 127 17 23 0.036
295 159 18 24 0.034
185 102 17 24 0.033
131 112 16 20 0.032
506 122 14 20 0.031
162 98 25 30 0.030
291 139 15 16 0.027
400 142 11 15 0.025
961 185 7 8 0.024
464 81 20 22 0.023
82 168 19 22 0.022
118 127 14 19 0.021
512 151 16 21 0.021
897 156 14 18 0.021
835 139 15 17 0.018
149 108 21 26 0.018
251 171 21 27 0.017
453 71 21 22 0.016
457 279 19 21 0.015
841 138 15 19 0.013
181 114 21 27 0.013
188 111 18 25 0.012
124 120 15 21 0.012
187 96 18 24 0.012
838 45 28 31 0.012
305 138 12 16 0.011
403 135 13 17 0.011
81 161 20 22 0.011
517 155 16 20 0.011
500 116 14 16 0.011
376 148 10 13 0.011
504 139 16 22 0.011
