28_Sports_Fan_Sports_Fan_28_487
149
665 492 42 55 0.854
47 442 42 57 0.846
460 507 43 56 0.837
819 273 41 49 0.836
858 422 41 49 0.832
991 105 32 41 0.827
511 434 39 44 0.827
548 503 42 45 0.826
910 448 39 47 0.826
962 481 41 52 0.823
261 551 43 53 0.821
130 445 37 43 0.819
821 560 43 54 0.817
955 352 40 43 0.817
916 528 40 51 0.817
553 568 41 46 0.814
939 145 35 40 0.812
823 492 37 49 0.811
621 94 32 39 0.811
799 399 32 46 0.811
883 307 38 43 0.810
969 282 38 45 0.809
667 156 35 38 0.807
674 275 36 46 0.803
455 287 40 42 0.800
417 258 34 45 0.799
709 323 39 47 0.798
159 275 34 41 0.796
339 554 35 38 0.795
407 583 40 43 0.793
604 180 35 45 0.791
744 557 39 44 0.790
329 63 34 42 0.789
713 106 34 38 0.789
1002 416 22 51 0.787
557 241 32 40 0.785
858 238 37 43 0.784
569 340 35 43 0.783
58 381 39 51 0.783
873 166 39 40 0.780
787 79 33 42 0.777
956 210 39 41 0.777
164 144 34 42 0.776
197 309 35 40 0.776
669 78 31 41 0.774
618 317 34 38 0.771
490 376 44 51 0.769
462 205 41 46 0.768
596 437 37 42 0.766
675 10 31 35 0.764
620 535 38 42 0.764
430 65 29 38 0.763
732 284 37 45 0.763
993 335 29 42 0.762
110 267 36 46 0.762
593 386 37 40 0.762
797 1 34 35 0.757
787 218 41 44 0.753
424 192 31 40 0.752
214 108 33 41 0.747
161 2 29 35 0.735
736 240 40 41 0.733
345 0 33 34 0.725
14 220 33 36 0.723
0 457 29 45 0.706
207 14 26 34 0.696
470 34 32 42 0.690
172 505 41 52 0.686
726 591 34 33 0.677
0 338 21 41 0.675
427 472 45 49 0.672
50 116 32 45 0.649
839 350 36 41 0.649
408 28 32 35 0.630
222 195 32 37 0.595
484 254 32 38 0.578
602 2 29 29 0.575
544 11 29 34 0.574
142 226 30 35 0.498
39 80 33 38 0.492
180 395 32 38 0.467
732 265 39 46 0.425
786 562 46 49 0.319
893 -1 36 21 0.302
754 0 32 27 0.288
63 399 40 48 0.247
93 104 26 33 0.241
672 402 28 40 0.223
201 114 37 44 0.205
474 -7 30 18 0.189
519 232 29 36 0.186
442 57 32 44 0.180
770 191 29 34 0.174
914 425 31 33 0.171
868 196 41 45 0.165
448 126 31 38 0.159
695 94 37 44 0.119
46 -10 31 19 0.109
352 118 28 36 0.099
694 450 37 51 0.097
341 11 35 44 0.091
505 411 40 52 0.083
675 480 41 58 0.067
349 470 36 41 0.062
170 390 32 38 0.060
1015 201 9 41 0.057
527 103 32 37 0.053
274 517 35 36 0.050
407 191 34 45 0.049
245 379 34 40 0.045
612 626 42 19 0.043
987 -12 38 19 0.041
430 172 35 47 0.041
393 201 28 37 0.041
845 -1 31 17 0.041
142 24 24 28 0.040
143 381 26 33 0.035
404 369 32 37 0.035
539 81 31 39 0.033
396 30 24 33 0.032
37 89 27 37 0.031
184 500 41 51 0.031
682 463 41 53 0.027
1013 214 11 40 0.024
487 265 32 40 0.023
374 459 42 44 0.022
529 225 32 37 0.020
403 454 48 51 0.018
59 225 26 31 0.018
362 263 33 38 0.017
1017 186 7 43 0.017
366 478 39 46 0.017
40 106 23 34 0.017
457 135 32 35 0.016
649 76 25 34 0.016
521 113 31 36 0.015
233 253 31 42 0.015
358 473 38 43 0.015
253 387 31 38 0.015
6 465 33 40 0.014
383 446 40 42 0.013
784 350 27 38 0.013
205 500 38 47 0.012
168 524 37 42 0.012
768 174 37 49 0.011
775 196 32 38 0.011
195 82 23 31 0.011
427 489 35 45 0.011
396 446 44 44 0.010
