28_Sports_Fan_Sports_Fan_28_126
69
308 244 79 96 0.881
459 202 86 102 0.865
420 381 62 70 0.834
406 296 24 32 0.733
71 310 13 17 0.651
1 268 7 10 0.401
129 286 8 10 0.399
106 278 8 10 0.361
175 285 7 8 0.344
776 301 6 7 0.286
980 299 5 7 0.228
845 297 6 7 0.188
920 299 6 7 0.175
964 298 7 7 0.173
842 298 6 7 0.169
704 294 6 6 0.168
44 291 7 8 0.150
840 299 5 7 0.139
865 293 5 7 0.135
938 302 5 6 0.133
283 282 11 15 0.132
65 270 7 9 0.132
919 300 5 7 0.115
690 290 6 6 0.110
1003 306 6 7 0.105
951 304 6 7 0.102
14 318 9 15 0.100
884 299 5 7 0.095
778 300 6 7 0.095
949 303 6 7 0.088
818 298 7 8 0.087
386 313 20 22 0.081
1004 304 6 7 0.078
4 268 7 10 0.066
152 279 7 8 0.060
151 280 6 8 0.058
866 294 6 6 0.058
40 289 7 10 0.057
819 302 6 7 0.054
382 314 17 25 0.047
17 317 10 13 0.045
896 302 5 6 0.043
173 302 8 9 0.042
857 320 6 7 0.039
290 283 14 22 0.039
878 298 5 6 0.037
257 273 6 7 0.036
843 294 8 9 0.036
134 286 7 10 0.035
710 292 5 6 0.031
15 323 10 14 0.029
69 270 6 8 0.028
292 280 10 16 0.028
869 292 5 7 0.025
48 277 8 9 0.024
15 315 9 12 0.024
45 276 7 8 0.021
688 290 5 6 0.018
293 290 15 23 0.017
660 289 6 7 0.017
912 310 5 5 0.015
0 284 6 13 0.015
710 314 5 6 0.015
821 309 6 7 0.015
489 157 6 7 0.015
1018 331 5 8 0.014
378 308 25 37 0.012
545 160 6 7 0.010
813 323 6 6 0.010
