28_Sports_Fan_Sports_Fan_28_267
306
633 343 21 25 0.760
346 325 20 26 0.742
503 342 21 27 0.738
594 400 19 24 0.733
354 224 19 24 0.730
625 279 21 24 0.719
404 202 19 22 0.715
420 240 20 22 0.712
359 255 19 21 0.697
669 253 17 22 0.696
438 385 20 24 0.695
312 215 18 22 0.645
326 274 18 20 0.642
563 367 18 22 0.620
635 194 20 22 0.601
681 238 15 20 0.521
444 225 18 24 0.493
459 195 19 20 0.452
286 260 17 23 0.447
585 249 16 20 0.346
604 306 17 21 0.339
409 314 18 22 0.315
599 234 15 21 0.227
336 265 20 22 0.191
464 667 9 10 0.180
585 665 11 12 0.180
505 321 17 20 0.152
341 196 16 18 0.151
481 665 9 11 0.146
697 712 10 12 0.134
515 665 9 10 0.130
659 128 18 19 0.118
442 705 11 14 0.112
389 674 9 11 0.110
450 668 8 9 0.106
470 204 18 19 0.105
605 691 11 12 0.105
389 667 9 10 0.103
499 666 10 12 0.102
354 208 17 20 0.099
662 690 10 13 0.089
27 692 11 13 0.088
61 691 12 14 0.085
518 664 9 12 0.084
8 691 10 12 0.084
680 689 10 12 0.079
493 690 9 11 0.075
552 698 8 12 0.075
418 691 8 10 0.073
712 665 10 12 0.072
484 665 9 11 0.068
415 313 23 25 0.067
674 665 10 12 0.067
653 666 9 12 0.067
330 389 18 22 0.067
335 692 9 11 0.066
636 665 11 12 0.065
370 667 9 11 0.065
450 691 8 10 0.065
536 667 10 11 0.064
640 691 11 12 0.061
575 308 14 22 0.061
601 618 7 8 0.056
618 666 11 12 0.055
450 671 8 11 0.054
653 672 10 12 0.052
698 690 9 11 0.052
435 671 8 9 0.052
452 689 9 11 0.052
446 696 11 13 0.049
764 615 8 11 0.049
608 641 8 10 0.048
499 671 10 12 0.048
590 692 9 11 0.048
546 691 9 12 0.047
830 691 11 13 0.047
340 612 6 6 0.047
887 707 10 11 0.046
622 690 10 13 0.046
739 688 9 11 0.046
539 216 19 21 0.045
538 665 8 10 0.043
620 616 7 8 0.042
419 667 8 9 0.042
342 612 6 7 0.041
629 647 8 10 0.041
536 672 11 13 0.040
434 668 8 10 0.040
132 691 11 13 0.040
390 700 10 12 0.039
355 692 10 11 0.039
388 670 10 12 0.039
195 668 11 12 0.038
578 642 7 8 0.038
581 645 8 9 0.037
416 687 8 11 0.036
709 664 10 12 0.036
298 693 9 9 0.036
419 330 21 27 0.036
389 665 8 9 0.036
347 667 8 9 0.036
695 675 9 12 0.036
888 193 23 26 0.035
695 671 9 11 0.035
909 388 11 13 0.035
728 668 8 10 0.034
570 307 15 22 0.034
715 666 9 13 0.033
760 662 7 10 0.033
415 339 21 25 0.032
584 239 16 22 0.031
533 212 19 20 0.031
334 639 6 7 0.031
452 343 18 22 0.031
260 659 7 8 0.031
296 264 15 19 0.031
794 642 10 11 0.030
603 317 19 24 0.030
620 693 10 13 0.029
585 280 17 21 0.029
211 692 11 12 0.029
747 652 9 11 0.029
81 668 12 14 0.028
422 693 10 12 0.028
714 642 8 9 0.028
548 695 10 13 0.028
372 693 9 11 0.027
573 618 6 7 0.026
317 691 11 12 0.026
441 617 7 8 0.026
506 627 10 12 0.026
774 666 9 10 0.026
806 700 11 13 0.025
762 615 7 8 0.025
667 206 19 22 0.025
506 632 7 9 0.025
646 667 9 12 0.025
529 671 9 12 0.024
643 689 11 13 0.024
518 701 10 12 0.024
578 295 15 23 0.024
402 401 18 24 0.024
346 193 17 19 0.023
544 665 8 10 0.023
671 663 9 12 0.023
564 650 7 9 0.023
712 381 12 15 0.023
455 665 9 11 0.023
603 619 7 9 0.023
584 353 19 23 0.023
571 676 7 9 0.023
769 629 9 10 0.023
476 689 9 11 0.023
335 689 9 10 0.022
156 691 12 14 0.022
897 693 10 10 0.021
679 693 10 12 0.021
611 328 16 22 0.021
475 210 17 19 0.021
110 694 16 18 0.021
257 653 6 6 0.021
350 638 6 8 0.021
733 677 8 10 0.021
421 683 9 11 0.021
319 214 17 22 0.021
824 613 9 10 0.021
372 661 7 9 0.021
536 698 10 13 0.021
316 711 10 13 0.020
285 666 9 10 0.020
602 230 16 22 0.020
546 682 8 10 0.020
777 640 10 11 0.020
705 630 7 9 0.020
44 694 11 14 0.020
267 678 9 10 0.020
785 626 8 8 0.019
414 320 26 27 0.019
506 679 9 12 0.019
290 265 17 21 0.019
317 705 11 14 0.019
350 641 7 8 0.019
580 358 20 23 0.019
247 676 8 10 0.019
360 696 9 12 0.019
882 692 9 10 0.019
346 672 9 10 0.019
659 626 6 8 0.019
581 305 17 23 0.018
583 347 18 20 0.018
41 691 11 13 0.018
545 198 18 22 0.018
593 230 16 21 0.018
363 671 9 11 0.018
653 662 8 11 0.018
691 643 8 10 0.018
578 639 7 9 0.018
367 643 7 8 0.018
583 364 19 22 0.018
538 205 19 22 0.018
397 652 7 9 0.018
456 349 17 22 0.018
585 310 16 22 0.018
422 665 8 8 0.018
587 676 9 12 0.018
78 609 8 10 0.017
637 631 8 10 0.017
778 649 10 12 0.017
767 627 8 10 0.017
450 42 56 52 0.017
724 654 9 11 0.017
389 695 10 14 0.017
390 635 7 8 0.017
283 265 16 22 0.017
570 370 17 20 0.017
527 211 17 20 0.017
569 674 8 9 0.017
765 376 11 13 0.016
78 691 12 12 0.016
707 671 8 11 0.016
5 692 11 13 0.016
785 703 9 12 0.016
574 315 16 22 0.016
211 670 9 10 0.016
364 643 7 9 0.016
658 623 6 7 0.016
576 218 17 21 0.015
581 217 17 20 0.015
499 202 16 18 0.015
763 702 10 12 0.015
129 681 12 15 0.015
785 700 8 10 0.015
919 667 12 14 0.015
732 404 18 21 0.015
650 647 8 10 0.015
398 650 6 8 0.015
370 613 7 8 0.014
513 692 10 13 0.014
247 671 7 8 0.014
560 760 15 8 0.014
723 652 8 10 0.014
744 621 7 8 0.014
790 712 11 13 0.014
285 644 7 7 0.014
566 700 10 12 0.014
670 714 10 12 0.014
620 327 16 22 0.014
842 408 10 12 0.014
180 666 9 12 0.014
535 692 10 12 0.013
129 667 11 13 0.013
425 315 21 25 0.013
119 602 6 7 0.013
367 632 7 8 0.013
710 638 8 9 0.013
358 692 11 13 0.013
390 631 7 8 0.013
197 666 10 11 0.013
362 652 7 9 0.013
282 645 6 8 0.013
619 620 7 9 0.013
702 630 7 8 0.012
734 702 8 11 0.012
370 630 6 8 0.012
888 204 18 22 0.012
653 619 5 6 0.012
545 629 7 9 0.012
565 645 8 9 0.012
935 384 9 10 0.012
351 694 9 11 0.012
436 664 7 9 0.012
674 204 19 24 0.012
523 630 7 8 0.012
663 695 11 13 0.012
112 691 12 14 0.012
514 649 7 8 0.012
362 212 17 19 0.012
403 282 15 20 0.012
691 651 9 10 0.012
716 670 9 11 0.012
336 650 7 9 0.011
495 250 18 22 0.011
594 279 17 20 0.011
838 629 8 10 0.011
313 710 10 12 0.011
671 641 7 10 0.011
720 388 13 16 0.011
204 606 7 8 0.011
559 644 8 9 0.011
827 642 8 10 0.011
786 709 11 13 0.011
729 393 16 21 0.011
159 667 10 12 0.011
705 628 8 8 0.010
645 269 17 20 0.010
551 613 9 11 0.010
590 354 19 23 0.010
646 646 8 11 0.010
493 243 17 21 0.010
162 649 10 10 0.010
117 604 10 13 0.010
491 237 15 18 0.010
226 676 10 12 0.010
499 256 17 20 0.010
685 241 15 20 0.010
265 658 7 7 0.010
