28_Sports_Fan_Sports_Fan_28_118
69
2 366 81 104 0.874
636 308 95 114 0.831
48 80 33 40 0.773
710 202 37 51 0.759
13 199 76 89 0.746
328 162 33 50 0.738
547 223 38 55 0.670
95 125 32 40 0.650
482 323 89 119 0.646
841 449 58 67 0.484
39 43 17 21 0.298
888 49 16 20 0.292
316 292 46 56 0.250
123 40 18 24 0.222
775 30 16 20 0.220
211 186 44 56 0.181
838 40 21 26 0.171
309 146 26 38 0.152
485 147 39 52 0.141
430 343 46 71 0.130
-1 186 28 77 0.103
813 44 13 16 0.095
528 131 23 32 0.083
172 46 20 22 0.075
660 176 26 36 0.074
782 31 15 19 0.061
0 262 11 55 0.058
0 177 34 61 0.055
184 73 38 44 0.049
480 12 12 15 0.042
8 23 14 20 0.042
846 40 18 23 0.036
310 276 46 57 0.033
231 195 32 43 0.033
137 109 24 28 0.032
284 250 27 37 0.028
909 24 13 16 0.027
116 39 20 26 0.027
436 353 50 83 0.027
828 43 18 22 0.027
36 37 18 22 0.025
193 89 30 35 0.019
720 71 14 16 0.019
41 48 20 24 0.018
270 130 28 37 0.018
2 15 15 19 0.018
671 178 20 34 0.017
169 47 27 31 0.017
1 199 16 59 0.017
717 37 16 20 0.017
865 42 15 19 0.016
2 57 11 20 0.016
847 6 17 19 0.015
192 192 43 57 0.015
839 9 17 19 0.015
129 111 26 31 0.015
17 29 15 19 0.014
1 9 11 17 0.014
12 32 15 20 0.013
7 179 42 53 0.013
619 175 28 37 0.013
744 10 20 22 0.012
810 39 14 18 0.012
754 16 17 21 0.012
3 166 22 51 0.011
904 93 21 27 0.011
857 43 15 20 0.011
172 161 39 53 0.010
181 62 57 62 0.010
