28_Sports_Fan_Sports_Fan_28_244
53
955 290 29 35 0.494
385 97 57 71 0.491
892 309 31 38 0.441
575 82 63 76 0.224
933 10 20 27 0.075
330 62 36 52 0.071
929 280 22 27 0.071
945 200 22 28 0.064
975 141 21 26 0.061
974 13 19 24 0.058
794 258 32 40 0.049
868 120 27 40 0.043
211 134 54 61 0.043
962 74 20 27 0.038
736 0 40 27 0.038
806 285 26 33 0.034
976 295 27 30 0.033
882 5 24 28 0.032
1008 224 14 30 0.031
562 93 60 77 0.029
1002 -1 19 17 0.027
576 117 59 62 0.027
686 339 31 39 0.025
555 65 59 77 0.025
815 296 20 23 0.025
593 75 52 64 0.025
706 115 26 33 0.024
869 101 28 37 0.023
1001 91 19 30 0.022
803 295 21 24 0.021
157 123 27 32 0.020
113 276 22 29 0.020
882 272 22 26 0.019
479 131 41 53 0.019
928 50 25 29 0.018
57 206 18 23 0.017
224 125 47 57 0.017
509 263 56 81 0.016
1015 38 10 25 0.016
1010 64 14 25 0.015
687 0 39 32 0.015
873 93 26 34 0.015
773 107 30 44 0.014
830 0 31 14 0.014
370 84 45 62 0.014
63 241 20 23 0.014
675 86 32 40 0.013
101 105 22 26 0.013
197 140 51 57 0.012
768 82 41 62 0.011
541 0 38 14 0.011
938 13 23 25 0.010
235 117 46 57 0.010
