3_Riot_Riot_3_542
188
173 259 20 25 0.732
454 398 25 34 0.722
102 256 17 21 0.707
228 255 19 22 0.703
195 336 28 34 0.679
140 254 18 22 0.622
805 273 12 15 0.616
697 274 12 15 0.591
70 264 23 27 0.587
313 272 15 20 0.586
769 261 12 15 0.575
628 268 14 16 0.575
897 267 14 16 0.571
614 258 12 15 0.570
125 258 14 17 0.567
745 270 11 14 0.543
459 258 13 17 0.529
18 186 10 12 0.525
723 257 10 13 0.515
297 254 12 15 0.503
1 264 17 28 0.502
669 256 11 14 0.490
422 392 27 26 0.488
842 272 12 16 0.481
401 273 11 13 0.472
420 250 10 12 0.467
509 252 10 12 0.465
335 240 11 13 0.463
361 265 13 18 0.462
478 248 9 12 0.450
828 261 12 14 0.437
943 268 17 21 0.435
397 247 10 12 0.427
50 279 20 29 0.420
579 257 11 14 0.412
419 269 12 15 0.409
394 232 8 9 0.386
962 140 9 11 0.369
540 255 11 13 0.362
637 230 9 12 0.356
645 258 11 12 0.338
626 226 7 9 0.337
551 228 8 10 0.335
761 259 10 14 0.311
457 247 9 11 0.306
366 259 11 14 0.306
1011 269 11 14 0.303
866 155 8 9 0.295
76 183 10 12 0.268
596 223 7 9 0.261
181 190 8 10 0.249
344 259 12 15 0.234
947 236 12 13 0.231
479 272 12 14 0.225
257 266 14 16 0.214
593 259 10 13 0.214
143 184 9 11 0.204
320 254 10 12 0.204
832 264 12 16 0.195
671 241 7 9 0.187
439 247 9 11 0.185
890 264 12 14 0.182
215 246 10 16 0.179
128 190 9 10 0.177
492 263 10 12 0.176
794 258 11 12 0.175
896 244 10 12 0.163
14 248 14 18 0.160
656 270 12 14 0.159
484 268 13 13 0.136
379 240 8 10 0.129
846 252 11 14 0.124
928 319 19 27 0.117
990 244 10 12 0.117
45 255 14 18 0.113
355 240 8 10 0.110
260 272 15 20 0.108
503 251 10 11 0.103
495 264 11 12 0.103
496 237 7 8 0.101
313 242 10 12 0.097
17 244 14 19 0.096
802 258 10 12 0.094
352 236 9 11 0.093
689 257 9 12 0.092
392 231 7 9 0.083
706 252 9 12 0.083
818 253 8 12 0.079
850 252 12 15 0.076
348 233 9 11 0.076
489 267 12 13 0.076
372 225 7 8 0.076
641 242 10 12 0.076
570 244 9 11 0.075
939 271 16 19 0.069
851 244 11 13 0.068
865 157 8 9 0.066
323 250 10 12 0.063
216 219 9 11 0.063
988 246 10 14 0.063
324 230 7 9 0.062
811 234 9 12 0.060
347 230 7 9 0.059
444 240 7 9 0.058
298 214 6 9 0.058
554 229 8 10 0.057
542 272 12 15 0.057
796 255 10 11 0.056
578 251 10 13 0.056
299 212 6 9 0.054
376 230 7 9 0.053
541 263 12 15 0.052
446 238 7 8 0.052
875 249 10 12 0.051
1002 263 11 13 0.051
331 211 5 6 0.051
663 337 14 14 0.049
936 258 14 18 0.049
131 193 9 12 0.047
580 240 8 9 0.047
414 271 13 15 0.046
300 210 6 8 0.045
991 278 13 18 0.043
704 255 10 13 0.043
951 238 12 14 0.043
869 162 8 10 0.043
79 182 10 12 0.042
295 218 7 9 0.042
264 247 10 13 0.041
137 208 10 12 0.039
693 253 9 12 0.037
887 266 11 14 0.037
598 224 7 9 0.035
115 258 15 19 0.035
984 261 11 15 0.035
21 188 10 12 0.035
339 259 12 15 0.034
849 242 10 12 0.033
744 244 10 11 0.033
581 244 8 11 0.032
663 271 12 14 0.031
837 244 9 11 0.031
898 153 7 9 0.027
504 266 11 13 0.027
283 253 9 12 0.026
40 250 15 19 0.026
10 250 20 26 0.026
266 252 10 13 0.025
549 218 6 8 0.025
959 250 11 14 0.024
3 208 10 13 0.022
995 282 13 17 0.022
238 261 19 21 0.021
559 248 9 11 0.020
255 265 19 24 0.019
299 218 7 8 0.019
354 501 29 24 0.019
371 227 8 9 0.019
985 244 11 12 0.019
740 244 9 12 0.019
932 255 11 16 0.019
967 278 13 17 0.017
987 282 13 19 0.017
595 261 10 13 0.017
76 189 10 11 0.017
662 241 9 11 0.017
749 247 9 11 0.017
23 239 13 15 0.015
140 210 11 13 0.015
304 219 9 10 0.015
435 391 21 24 0.015
546 217 6 7 0.014
279 260 10 14 0.014
901 153 7 8 0.014
855 240 10 13 0.014
851 265 12 15 0.014
295 222 6 9 0.013
144 188 9 10 0.013
460 244 7 9 0.013
161 230 10 13 0.013
145 256 18 21 0.011
870 166 8 10 0.011
390 248 9 11 0.011
397 272 10 13 0.011
659 339 15 16 0.011
285 199 6 7 0.010
668 336 12 14 0.010
425 270 11 14 0.010
