3_Riot_Riot_3_393
25
443 131 38 45 0.769
540 118 27 31 0.709
728 178 11 14 0.666
853 171 13 17 0.655
223 131 17 19 0.636
126 142 13 15 0.624
788 154 15 17 0.576
343 151 13 17 0.572
169 156 11 13 0.561
328 119 17 28 0.492
818 165 10 13 0.461
631 132 27 40 0.441
673 159 10 15 0.264
194 155 10 14 0.188
194 147 9 11 0.149
195 148 11 14 0.121
813 164 11 13 0.050
623 134 26 37 0.043
574 157 21 30 0.041
639 129 25 40 0.026
822 165 9 13 0.025
568 143 25 30 0.025
590 130 28 34 0.020
788 135 8 9 0.014
643 147 20 26 0.011
