3_Riot_Riot_3_199
302
66 290 36 54 0.751
979 331 28 39 0.731
330 179 20 23 0.708
85 157 18 21 0.704
896 188 16 20 0.696
958 179 16 20 0.657
1010 189 13 20 0.656
395 195 21 24 0.654
817 188 15 20 0.653
195 233 24 30 0.650
846 174 13 16 0.638
529 184 16 21 0.636
856 251 18 31 0.622
854 203 16 20 0.612
94 90 11 15 0.612
605 170 14 18 0.612
923 191 14 20 0.610
113 270 32 43 0.609
114 120 14 17 0.596
772 182 13 18 0.596
660 170 12 17 0.572
973 194 16 20 0.557
429 321 29 33 0.539
882 164 11 16 0.538
716 180 14 19 0.518
783 227 16 19 0.502
897 218 14 19 0.499
872 190 13 16 0.496
475 145 14 17 0.486
635 160 11 15 0.485
252 322 42 63 0.477
795 173 13 17 0.468
424 269 25 27 0.465
485 278 23 27 0.461
756 171 12 17 0.447
536 140 11 15 0.418
677 160 12 18 0.402
980 156 10 12 0.379
276 73 7 9 0.345
253 71 7 9 0.343
53 61 6 8 0.338
715 166 10 15 0.335
25 55 6 7 0.330
610 136 10 14 0.327
162 173 16 20 0.316
997 159 9 11 0.297
412 157 12 17 0.292
375 109 9 11 0.289
198 137 14 17 0.289
468 184 20 24 0.288
138 64 6 8 0.288
849 158 11 13 0.282
63 111 13 14 0.280
393 109 9 11 0.272
532 138 12 15 0.270
388 155 14 15 0.270
824 166 11 14 0.266
721 135 9 9 0.260
221 172 19 23 0.258
584 139 10 12 0.250
672 159 13 18 0.243
598 403 30 38 0.227
272 115 14 16 0.222
555 138 10 13 0.217
146 109 12 15 0.217
212 178 19 24 0.212
634 135 10 11 0.211
304 172 17 19 0.207
167 65 6 7 0.201
309 101 9 11 0.198
266 112 14 16 0.197
145 84 8 11 0.196
491 116 9 11 0.190
493 113 9 11 0.174
569 125 9 12 0.172
670 152 11 14 0.169
686 204 14 18 0.165
528 136 12 14 0.163
578 164 14 17 0.159
446 140 11 14 0.156
827 165 10 14 0.150
787 162 10 13 0.147
80 123 15 18 0.144
982 189 14 18 0.144
188 359 29 61 0.143
960 184 16 20 0.142
909 158 10 12 0.142
908 171 12 14 0.141
336 119 12 14 0.140
1005 169 9 13 0.139
681 162 12 17 0.138
665 133 8 10 0.136
56 61 5 8 0.126
584 158 13 16 0.123
544 162 12 16 0.120
470 147 12 15 0.117
736 130 7 9 0.116
947 167 10 13 0.116
347 217 16 23 0.116
687 169 11 15 0.114
180 113 10 14 0.110
930 171 9 13 0.104
346 159 16 17 0.102
574 132 10 13 0.102
395 110 10 12 0.101
637 134 10 11 0.098
425 157 15 18 0.098
504 144 12 15 0.097
463 99 7 7 0.095
374 157 12 14 0.094
929 167 9 11 0.093
615 154 10 14 0.092
906 188 16 22 0.091
498 108 7 9 0.091
261 112 13 16 0.090
432 135 11 13 0.089
650 145 9 12 0.088
157 112 12 16 0.086
442 138 11 13 0.083
977 154 10 11 0.082
177 120 11 15 0.080
386 166 17 21 0.079
466 99 6 7 0.077
204 178 19 24 0.077
256 132 13 15 0.076
785 174 13 18 0.075
58 98 11 13 0.074
832 157 8 10 0.074
839 219 16 20 0.074
384 158 15 16 0.072
465 130 10 13 0.071
495 116 9 12 0.071
870 146 10 11 0.070
465 149 12 15 0.069
755 155 9 13 0.068
509 172 15 20 0.068
440 184 17 21 0.068
363 146 12 14 0.068
261 90 7 10 0.064
358 111 8 11 0.061
794 159 9 11 0.060
818 230 15 20 0.058
163 115 10 14 0.058
279 144 12 15 0.058
812 166 10 12 0.057
739 147 8 9 0.056
200 60 7 8 0.056
886 163 11 14 0.055
278 132 12 17 0.054
422 156 13 17 0.054
416 111 8 10 0.054
270 119 14 16 0.054
430 99 7 9 0.054
389 112 10 12 0.052
149 256 27 39 0.051
934 177 11 15 0.051
209 139 14 16 0.050
1007 185 12 19 0.049
291 95 9 12 0.049
300 81 8 10 0.049
117 81 8 10 0.048
55 96 10 11 0.048
134 63 8 10 0.047
163 118 13 15 0.047
866 186 11 16 0.046
956 153 8 9 0.045
333 112 11 13 0.044
408 115 10 11 0.044
537 164 15 19 0.043
49 85 8 10 0.043
985 181 11 14 0.043
367 149 11 14 0.042
104 193 21 26 0.042
237 117 10 14 0.042
423 130 9 13 0.042
420 134 10 13 0.041
982 175 11 14 0.041
336 324 23 40 0.040
397 113 9 11 0.040
213 142 13 15 0.039
611 134 11 13 0.039
522 134 10 14 0.039
374 148 13 16 0.038
1008 168 8 12 0.038
440 191 17 21 0.037
138 110 13 15 0.037
582 167 13 16 0.036
220 164 16 19 0.036
195 168 17 24 0.036
748 149 8 10 0.036
528 133 9 12 0.036
239 113 10 15 0.035
370 136 11 15 0.035
199 62 7 8 0.035
569 122 8 10 0.035
140 83 8 10 0.035
172 64 6 7 0.035
787 160 8 11 0.035
658 132 8 10 0.034
813 148 8 10 0.034
450 99 7 7 0.034
183 112 9 13 0.033
215 102 10 13 0.033
64 118 14 16 0.032
701 148 9 11 0.032
467 121 8 10 0.032
34 337 43 35 0.032
503 153 14 18 0.032
172 256 24 33 0.031
631 141 10 14 0.031
156 65 5 6 0.031
296 107 11 13 0.030
224 166 16 20 0.030
210 102 11 12 0.029
569 161 12 16 0.029
908 154 8 10 0.028
280 148 14 19 0.028
371 176 15 20 0.027
857 241 18 32 0.026
540 211 16 20 0.025
280 72 6 8 0.025
331 119 12 15 0.025
731 162 9 13 0.025
175 267 25 34 0.025
436 133 9 11 0.024
178 250 20 27 0.024
183 122 11 15 0.024
330 111 11 13 0.024
383 173 16 21 0.024
495 106 7 8 0.024
449 101 7 8 0.024
957 158 8 11 0.024
747 158 10 12 0.023
352 219 16 24 0.023
377 519 34 49 0.023
566 164 13 16 0.023
582 422 31 27 0.023
607 134 9 12 0.023
229 69 7 8 0.023
112 192 20 23 0.022
414 109 8 9 0.022
760 160 10 12 0.022
470 115 8 9 0.022
297 111 11 14 0.021
739 135 8 9 0.020
285 145 14 18 0.020
448 127 8 11 0.020
156 172 17 20 0.020
927 172 13 17 0.020
304 82 8 8 0.019
298 174 17 19 0.019
438 178 16 20 0.019
226 68 6 8 0.019
140 249 28 43 0.019
109 48 6 7 0.018
724 167 10 16 0.018
230 172 16 21 0.018
500 148 14 17 0.018
913 153 8 10 0.018
156 94 9 13 0.017
486 142 12 16 0.017
631 550 24 28 0.017
558 139 10 14 0.017
541 320 22 30 0.016
587 411 34 34 0.016
511 168 13 18 0.016
736 182 11 16 0.015
553 315 27 34 0.015
792 160 13 15 0.015
61 116 13 15 0.015
995 203 11 17 0.014
159 95 9 13 0.014
436 327 28 30 0.014
718 135 8 10 0.014
159 260 30 37 0.014
432 97 10 10 0.014
219 212 20 22 0.014
450 149 12 16 0.013
788 124 7 8 0.013
275 151 14 18 0.013
397 144 12 15 0.013
375 134 11 13 0.013
45 48 6 8 0.013
745 198 13 15 0.013
517 113 7 9 0.013
555 132 9 11 0.013
522 113 8 9 0.013
860 230 14 23 0.012
534 160 13 17 0.012
542 288 23 28 0.012
474 188 21 24 0.012
695 133 8 9 0.012
64 92 8 10 0.012
528 108 6 8 0.011
172 124 11 14 0.011
334 108 10 11 0.011
464 179 15 20 0.011
158 193 18 22 0.011
1014 144 6 9 0.011
562 318 28 35 0.010
386 150 19 23 0.010
771 158 8 10 0.010
