3_Riot_Riot_3_137
224
922 348 60 69 0.852
332 390 54 61 0.835
487 324 43 55 0.832
272 365 42 46 0.814
62 387 38 42 0.812
657 359 52 56 0.807
109 412 34 42 0.804
402 335 37 50 0.774
974 322 26 31 0.714
349 326 19 21 0.669
787 318 20 27 0.651
923 314 30 33 0.636
673 299 14 19 0.605
148 408 29 42 0.587
527 309 11 15 0.584
462 310 14 20 0.574
899 327 20 25 0.561
548 302 10 11 0.525
374 314 11 12 0.496
775 316 16 20 0.452
257 336 18 21 0.425
22 328 10 12 0.391
976 284 9 10 0.391
811 296 11 13 0.377
761 289 8 10 0.370
952 290 9 10 0.350
190 315 9 11 0.343
152 333 9 10 0.332
964 310 14 17 0.327
398 302 9 10 0.295
737 308 12 14 0.286
232 319 12 14 0.285
995 276 7 9 0.249
790 297 14 17 0.244
25 356 17 23 0.241
741 307 12 14 0.226
747 306 11 14 0.214
1011 287 7 9 0.202
426 313 9 10 0.196
189 336 15 18 0.194
734 310 11 13 0.175
1016 324 8 24 0.171
814 340 19 29 0.168
440 309 10 12 0.158
948 279 6 8 0.153
608 293 8 9 0.150
953 287 9 10 0.150
1017 299 7 14 0.146
133 339 8 9 0.145
0 333 8 13 0.144
337 323 12 16 0.129
570 299 8 9 0.127
948 281 8 9 0.124
415 294 6 7 0.122
397 302 7 9 0.121
100 338 12 13 0.116
588 294 7 9 0.111
0 396 12 38 0.110
728 288 6 8 0.108
787 282 7 8 0.100
996 278 8 9 0.099
387 339 16 21 0.095
965 274 7 7 0.094
89 323 7 9 0.090
574 302 8 10 0.085
389 332 14 19 0.083
23 330 11 16 0.081
333 363 29 34 0.077
264 319 12 13 0.077
31 358 18 23 0.076
427 293 6 7 0.076
19 311 8 9 0.075
581 290 6 8 0.073
758 357 14 23 0.066
630 309 17 19 0.060
970 274 6 8 0.060
485 311 15 18 0.059
121 316 7 8 0.059
357 309 8 8 0.058
150 338 10 13 0.057
935 291 8 10 0.054
840 294 10 11 0.054
155 412 31 44 0.051
499 302 11 11 0.051
8 312 7 9 0.049
335 329 14 16 0.049
108 362 17 24 0.049
360 295 5 7 0.048
71 323 7 9 0.046
40 307 6 6 0.045
146 347 9 12 0.045
1016 313 8 20 0.044
566 294 6 8 0.043
213 314 8 9 0.043
437 299 6 8 0.042
804 275 5 6 0.042
340 310 8 9 0.042
833 277 5 7 0.041
705 302 10 13 0.041
891 327 18 23 0.037
472 291 5 7 0.037
525 288 6 7 0.037
95 339 13 14 0.037
346 310 8 8 0.037
217 314 7 10 0.036
265 315 9 11 0.036
81 307 6 8 0.036
747 477 37 36 0.036
589 331 13 22 0.036
1007 274 6 7 0.036
143 323 7 8 0.035
963 274 7 10 0.035
423 294 6 6 0.035
254 335 13 17 0.034
814 331 18 25 0.034
441 299 6 8 0.034
893 276 6 6 0.033
842 295 11 12 0.033
637 305 15 17 0.033
896 298 13 14 0.033
913 290 8 10 0.032
647 357 26 32 0.032
319 311 9 11 0.031
831 276 6 7 0.030
771 281 6 7 0.029
469 292 6 7 0.029
665 295 7 10 0.029
939 270 5 6 0.028
752 309 11 13 0.027
492 309 11 13 0.027
664 302 12 14 0.026
262 314 9 11 0.026
625 311 19 23 0.026
16 311 9 9 0.025
611 297 12 14 0.025
942 272 6 7 0.025
815 296 12 14 0.024
914 294 10 11 0.023
142 320 6 8 0.023
108 311 6 8 0.023
979 270 6 7 0.023
437 295 6 7 0.023
195 333 15 18 0.023
352 334 19 23 0.022
867 271 6 6 0.022
813 294 8 11 0.022
849 275 5 6 0.021
604 293 9 11 0.021
643 306 11 13 0.021
1011 295 8 12 0.021
870 272 6 7 0.021
17 309 6 7 0.021
392 328 10 14 0.021
514 340 31 40 0.020
620 306 13 16 0.020
908 273 5 7 0.020
526 337 17 20 0.020
167 327 7 10 0.020
402 302 7 9 0.020
161 329 9 10 0.019
667 293 6 7 0.019
163 414 34 48 0.018
690 297 9 13 0.018
843 296 14 16 0.018
895 276 7 8 0.018
654 282 5 6 0.018
286 302 6 8 0.018
287 330 15 19 0.018
726 289 6 7 0.017
134 351 13 16 0.017
1001 304 11 13 0.017
229 299 5 6 0.017
193 336 19 22 0.017
530 356 26 31 0.017
917 302 13 16 0.017
912 302 13 14 0.017
503 290 6 6 0.016
735 281 6 6 0.016
922 267 6 6 0.016
354 344 19 23 0.016
720 327 14 16 0.016
275 323 12 15 0.015
131 336 12 14 0.015
0 409 10 42 0.015
48 342 14 16 0.015
874 275 7 8 0.015
69 315 7 9 0.014
866 270 5 6 0.014
107 317 6 9 0.014
15 357 18 22 0.014
302 295 6 7 0.014
152 343 12 15 0.013
591 315 12 17 0.013
77 326 9 11 0.013
99 363 20 23 0.013
945 278 8 9 0.013
817 320 16 21 0.013
613 293 7 9 0.012
301 294 6 7 0.012
376 302 6 7 0.012
953 287 13 14 0.011
755 349 17 24 0.011
591 302 7 10 0.011
341 359 20 26 0.011
32 310 8 9 0.011
331 298 6 6 0.011
79 352 18 21 0.011
51 329 10 12 0.011
569 299 12 15 0.011
891 276 6 7 0.011
329 298 6 7 0.011
724 325 15 18 0.011
744 294 7 8 0.011
56 316 7 8 0.011
855 311 16 19 0.010
587 337 15 23 0.010
514 298 6 7 0.010
718 317 12 15 0.010
65 328 11 13 0.010
285 305 9 10 0.010
288 336 17 20 0.010
71 290 5 5 0.010
58 292 5 6 0.010
167 300 6 6 0.010
