52_Photographers_photographertakingphoto_52_263
32
628 261 25 34 0.769
753 281 23 39 0.735
136 294 21 31 0.728
39 278 21 30 0.708
686 244 22 40 0.706
800 283 24 40 0.693
403 292 23 32 0.689
352 297 23 31 0.680
468 304 13 19 0.412
319 307 12 17 0.412
64 387 19 25 0.394
270 300 11 15 0.325
749 426 37 61 0.227
427 24 9 10 0.121
576 344 9 10 0.107
28 371 31 44 0.073
323 304 13 20 0.071
565 321 7 8 0.066
875 334 24 32 0.062
336 299 13 19 0.042
577 340 9 11 0.032
270 305 12 14 0.032
568 322 7 9 0.020
263 302 11 14 0.018
50 378 23 34 0.017
71 385 20 26 0.017
474 305 14 18 0.016
346 296 19 26 0.015
663 372 30 45 0.013
314 306 10 15 0.012
674 371 34 45 0.012
580 338 9 12 0.011
