6_Funeral_Funeral_6_696
52
459 171 62 81 0.873
562 62 63 92 0.828
678 117 61 83 0.810
160 190 33 45 0.796
897 129 45 59 0.788
22 200 24 31 0.785
559 206 53 88 0.780
970 169 51 65 0.778
330 176 28 35 0.777
266 151 26 33 0.768
816 145 49 69 0.763
410 90 57 57 0.757
117 185 29 37 0.743
60 195 26 33 0.741
220 172 21 29 0.730
91 155 21 26 0.702
389 147 27 37 0.692
23 161 21 25 0.690
6 175 25 30 0.671
60 173 20 23 0.663
294 162 18 23 0.645
804 161 19 24 0.566
958 155 26 34 0.529
364 172 22 32 0.528
94 182 24 35 0.441
518 161 16 20 0.424
170 160 20 24 0.416
551 150 13 24 0.390
535 173 15 18 0.353
349 159 13 15 0.285
525 166 16 19 0.244
785 156 11 13 0.215
221 157 17 22 0.206
550 146 11 16 0.201
390 113 44 53 0.095
799 162 14 19 0.070
366 165 16 24 0.055
522 162 21 28 0.046
179 162 18 21 0.044
666 139 16 20 0.043
295 49 7 8 0.042
1011 123 12 26 0.037
783 157 15 18 0.030
346 156 19 25 0.024
511 159 24 27 0.022
449 129 36 40 0.021
156 170 18 22 0.021
1005 127 18 29 0.020
48 191 31 41 0.017
349 155 11 14 0.014
955 159 19 28 0.014
110 163 19 25 0.012
