6_Funeral_Funeral_6_140
27
638 189 76 98 0.843
84 92 59 83 0.841
501 214 58 62 0.781
880 47 24 29 0.734
774 14 15 17 0.707
825 44 22 27 0.706
213 5 105 138 0.153
236 113 48 57 0.097
400 219 56 70 0.093
126 267 60 61 0.082
1014 38 10 25 0.074
938 79 21 26 0.070
728 234 73 84 0.054
357 177 51 78 0.039
771 41 19 24 0.037
1016 32 7 25 0.036
351 508 15 17 0.031
523 592 31 28 0.026
849 192 65 87 0.024
713 236 54 71 0.017
680 4 16 16 0.015
1014 92 11 24 0.014
777 42 16 20 0.014
943 74 18 22 0.014
977 70 16 22 0.013
685 2 14 14 0.012
935 86 31 38 0.010
