6_Funeral_Funeral_6_618
53
548 2025 214 211 0.782
732 466 133 156 0.729
912 4308 109 137 0.696
537 1187 96 111 0.655
216 2464 100 113 0.563
638 3332 146 167 0.499
345 3427 242 228 0.447
277 489 49 58 0.341
161 520 39 51 0.322
361 493 40 53 0.210
196 480 35 41 0.199
385 521 42 50 0.183
97 481 34 43 0.136
226 4380 80 101 0.131
270 499 42 51 0.128
310 488 43 49 0.122
80 484 34 44 0.118
134 523 39 47 0.097
598 4378 89 110 0.080
402 524 36 41 0.080
93 491 42 51 0.073
415 4374 84 101 0.068
57 2492 60 76 0.067
72 492 43 52 0.054
346 3350 222 225 0.051
661 3380 138 175 0.049
750 2498 85 91 0.048
407 534 38 49 0.044
612 496 59 79 0.042
669 1166 53 67 0.040
190 2458 63 77 0.037
552 479 36 42 0.030
66 513 34 44 0.028
446 1174 34 39 0.027
44 4391 75 83 0.026
270 1222 64 86 0.023
322 1239 84 93 0.023
605 3302 211 240 0.023
97 2473 45 57 0.017
287 1232 67 84 0.016
345 1255 53 69 0.016
684 3445 107 136 0.015
872 571 71 104 0.015
577 4183 119 134 0.014
334 1164 40 45 0.014
96 2517 41 55 0.013
619 4172 122 142 0.013
727 2516 75 78 0.012
375 3496 179 174 0.012
881 2557 49 61 0.012
851 2060 120 146 0.010
374 1171 36 39 0.010
578 482 38 46 0.010
