6_Funeral_Funeral_6_364
38
557 85 38 54 0.836
471 126 31 41 0.816
171 135 34 41 0.744
0 81 13 49 0.608
631 134 29 38 0.368
679 675 23 32 0.139
571 604 14 18 0.079
755 692 7 10 0.067
515 582 14 16 0.051
826 676 10 12 0.043
560 710 16 19 0.041
419 659 18 22 0.038
472 542 12 13 0.034
5 599 18 22 0.033
591 710 18 22 0.033
676 663 22 31 0.031
624 592 13 16 0.021
418 546 9 11 0.021
618 625 19 22 0.020
482 581 13 16 0.020
613 623 18 20 0.020
566 602 15 18 0.019
829 676 10 13 0.018
620 633 18 22 0.017
777 703 13 16 0.017
504 675 16 18 0.015
565 568 13 16 0.015
641 137 20 28 0.015
757 692 10 12 0.014
564 572 15 18 0.013
1011 693 5 7 0.013
450 546 10 12 0.012
574 691 16 21 0.012
493 642 15 18 0.012
438 631 17 24 0.011
617 613 16 21 0.011
611 624 14 16 0.011
777 694 8 9 0.010
