6_Funeral_Funeral_6_177
267
783 156 35 43 0.815
551 214 33 57 0.766
876 153 33 41 0.759
492 258 29 37 0.729
900 191 32 39 0.727
630 185 31 39 0.717
448 258 27 39 0.685
419 256 31 47 0.684
228 231 26 43 0.671
536 258 28 37 0.659
690 171 25 38 0.637
963 159 26 32 0.579
262 177 31 50 0.578
916 151 30 39 0.494
413 174 12 15 0.482
359 188 11 14 0.459
516 190 12 17 0.445
153 411 9 11 0.438
40 488 10 11 0.419
152 461 9 10 0.390
169 517 10 12 0.387
127 468 9 11 0.378
451 186 11 14 0.377
287 420 11 13 0.366
101 356 9 11 0.363
168 469 9 11 0.362
56 421 10 12 0.361
254 441 10 11 0.327
184 528 10 12 0.325
183 576 10 12 0.325
207 571 10 11 0.323
143 524 10 12 0.309
438 234 19 23 0.305
137 401 9 11 0.301
113 407 10 11 0.300
115 351 8 10 0.299
8 199 14 18 0.296
317 422 10 13 0.290
312 481 12 14 0.289
114 531 9 11 0.282
156 578 10 12 0.269
68 482 10 11 0.269
165 199 12 14 0.266
328 438 10 12 0.266
285 479 11 12 0.264
43 611 10 11 0.255
86 491 10 12 0.233
67 607 10 12 0.225
31 552 9 11 0.221
86 540 10 12 0.219
342 424 9 11 0.218
129 541 10 12 0.218
55 548 10 11 0.211
500 185 13 16 0.209
436 255 34 45 0.208
73 346 10 12 0.200
24 611 9 12 0.192
98 597 10 12 0.189
157 533 10 11 0.188
173 455 7 9 0.185
380 188 11 14 0.185
149 345 8 9 0.184
884 164 35 44 0.183
116 656 10 12 0.183
131 418 9 10 0.181
146 595 11 12 0.180
236 214 32 50 0.179
30 504 9 11 0.175
144 653 11 13 0.175
268 538 9 10 0.173
293 540 9 12 0.164
45 436 10 13 0.163
521 191 11 15 0.160
284 600 9 11 0.160
260 595 9 11 0.159
411 194 12 16 0.152
195 512 8 10 0.146
335 481 9 11 0.142
87 417 9 10 0.138
399 191 13 18 0.137
98 473 10 11 0.135
136 345 8 9 0.130
172 652 10 12 0.128
146 345 8 9 0.128
169 201 10 11 0.127
75 431 9 11 0.126
29 553 8 11 0.124
363 451 11 13 0.124
300 436 11 13 0.124
332 436 9 13 0.119
317 539 11 12 0.116
347 380 8 10 0.115
117 532 10 12 0.115
277 552 10 12 0.114
126 587 11 11 0.105
92 347 7 8 0.104
239 184 11 14 0.103
174 592 10 11 0.095
409 175 12 15 0.094
138 461 10 12 0.093
154 581 10 12 0.092
604 185 11 14 0.091
230 423 11 14 0.090
324 499 9 11 0.086
370 429 9 10 0.086
142 346 9 10 0.084
44 488 10 12 0.084
192 512 8 10 0.083
87 616 11 12 0.079
18 490 9 10 0.078
1 582 7 12 0.077
253 200 11 14 0.072
155 190 13 16 0.072
330 551 9 12 0.068
76 345 10 11 0.066
418 175 11 15 0.066
19 554 8 9 0.065
273 656 12 13 0.065
769 198 13 15 0.063
283 394 9 10 0.063
738 180 12 18 0.063
274 490 9 12 0.061
102 472 9 11 0.060
20 567 9 10 0.059
61 607 11 12 0.059
1 578 6 14 0.058
115 484 10 11 0.058
1 522 7 11 0.058
521 225 16 27 0.058
275 488 10 11 0.057
133 359 8 11 0.056
1013 163 11 26 0.056
151 344 9 11 0.054
97 356 9 11 0.053
270 541 8 11 0.052
275 549 10 13 0.051
307 430 11 15 0.050
593 181 12 15 0.049
178 585 9 12 0.046
375 166 10 12 0.045
36 331 9 10 0.045
4 520 8 11 0.044
139 542 10 12 0.043
103 550 9 11 0.043
270 408 9 10 0.043
105 426 9 11 0.043
117 603 10 12 0.042
259 195 15 22 0.041
77 427 10 12 0.040
144 477 9 12 0.040
18 195 11 15 0.038
84 415 9 11 0.038
257 595 9 11 0.037
553 185 10 12 0.036
19 459 9 11 0.036
1004 198 20 41 0.036
322 542 10 12 0.036
146 473 9 12 0.035
379 172 9 13 0.035
256 204 12 18 0.035
911 160 23 33 0.035
268 614 9 10 0.034
325 388 8 9 0.034
157 410 9 11 0.032
20 312 8 9 0.031
259 214 13 19 0.031
767 200 8 10 0.030
170 536 9 12 0.029
376 190 11 15 0.029
330 484 9 12 0.029
953 160 27 33 0.029
328 599 9 12 0.029
120 605 9 11 0.028
86 351 10 11 0.028
4 584 8 11 0.028
54 498 9 12 0.028
158 395 8 10 0.028
111 428 9 11 0.027
151 528 10 13 0.027
735 173 15 21 0.027
923 146 33 40 0.027
51 611 9 11 0.026
26 503 9 13 0.026
134 357 9 11 0.026
148 478 9 11 0.026
77 481 9 10 0.026
245 204 13 18 0.025
485 174 9 11 0.025
337 427 10 12 0.025
838 184 21 25 0.024
940 154 27 33 0.024
19 617 9 12 0.024
177 454 7 9 0.024
306 307 51 52 0.023
153 577 10 13 0.023
204 526 8 10 0.023
87 664 9 10 0.023
14 332 9 9 0.022
18 625 8 10 0.022
546 197 11 16 0.022
110 226 9 13 0.021
363 426 8 10 0.021
755 196 8 11 0.021
133 485 8 12 0.021
60 383 8 10 0.020
134 361 9 11 0.020
509 187 18 23 0.019
255 302 8 10 0.019
317 480 10 12 0.019
23 194 10 13 0.019
64 332 7 9 0.019
837 138 15 23 0.018
305 557 10 12 0.018
260 535 8 12 0.018
194 525 9 11 0.018
75 556 8 11 0.017
42 565 9 11 0.017
146 548 8 10 0.017
236 419 9 13 0.017
293 201 28 33 0.016
261 198 20 35 0.016
350 380 8 11 0.016
1 590 7 12 0.016
71 434 8 11 0.016
1 602 6 12 0.015
50 420 11 12 0.015
256 409 8 11 0.015
23 460 9 10 0.015
623 183 24 33 0.015
259 441 9 11 0.014
151 188 13 17 0.014
273 187 28 49 0.014
234 182 14 17 0.014
442 159 8 11 0.014
703 168 22 32 0.014
159 413 9 11 0.014
252 395 8 10 0.014
251 460 8 10 0.014
14 195 13 17 0.014
158 365 8 10 0.014
249 398 8 10 0.014
30 554 11 14 0.014
279 400 10 12 0.013
74 222 41 49 0.013
508 174 10 12 0.013
487 173 9 9 0.013
103 183 10 12 0.013
74 606 10 11 0.012
38 626 9 10 0.012
482 198 13 15 0.012
153 186 20 21 0.012
102 224 18 26 0.012
86 422 10 12 0.011
62 385 9 10 0.011
95 346 7 9 0.011
99 491 10 11 0.011
258 183 10 14 0.011
298 194 25 32 0.011
175 652 10 13 0.011
13 232 13 19 0.011
733 156 15 21 0.011
255 459 8 10 0.010
66 333 7 9 0.010
169 208 12 14 0.010
33 332 9 11 0.010
1 481 7 11 0.010
114 653 10 12 0.010
