6_Funeral_Funeral_6_77
164
85 354 20 22 0.707
585 362 21 23 0.669
335 338 21 24 0.655
609 352 19 21 0.641
549 360 16 18 0.636
361 351 20 21 0.618
111 366 20 23 0.568
180 366 18 20 0.555
917 356 11 13 0.533
9 372 17 19 0.530
798 375 11 14 0.524
218 365 18 19 0.521
428 365 17 18 0.509
855 360 11 14 0.487
282 375 16 17 0.483
39 373 16 18 0.479
493 352 18 20 0.473
989 430 10 12 0.460
944 504 17 26 0.457
915 466 12 16 0.454
476 374 15 17 0.406
445 355 15 18 0.383
304 368 16 19 0.364
1005 562 17 22 0.360
636 374 14 16 0.358
768 360 12 13 0.357
827 372 10 12 0.334
928 496 16 22 0.327
982 394 7 9 0.269
672 363 10 13 0.247
900 430 9 11 0.245
735 368 15 16 0.244
894 444 9 11 0.233
822 372 10 12 0.232
433 361 16 20 0.219
974 518 16 24 0.215
989 621 18 21 0.214
532 375 15 18 0.208
951 381 10 11 0.200
927 540 15 19 0.182
740 371 14 15 0.177
910 438 10 13 0.172
668 378 11 14 0.159
941 442 9 11 0.154
731 366 15 18 0.133
201 365 15 17 0.132
332 345 21 23 0.131
508 363 15 17 0.125
670 366 11 14 0.111
904 433 10 12 0.110
922 498 16 23 0.108
481 368 16 20 0.107
248 378 18 20 0.103
16 372 18 22 0.097
455 382 12 14 0.097
913 433 11 12 0.093
749 375 12 13 0.091
904 402 8 10 0.088
740 365 14 16 0.088
986 429 10 13 0.088
902 401 8 10 0.082
953 353 9 13 0.077
981 533 18 25 0.075
805 374 11 13 0.073
567 354 15 19 0.069
900 438 11 15 0.068
570 351 14 16 0.068
1006 454 11 13 0.063
616 353 16 19 0.061
992 542 18 21 0.061
698 382 15 18 0.059
636 368 13 16 0.056
667 382 10 12 0.054
631 374 13 16 0.053
911 509 16 21 0.050
546 356 15 20 0.049
142 367 17 21 0.048
978 538 15 23 0.048
611 372 14 17 0.047
772 362 10 12 0.046
896 431 9 13 0.046
927 510 15 22 0.045
689 368 12 15 0.045
947 379 10 12 0.044
926 400 9 10 0.044
509 372 15 18 0.043
252 371 17 20 0.040
980 395 8 11 0.040
253 380 17 20 0.040
559 357 15 18 0.040
719 359 15 19 0.039
899 431 12 15 0.038
913 441 10 13 0.037
965 514 17 24 0.037
985 393 9 11 0.036
403 351 13 16 0.036
693 375 13 16 0.035
604 369 16 17 0.033
632 357 11 13 0.032
0 389 8 17 0.031
913 514 15 22 0.031
137 367 15 18 0.030
404 366 14 17 0.030
846 378 9 12 0.029
517 375 15 16 0.028
895 402 8 10 0.028
983 105 11 12 0.028
1003 386 8 10 0.027
1007 385 8 10 0.027
525 368 14 17 0.026
661 376 12 15 0.026
906 424 9 11 0.026
32 369 17 20 0.025
602 107 12 13 0.025
223 362 16 19 0.025
996 429 10 12 0.025
1015 198 9 22 0.025
915 401 9 11 0.024
890 508 11 19 0.022
1000 565 17 23 0.022
507 377 15 18 0.021
400 364 14 16 0.019
283 368 15 19 0.019
189 361 15 18 0.018
399 358 15 17 0.017
915 353 11 14 0.017
50 374 17 18 0.017
964 610 17 21 0.016
1006 389 8 11 0.016
311 368 17 21 0.016
479 355 14 16 0.015
152 364 15 18 0.015
217 373 16 18 0.015
732 374 14 16 0.015
893 399 7 10 0.015
696 370 12 15 0.015
1011 424 9 12 0.015
952 420 10 13 0.015
1010 429 10 11 0.014
138 373 17 19 0.014
1008 571 16 25 0.014
958 384 8 9 0.013
955 376 9 12 0.013
951 411 12 14 0.013
717 371 13 16 0.013
391 363 12 15 0.012
883 474 8 10 0.012
638 380 14 15 0.012
65 359 15 20 0.012
794 375 11 14 0.011
889 377 8 12 0.011
289 381 17 19 0.011
849 379 10 12 0.011
939 105 10 12 0.011
37 378 17 19 0.011
969 614 19 23 0.011
647 370 12 15 0.011
62 374 17 19 0.011
338 362 16 19 0.011
912 521 14 19 0.010
462 460 10 11 0.010
860 359 10 13 0.010
124 358 16 19 0.010
874 370 8 11 0.010
