6_Funeral_Funeral_6_485
35
458 175 100 148 0.879
904 137 81 103 0.807
176 206 17 22 0.114
174 214 19 25 0.046
207 24 7 9 0.031
180 26 8 10 0.030
181 54 8 10 0.029
169 88 14 16 0.027
181 23 8 9 0.026
205 24 7 9 0.024
102 9 8 10 0.020
1010 192 14 52 0.018
314 19 7 9 0.018
212 83 8 11 0.017
124 44 9 13 0.017
0 42 5 8 0.017
166 5 8 9 0.017
183 56 8 10 0.016
548 57 8 9 0.016
0 46 6 12 0.016
148 67 9 11 0.016
443 18 9 11 0.015
164 7 7 10 0.015
162 15 8 10 0.015
288 24 7 9 0.014
317 7 7 8 0.013
339 4 7 9 0.013
0 7 6 8 0.012
146 66 9 10 0.011
176 20 9 11 0.011
181 9 7 8 0.010
128 6 8 10 0.010
188 77 8 10 0.010
198 100 8 9 0.010
356 6 6 8 0.010
