6_Funeral_Funeral_6_109
52
121 215 32 40 0.797
388 309 27 36 0.785
195 213 31 38 0.783
718 294 22 26 0.776
660 297 20 23 0.776
645 216 21 26 0.773
802 251 21 24 0.770
354 225 25 31 0.769
779 228 17 19 0.763
302 197 22 27 0.759
593 301 24 28 0.759
412 203 20 24 0.757
423 237 23 27 0.757
572 322 22 28 0.756
618 218 19 23 0.756
521 231 20 24 0.756
453 301 23 27 0.754
915 219 19 23 0.749
303 226 25 31 0.744
587 226 22 25 0.737
697 245 18 22 0.730
369 204 21 26 0.730
739 251 19 21 0.728
882 234 17 21 0.727
715 251 18 20 0.720
487 214 20 24 0.718
547 218 20 23 0.714
459 223 23 28 0.685
568 210 18 21 0.673
501 231 16 22 0.626
247 219 28 34 0.607
273 225 21 28 0.540
834 240 17 18 0.485
710 234 13 14 0.378
488 245 18 21 0.314
985 218 13 14 0.275
332 226 19 23 0.194
561 239 17 18 0.161
861 256 14 18 0.148
263 223 23 29 0.147
671 232 14 18 0.106
709 376 16 17 0.097
690 244 17 19 0.058
546 319 17 22 0.048
677 246 14 19 0.022
829 241 15 17 0.020
166 227 16 19 0.016
828 261 15 18 0.016
222 205 19 26 0.015
626 253 14 16 0.014
505 230 18 22 0.014
331 217 19 23 0.010
