59_peopledrivingcar_peopledrivingcar_59_532
46
0 73 23 30 0.723
232 51 23 31 0.708
65 89 24 32 0.682
132 50 22 29 0.670
173 90 20 29 0.665
98 51 21 27 0.628
382 96 16 20 0.619
501 87 16 21 0.575
208 105 19 22 0.512
299 73 18 23 0.483
511 109 16 20 0.434
737 73 22 29 0.365
591 82 15 17 0.364
401 82 16 19 0.342
291 92 17 21 0.270
536 85 16 19 0.267
673 100 12 15 0.161
557 88 13 16 0.151
843 105 8 9 0.073
668 100 14 16 0.058
461 77 15 17 0.049
554 89 13 17 0.045
306 74 18 22 0.039
676 103 12 15 0.037
0 50 9 18 0.036
782 105 13 15 0.033
457 75 15 17 0.026
646 101 14 17 0.024
420 69 13 17 0.024
413 74 15 18 0.023
789 104 13 15 0.021
860 107 9 10 0.017
527 81 16 20 0.017
880 83 12 13 0.016
793 103 13 15 0.016
179 87 18 25 0.015
682 103 11 13 0.015
787 108 14 16 0.013
863 107 9 10 0.013
839 105 8 10 0.013
535 79 16 19 0.013
877 80 12 13 0.012
1004 109 7 8 0.012
782 112 14 17 0.012
513 84 14 19 0.011
651 98 14 17 0.010
