8_Election_Campain_Election_Campaign_8_297
31
783 240 49 58 0.844
498 277 36 46 0.832
641 260 43 52 0.826
162 453 54 63 0.819
600 271 33 46 0.759
414 314 33 42 0.743
925 299 31 42 0.684
710 229 22 30 0.239
582 270 27 37 0.195
396 230 26 34 0.192
485 156 11 13 0.175
940 301 31 43 0.104
119 207 19 25 0.079
559 289 27 35 0.079
540 269 26 32 0.069
563 128 12 16 0.043
767 303 25 38 0.042
867 311 19 23 0.037
539 616 19 23 0.033
66 451 43 55 0.024
668 153 17 20 0.023
951 310 22 38 0.022
575 277 26 31 0.021
578 262 27 37 0.018
408 303 31 43 0.017
391 236 26 35 0.016
581 33 12 20 0.016
512 138 17 21 0.014
711 195 16 23 0.013
400 237 27 34 0.012
559 132 13 16 0.011
