8_Election_Campain_Election_Campaign_8_437
105
571 51 24 29 0.746
131 262 19 23 0.737
365 64 22 25 0.733
649 51 26 30 0.731
685 258 22 27 0.729
370 254 20 24 0.725
587 146 15 21 0.723
215 61 16 19 0.721
697 143 17 21 0.721
520 32 17 22 0.719
252 265 20 23 0.718
439 63 22 26 0.717
581 255 23 26 0.714
754 143 16 21 0.713
479 253 20 25 0.709
641 145 16 21 0.709
282 59 16 19 0.701
731 49 25 28 0.700
524 374 52 50 0.700
89 66 14 16 0.684
215 161 15 18 0.682
260 162 19 24 0.673
89 160 14 16 0.667
150 63 14 17 0.664
23 70 13 16 0.658
150 161 14 16 0.657
0 203 51 87 0.652
27 156 14 18 0.642
621 57 15 20 0.561
452 304 34 60 0.532
303 170 13 18 0.484
701 58 17 20 0.438
783 53 16 22 0.355
732 261 16 21 0.317
790 394 9 11 0.313
629 263 15 20 0.307
524 258 14 20 0.286
172 267 13 18 0.284
295 273 12 15 0.257
411 68 15 20 0.251
65 149 11 15 0.209
79 47 13 16 0.177
188 150 12 17 0.175
128 151 12 14 0.171
4 146 11 17 0.168
771 155 12 16 0.152
766 389 9 10 0.132
191 53 13 15 0.125
758 389 7 9 0.083
12 182 14 17 0.082
379 136 11 14 0.080
260 52 10 13 0.074
128 51 14 16 0.069
774 144 14 20 0.061
602 227 16 19 0.060
313 315 17 21 0.058
1 61 9 16 0.053
294 264 14 18 0.050
516 77 15 19 0.049
657 145 15 20 0.048
754 391 7 7 0.043
169 258 15 20 0.041
691 53 15 19 0.039
137 44 14 17 0.038
788 393 8 9 0.038
696 387 9 11 0.038
126 55 12 16 0.035
752 16 22 24 0.034
4 154 10 17 0.033
175 271 13 18 0.032
713 159 11 13 0.031
519 133 15 19 0.030
755 388 6 8 0.029
74 48 13 17 0.029
414 58 14 22 0.028
483 62 16 22 0.028
686 56 14 18 0.026
653 150 14 17 0.025
77 142 13 15 0.024
385 282 14 21 0.023
67 60 11 13 0.021
44 221 21 30 0.021
375 137 12 16 0.020
4 59 12 16 0.019
302 159 15 20 0.019
715 395 7 9 0.018
388 326 15 31 0.017
709 154 14 16 0.016
697 384 9 12 0.016
128 182 13 17 0.016
520 253 15 20 0.016
448 135 15 16 0.016
413 263 14 18 0.015
478 12 22 24 0.015
100 200 14 17 0.014
129 186 14 19 0.013
719 350 6 9 0.013
298 135 14 17 0.012
199 46 13 15 0.012
79 273 19 22 0.012
7 166 11 16 0.010
605 160 10 14 0.010
412 53 14 19 0.010
9 140 11 14 0.010
493 72 17 20 0.010
