8_Election_Campain_Election_Campaign_8_86
28
118 172 55 69 0.860
578 233 54 71 0.842
209 229 42 52 0.836
13 153 54 74 0.828
378 216 42 56 0.822
477 277 36 46 0.729
342 260 33 40 0.701
461 248 31 39 0.681
750 252 40 56 0.668
0 220 30 75 0.336
180 -4 103 119 0.071
568 191 23 37 0.069
896 272 41 55 0.066
790 226 41 53 0.057
990 327 34 46 0.039
804 228 37 45 0.034
652 228 36 53 0.027
804 303 35 40 0.026
906 275 26 38 0.026
777 240 38 48 0.025
664 301 16 19 0.017
498 640 16 20 0.015
762 245 38 60 0.013
74 175 23 36 0.012
319 266 20 29 0.011
499 599 12 17 0.010
825 234 33 36 0.010
268 668 23 25 0.010
