8_Election_Campain_Election_Campaign_8_218
41
433 319 58 75 0.846
602 339 47 53 0.835
175 379 81 95 0.821
847 244 100 129 0.800
536 341 53 58 0.783
671 549 61 82 0.779
694 327 48 66 0.766
289 329 71 81 0.753
790 251 57 71 0.717
116 279 54 69 0.712
396 332 31 43 0.696
155 335 44 55 0.640
471 328 33 57 0.342
78 311 63 81 0.295
246 364 40 54 0.115
283 281 51 56 0.093
23 291 15 25 0.083
0 343 20 50 0.059
662 348 42 52 0.053
815 312 44 59 0.046
1 303 23 64 0.036
582 323 7 8 0.036
483 326 26 51 0.033
0 327 32 52 0.030
580 322 10 10 0.026
240 330 16 19 0.022
246 341 34 50 0.022
240 319 17 25 0.020
674 344 45 53 0.018
584 341 21 33 0.018
415 539 76 62 0.017
27 297 13 18 0.017
805 321 40 54 0.016
1 352 32 49 0.015
17 289 24 34 0.015
243 311 11 14 0.013
257 354 31 47 0.012
31 307 27 43 0.012
0 355 23 66 0.012
89 341 48 53 0.012
2 303 16 46 0.011
