8_Election_Campain_Election_Campaign_8_357
27
203 306 128 163 0.775
238 808 7 8 0.111
270 755 8 11 0.091
293 788 8 10 0.089
237 771 9 12 0.063
296 850 5 5 0.059
265 789 9 11 0.050
267 788 9 10 0.037
295 822 7 7 0.035
320 849 5 6 0.035
465 684 6 7 0.032
270 822 8 8 0.031
322 848 5 6 0.027
136 816 11 11 0.027
667 702 7 9 0.026
292 756 8 9 0.026
367 845 6 7 0.021
297 852 5 5 0.019
237 802 9 12 0.017
241 807 6 8 0.016
616 584 8 10 0.015
273 822 7 9 0.013
109 737 5 6 0.013
372 839 7 8 0.012
899 868 11 13 0.011
371 842 6 8 0.010
293 849 7 9 0.010
