8_Election_Campain_Election_Campaign_8_148
232
574 320 69 82 0.869
0 206 71 100 0.859
814 288 67 74 0.845
585 186 44 54 0.838
964 296 61 72 0.836
240 368 103 130 0.835
312 272 79 97 0.828
677 254 58 68 0.821
427 288 87 113 0.819
0 378 65 125 0.816
742 266 55 61 0.812
507 211 54 65 0.811
901 581 100 132 0.775
429 228 58 65 0.769
477 148 30 37 0.760
887 424 74 79 0.756
505 286 61 90 0.747
722 443 100 141 0.734
623 352 95 112 0.732
101 206 50 57 0.711
128 84 28 31 0.707
373 240 58 82 0.704
866 490 79 108 0.703
614 134 17 19 0.698
372 122 17 20 0.695
510 153 19 24 0.688
567 149 19 22 0.687
170 96 20 23 0.685
756 218 27 32 0.674
482 111 16 21 0.661
553 122 14 20 0.655
195 113 25 29 0.645
727 131 17 20 0.634
637 179 24 26 0.633
323 99 19 25 0.633
995 141 16 21 0.631
753 100 12 15 0.595
9 9 13 15 0.592
808 97 12 14 0.570
799 124 14 16 0.564
221 293 85 88 0.556
660 107 12 14 0.536
781 100 12 14 0.527
213 54 9 12 0.512
764 115 14 18 0.511
274 66 11 12 0.505
233 52 9 12 0.502
557 75 8 10 0.495
852 120 12 20 0.479
300 70 10 13 0.474
156 250 54 80 0.468
796 158 14 23 0.452
594 105 9 12 0.451
220 100 16 22 0.449
246 83 12 15 0.448
115 24 10 14 0.440
485 87 9 10 0.434
37 13 10 13 0.421
689 121 13 16 0.408
604 88 9 11 0.396
876 155 21 25 0.387
507 96 8 10 0.382
651 85 8 10 0.379
705 122 14 17 0.365
551 102 11 11 0.360
267 79 11 13 0.360
603 160 20 21 0.360
682 86 9 10 0.312
685 91 9 13 0.308
627 103 10 12 0.296
702 98 10 13 0.268
934 137 16 21 0.253
587 92 8 10 0.250
892 124 17 20 0.244
708 114 12 16 0.233
938 186 15 26 0.228
621 86 8 10 0.225
600 334 86 103 0.222
824 109 12 15 0.209
898 246 39 49 0.196
838 128 16 19 0.183
660 147 13 18 0.173
289 36 7 9 0.173
24 51 10 17 0.173
261 51 8 10 0.154
928 138 17 21 0.151
622 88 8 11 0.149
218 97 14 20 0.143
184 97 15 19 0.139
320 39 7 8 0.137
311 28 7 8 0.132
491 70 7 9 0.126
608 86 9 11 0.125
648 84 8 11 0.125
1012 405 12 64 0.124
708 163 13 21 0.113
827 108 12 15 0.108
242 84 12 15 0.108
630 104 10 12 0.103
295 16 6 7 0.102
560 75 8 10 0.097
761 117 11 16 0.097
92 12 10 12 0.094
702 120 13 15 0.093
154 11 10 12 0.090
780 103 12 16 0.084
588 90 8 10 0.081
658 236 24 37 0.079
0 58 6 21 0.077
921 161 17 27 0.075
900 236 35 43 0.075
223 27 7 7 0.071
341 44 7 9 0.069
38 123 18 24 0.064
0 72 6 20 0.061
521 70 6 8 0.060
727 114 12 14 0.060
192 28 8 10 0.059
762 110 13 17 0.059
182 42 8 10 0.058
180 42 7 10 0.056
520 73 6 8 0.056
516 124 9 12 0.055
597 161 19 20 0.054
579 86 7 9 0.054
33 49 11 15 0.054
485 83 8 11 0.054
248 25 6 8 0.053
676 86 7 8 0.053
222 0 8 5 0.050
492 66 6 7 0.045
800 159 16 22 0.044
681 83 8 10 0.043
90 14 9 11 0.042
1013 142 11 19 0.041
40 12 11 14 0.041
158 11 9 11 0.040
704 94 10 12 0.040
195 48 7 9 0.040
341 45 8 12 0.038
752 174 15 21 0.038
855 119 15 18 0.038
825 104 11 14 0.038
942 135 14 20 0.036
193 43 7 10 0.036
525 73 7 9 0.034
705 127 13 18 0.032
883 158 17 22 0.032
1 67 9 21 0.031
292 33 7 9 0.031
995 178 14 22 0.031
514 66 6 7 0.031
983 670 44 88 0.030
671 86 8 9 0.030
714 110 11 14 0.029
266 28 7 8 0.029
202 0 8 5 0.029
495 73 8 9 0.029
589 102 9 12 0.028
937 297 34 41 0.028
536 77 6 9 0.028
887 121 14 18 0.028
724 281 26 39 0.025
695 338 71 74 0.025
252 84 13 16 0.024
226 73 10 13 0.024
13 85 12 15 0.023
197 55 8 11 0.023
931 187 16 25 0.023
259 56 9 10 0.023
925 142 16 25 0.022
702 85 8 10 0.022
37 47 11 15 0.022
508 94 11 14 0.020
252 39 7 8 0.020
475 110 17 20 0.020
259 31 7 8 0.020
271 24 6 7 0.019
538 76 7 8 0.019
484 70 6 8 0.019
201 0 7 6 0.019
175 20 7 9 0.019
5 80 8 18 0.019
730 106 11 14 0.019
149 276 48 76 0.019
886 127 17 21 0.018
805 95 11 14 0.017
889 277 48 55 0.017
229 26 6 7 0.017
824 121 12 16 0.016
601 82 8 11 0.016
294 17 8 9 0.016
245 90 14 19 0.016
309 63 7 10 0.016
487 112 13 17 0.015
597 107 9 12 0.015
948 293 37 53 0.015
219 27 7 8 0.015
0 483 27 133 0.015
228 107 15 20 0.015
263 25 6 7 0.015
878 272 31 41 0.014
234 108 15 19 0.014
610 162 15 18 0.014
218 50 8 10 0.014
23 99 15 19 0.014
106 212 59 76 0.014
384 267 57 76 0.013
89 106 13 15 0.013
20 110 15 18 0.013
17 89 13 19 0.013
189 38 8 12 0.013
150 1 13 11 0.012
699 84 7 9 0.012
801 127 14 17 0.012
20 94 13 21 0.012
480 0 12 5 0.012
643 76 7 9 0.012
699 161 17 22 0.012
835 202 25 35 0.012
960 648 68 104 0.012
733 94 8 11 0.012
822 131 11 15 0.012
633 76 7 8 0.011
884 109 11 14 0.011
55 201 36 50 0.011
887 449 68 92 0.011
892 262 35 44 0.011
254 91 12 17 0.010
213 93 12 17 0.010
478 64 6 7 0.010
188 76 11 13 0.010
