8_Election_Campain_Election_Campaign_8_157
119
163 419 37 46 0.798
0 470 21 35 0.784
269 439 21 26 0.771
327 460 21 33 0.681
806 460 13 17 0.659
220 454 20 28 0.633
1005 445 11 13 0.570
821 451 12 15 0.564
444 454 20 30 0.562
725 412 20 26 0.509
610 458 16 22 0.455
333 433 13 16 0.405
412 452 13 24 0.365
909 449 10 13 0.332
1003 338 18 26 0.244
965 450 8 10 0.220
920 447 8 10 0.201
657 440 11 18 0.192
661 441 12 19 0.186
586 454 17 22 0.183
860 448 11 13 0.175
949 456 8 9 0.175
864 450 13 14 0.168
666 445 12 17 0.167
907 445 10 15 0.163
563 460 11 15 0.160
469 474 17 18 0.151
849 449 11 13 0.133
866 454 13 16 0.129
407 455 15 21 0.124
942 452 8 10 0.111
0 181 7 18 0.109
651 441 12 17 0.105
982 448 9 10 0.105
748 443 11 18 0.102
869 448 11 14 0.102
453 275 8 9 0.098
939 448 8 11 0.087
697 453 13 16 0.086
968 450 9 10 0.086
717 454 10 15 0.072
702 451 10 15 0.067
856 453 13 15 0.064
955 388 7 8 0.060
773 448 11 13 0.057
940 442 8 10 0.052
967 453 8 11 0.048
720 453 12 15 0.045
318 452 25 35 0.044
865 460 13 16 0.042
691 450 13 17 0.042
685 453 13 16 0.039
896 404 6 6 0.039
712 453 13 16 0.038
948 252 9 11 0.037
613 436 16 19 0.035
903 440 9 11 0.035
794 450 9 13 0.034
861 461 13 16 0.033
842 449 10 13 0.032
778 469 11 14 0.031
416 446 13 22 0.031
493 452 16 23 0.030
945 442 7 9 0.029
752 446 11 17 0.029
847 458 11 14 0.028
346 288 16 18 0.028
614 461 16 20 0.027
691 459 13 15 0.026
576 458 16 21 0.026
441 437 22 32 0.025
956 391 6 7 0.025
766 446 12 16 0.024
878 448 9 11 0.022
536 449 12 15 0.021
501 451 14 19 0.021
777 452 11 13 0.021
924 263 11 13 0.020
509 467 9 14 0.020
505 463 12 18 0.020
676 452 13 16 0.019
949 459 9 10 0.019
552 482 10 13 0.019
693 445 11 16 0.018
930 234 13 15 0.017
978 454 10 11 0.017
594 442 12 16 0.017
559 463 12 15 0.017
752 439 11 17 0.016
681 459 11 14 0.016
587 546 19 20 0.016
503 442 13 20 0.016
962 460 9 11 0.016
923 269 10 13 0.015
947 455 12 13 0.015
404 460 14 19 0.015
952 385 9 11 0.015
212 442 12 16 0.015
44 479 8 11 0.014
921 266 10 12 0.014
972 234 9 12 0.014
894 398 5 7 0.014
952 389 9 11 0.013
876 452 9 12 0.013
540 444 11 15 0.013
541 462 11 16 0.012
703 460 10 15 0.012
663 441 17 25 0.012
485 462 16 20 0.012
437 437 20 24 0.011
817 447 10 13 0.011
875 331 19 20 0.011
987 298 12 14 0.011
576 446 12 15 0.011
67 306 7 7 0.011
449 276 8 9 0.010
902 228 20 20 0.010
1015 439 8 10 0.010
595 438 9 14 0.010
