10_People_Marching_People_Marching_2_395
40
580 182 31 39 0.735
218 159 34 43 0.733
831 212 24 30 0.682
466 180 33 41 0.667
743 213 26 32 0.648
956 177 32 39 0.545
154 169 30 40 0.513
928 145 22 29 0.512
9 227 20 27 0.512
300 342 15 20 0.492
63 226 24 29 0.492
320 228 23 30 0.483
93 167 25 30 0.399
666 215 21 28 0.361
409 215 28 32 0.229
389 208 24 31 0.214
1 230 15 23 0.181
282 262 17 20 0.169
93 173 28 38 0.143
335 235 21 27 0.114
665 223 20 28 0.088
109 188 28 34 0.046
527 289 8 11 0.045
630 240 15 23 0.040
662 217 17 23 0.037
806 195 23 29 0.033
767 204 23 29 0.032
0 230 10 18 0.030
95 189 29 37 0.029
339 228 22 29 0.028
24 199 22 27 0.027
385 205 20 26 0.027
675 215 25 30 0.019
404 209 25 30 0.019
942 227 23 29 0.019
119 190 21 27 0.018
680 225 21 26 0.015
418 216 26 29 0.014
269 347 10 14 0.013
31 200 22 26 0.010
