10_People_Marching_People_Marching_2_34
719
994 720 30 44 0.780
623 715 36 49 0.773
525 709 30 42 0.716
837 669 19 24 0.710
305 715 20 24 0.710
714 701 24 31 0.710
404 718 18 24 0.700
759 745 30 26 0.698
85 734 22 28 0.692
863 721 29 35 0.672
370 640 13 17 0.663
670 708 24 31 0.659
176 748 26 21 0.652
343 641 12 17 0.651
591 687 23 30 0.650
456 636 13 16 0.634
103 682 14 19 0.621
448 685 14 17 0.614
38 683 15 19 0.612
399 657 15 20 0.591
175 689 15 18 0.588
664 667 14 18 0.564
605 622 11 13 0.552
810 638 13 16 0.552
308 626 11 13 0.545
167 634 11 15 0.540
515 687 19 30 0.537
218 669 13 16 0.530
244 642 13 16 0.520
703 681 15 18 0.503
732 603 11 13 0.477
33 620 8 11 0.475
697 567 8 10 0.467
613 663 11 15 0.465
299 588 9 11 0.463
746 551 8 9 0.445
667 611 10 12 0.445
999 651 12 18 0.439
247 563 8 10 0.432
342 575 8 10 0.427
765 589 9 12 0.425
363 565 8 9 0.421
693 581 8 10 0.412
787 549 8 10 0.409
453 547 7 9 0.407
734 581 9 11 0.405
381 561 7 9 0.402
811 587 9 11 0.398
801 568 9 10 0.390
667 532 8 10 0.386
377 581 7 10 0.386
915 522 7 10 0.384
624 626 10 13 0.384
58 576 7 10 0.382
525 584 8 10 0.381
715 658 13 17 0.377
952 664 13 19 0.374
262 669 12 15 0.370
913 549 7 9 0.358
754 609 10 13 0.352
250 582 8 10 0.350
77 569 7 9 0.347
441 529 6 9 0.338
383 668 15 19 0.335
927 566 7 10 0.333
943 543 7 10 0.332
189 577 8 10 0.328
464 593 8 10 0.328
568 564 8 11 0.328
780 584 8 11 0.325
296 571 7 10 0.324
94 620 8 10 0.322
229 548 7 8 0.321
555 626 10 12 0.320
277 586 8 10 0.317
493 525 7 7 0.317
342 606 9 12 0.317
14 620 8 11 0.316
73 606 8 9 0.312
506 637 12 14 0.312
121 571 8 9 0.312
874 518 7 9 0.311
820 609 10 13 0.308
102 557 8 10 0.301
127 605 7 9 0.301
589 587 8 11 0.300
347 624 10 12 0.300
535 598 9 11 0.298
194 534 6 8 0.297
419 689 14 20 0.297
420 530 7 9 0.295
259 592 8 11 0.294
460 526 7 8 0.292
229 595 7 10 0.291
658 575 8 10 0.291
426 549 7 9 0.289
279 540 8 9 0.289
205 583 8 9 0.289
174 712 12 22 0.288
149 625 8 11 0.286
640 583 8 10 0.285
833 565 8 10 0.283
195 562 8 10 0.282
823 586 9 12 0.282
318 541 7 9 0.276
410 547 7 9 0.273
553 572 8 10 0.270
387 590 8 9 0.270
557 590 9 11 0.268
68 563 8 10 0.267
352 530 7 9 0.267
958 568 8 9 0.266
627 585 8 10 0.261
64 638 10 13 0.255
806 516 6 8 0.254
386 536 8 8 0.251
937 497 5 7 0.250
320 664 11 15 0.249
150 593 7 9 0.246
835 550 6 9 0.243
246 598 8 10 0.243
446 607 9 11 0.243
900 565 9 10 0.240
160 557 7 9 0.238
748 512 7 8 0.236
136 546 6 8 0.235
566 588 9 10 0.235
445 591 8 10 0.235
409 596 8 10 0.231
280 627 9 11 0.223
726 621 11 15 0.222
580 612 10 13 0.221
629 519 7 8 0.217
788 522 6 8 0.217
657 559 8 10 0.217
505 602 8 11 0.217
515 525 7 8 0.214
933 518 7 8 0.213
752 575 9 11 0.213
903 627 9 14 0.213
661 505 6 7 0.208
511 579 8 10 0.208
458 581 8 10 0.206
722 578 8 10 0.205
82 598 8 10 0.205
584 541 7 9 0.203
459 729 20 32 0.202
858 607 10 12 0.202
377 562 8 9 0.202
197 520 6 8 0.196
859 564 7 8 0.196
228 680 13 18 0.196
840 585 8 10 0.195
13 544 7 9 0.195
761 525 6 8 0.194
326 559 8 10 0.194
1018 536 6 11 0.191
620 575 8 10 0.191
851 510 6 7 0.190
206 549 7 9 0.188
632 608 9 12 0.188
179 602 7 9 0.187
171 570 8 10 0.185
406 595 8 10 0.185
219 506 6 8 0.184
984 634 11 13 0.184
562 589 9 10 0.181
227 728 12 21 0.176
427 576 7 9 0.175
666 491 6 7 0.175
945 597 9 11 0.175
986 588 8 11 0.173
710 694 22 27 0.173
775 519 6 7 0.172
514 505 7 8 0.172
626 514 6 9 0.171
102 606 7 10 0.171
489 601 9 10 0.169
438 628 9 12 0.167
733 468 6 8 0.167
843 481 6 8 0.166
788 611 9 12 0.166
74 567 8 9 0.164
508 620 11 13 0.164
219 537 7 8 0.159
165 609 7 9 0.159
329 647 9 14 0.159
463 589 8 11 0.157
616 593 9 11 0.156
712 680 15 17 0.151
153 547 7 9 0.148
27 559 7 9 0.146
994 651 12 17 0.146
682 487 6 7 0.146
653 544 7 9 0.145
750 574 7 10 0.144
676 567 7 10 0.142
891 508 6 8 0.141
298 493 6 8 0.139
464 570 8 9 0.138
1 611 7 10 0.135
300 678 12 16 0.133
27 619 9 11 0.128
636 503 6 8 0.128
389 521 6 8 0.127
398 529 7 8 0.127
299 582 8 12 0.126
499 592 9 10 0.126
142 609 8 10 0.124
357 636 10 12 0.122
483 626 9 14 0.121
654 520 7 9 0.121
592 641 9 10 0.119
281 562 7 9 0.119
915 491 5 7 0.119
417 596 8 10 0.117
507 626 12 14 0.117
729 520 6 8 0.113
19 521 6 8 0.112
551 695 19 24 0.111
938 605 12 18 0.110
306 475 6 8 0.110
750 494 6 7 0.109
194 603 7 9 0.109
193 562 8 10 0.109
942 600 11 14 0.109
156 552 8 10 0.107
315 688 13 17 0.107
220 636 8 11 0.106
591 466 5 7 0.105
486 599 8 11 0.104
229 616 8 11 0.103
261 467 5 6 0.102
508 630 12 15 0.102
822 670 12 20 0.102
0 560 6 11 0.102
340 592 8 11 0.101
146 625 9 12 0.100
977 569 7 8 0.100
414 473 5 7 0.100
964 603 10 12 0.099
723 536 8 10 0.099
68 617 7 11 0.099
676 523 7 8 0.099
793 557 9 11 0.097
806 532 6 8 0.096
273 686 13 19 0.095
492 597 9 12 0.094
987 629 11 14 0.094
640 488 6 6 0.094
426 473 5 7 0.092
990 627 11 13 0.092
986 654 11 15 0.092
268 488 6 7 0.091
315 542 7 9 0.091
828 515 7 8 0.091
697 493 5 7 0.090
40 648 11 14 0.089
893 508 6 8 0.089
800 724 19 28 0.089
221 676 13 18 0.087
766 544 6 8 0.086
580 744 19 24 0.085
447 587 8 12 0.084
55 630 8 12 0.082
217 571 7 9 0.081
818 606 10 13 0.081
268 679 13 19 0.081
860 484 6 7 0.081
444 518 6 8 0.081
22 575 7 8 0.079
614 592 8 10 0.079
629 475 6 6 0.078
83 633 9 12 0.078
379 573 8 10 0.077
924 560 9 11 0.076
858 543 7 9 0.076
690 612 9 13 0.076
458 459 6 7 0.076
685 458 5 6 0.076
531 505 6 8 0.075
477 623 10 13 0.075
226 605 8 10 0.075
986 590 10 13 0.074
626 517 8 9 0.074
382 623 9 11 0.074
884 513 6 9 0.073
349 453 6 7 0.073
563 698 20 27 0.072
989 502 6 7 0.071
556 509 6 8 0.071
14 494 5 7 0.071
594 574 8 10 0.071
167 661 10 13 0.071
728 518 6 8 0.070
252 592 9 11 0.070
276 540 8 9 0.069
735 469 6 7 0.069
438 579 8 9 0.068
834 568 9 11 0.068
673 519 7 8 0.068
456 459 6 7 0.067
897 565 9 11 0.067
332 545 8 9 0.066
569 538 7 8 0.066
686 548 7 9 0.066
762 644 9 13 0.065
1005 566 8 10 0.065
225 686 12 16 0.065
641 443 6 7 0.064
331 590 8 10 0.064
803 487 7 7 0.063
256 494 6 7 0.063
285 485 6 7 0.063
445 631 11 14 0.063
788 470 6 7 0.063
249 572 9 11 0.062
612 476 5 7 0.062
710 591 8 11 0.062
385 673 15 20 0.062
258 467 6 7 0.061
327 487 6 7 0.061
95 530 6 7 0.061
202 615 8 10 0.061
555 592 9 11 0.060
228 492 6 8 0.060
179 604 9 11 0.060
300 492 5 7 0.060
504 548 6 9 0.060
754 532 7 8 0.060
772 472 6 8 0.060
568 533 7 9 0.060
991 605 11 12 0.059
195 566 8 11 0.058
154 550 7 8 0.058
641 473 6 6 0.058
903 479 6 7 0.058
735 576 8 11 0.058
569 524 6 8 0.058
741 438 6 7 0.057
435 626 9 12 0.057
941 539 9 11 0.057
558 697 18 23 0.057
953 602 11 14 0.057
615 494 6 8 0.056
753 499 6 7 0.056
471 550 7 9 0.056
768 572 7 10 0.056
714 585 8 11 0.056
579 616 10 13 0.056
834 458 6 6 0.055
456 502 6 7 0.055
233 678 12 18 0.054
196 528 7 9 0.054
150 654 11 14 0.054
582 607 9 12 0.054
725 484 6 8 0.053
687 551 7 9 0.053
808 586 8 11 0.053
635 457 6 6 0.053
580 540 8 10 0.052
490 656 13 17 0.052
22 568 7 9 0.052
360 542 7 9 0.051
666 461 5 7 0.051
232 492 7 8 0.051
273 469 6 7 0.050
700 539 6 8 0.050
400 470 6 7 0.050
606 499 6 7 0.050
1013 492 5 7 0.049
64 619 8 11 0.049
319 680 12 19 0.049
299 570 8 10 0.049
865 561 7 9 0.049
109 644 10 14 0.048
329 553 8 10 0.048
759 610 10 13 0.048
549 569 8 10 0.047
529 623 9 11 0.047
322 543 9 11 0.047
541 523 6 8 0.047
146 620 9 11 0.047
449 475 6 7 0.047
324 571 7 10 0.047
243 638 12 15 0.046
392 525 7 8 0.046
32 552 7 9 0.046
543 522 6 8 0.046
448 565 6 9 0.046
154 511 6 8 0.045
388 474 7 7 0.045
998 521 7 8 0.045
573 466 6 7 0.045
320 468 6 7 0.044
551 567 8 11 0.044
473 548 7 9 0.044
207 672 10 13 0.044
594 495 6 8 0.043
1008 636 10 14 0.043
847 644 13 17 0.043
276 543 7 9 0.043
883 461 6 7 0.043
194 519 7 8 0.042
833 436 6 6 0.042
586 541 7 9 0.042
366 569 8 10 0.042
226 618 9 11 0.042
455 540 7 10 0.042
825 493 5 7 0.041
695 491 6 7 0.041
200 609 8 10 0.041
826 516 7 9 0.040
535 506 6 8 0.040
1009 590 10 11 0.040
319 539 7 9 0.040
125 555 6 8 0.040
303 475 6 7 0.039
101 714 14 20 0.039
610 461 5 7 0.039
709 594 8 10 0.039
608 498 7 7 0.039
105 520 6 7 0.039
1012 586 8 12 0.039
562 611 9 12 0.039
931 603 11 15 0.038
72 513 6 8 0.038
996 520 6 8 0.038
617 546 7 8 0.038
386 475 6 7 0.038
615 623 11 13 0.037
401 448 5 7 0.037
356 485 6 8 0.037
862 605 8 13 0.037
170 632 10 14 0.037
395 634 10 12 0.037
657 645 10 13 0.037
855 525 7 8 0.036
531 572 8 9 0.036
987 501 6 8 0.036
204 619 9 11 0.036
197 524 8 10 0.036
716 617 11 13 0.036
619 461 6 7 0.036
995 522 6 9 0.036
122 466 6 7 0.036
570 596 9 12 0.035
816 506 7 8 0.035
951 513 6 8 0.035
911 585 9 12 0.035
850 638 13 15 0.034
230 634 9 11 0.034
319 611 8 11 0.034
275 468 6 6 0.034
620 629 9 12 0.034
160 494 7 7 0.033
495 503 6 7 0.033
496 525 7 8 0.033
197 620 9 11 0.033
254 494 6 7 0.033
358 612 8 11 0.033
386 520 6 8 0.033
956 661 14 19 0.033
885 684 16 20 0.032
82 637 9 13 0.032
11 691 10 15 0.032
534 625 8 10 0.032
499 468 6 7 0.032
378 448 5 6 0.031
448 474 5 7 0.031
927 662 13 17 0.031
821 510 6 7 0.031
730 504 6 7 0.031
158 600 8 11 0.031
653 560 8 11 0.030
842 612 10 14 0.030
333 453 6 6 0.030
497 649 13 17 0.029
915 691 17 22 0.029
2 531 6 7 0.028
574 536 7 9 0.028
155 658 11 14 0.028
955 568 8 9 0.028
697 457 6 6 0.028
652 457 6 7 0.027
665 608 10 12 0.027
829 465 5 7 0.027
528 460 6 7 0.027
654 479 5 7 0.026
905 689 19 22 0.026
563 553 7 9 0.026
493 638 11 13 0.026
950 704 17 21 0.026
411 690 15 21 0.026
748 475 6 7 0.025
544 465 6 7 0.025
781 661 14 20 0.025
245 486 5 7 0.025
565 539 7 9 0.025
869 558 7 9 0.025
184 560 7 9 0.025
826 469 6 8 0.024
330 725 19 26 0.024
386 692 15 20 0.024
860 544 8 10 0.024
856 632 11 15 0.024
539 479 6 7 0.024
30 561 7 9 0.023
615 544 7 9 0.023
777 629 10 13 0.023
995 610 10 13 0.023
814 640 13 16 0.023
893 655 14 15 0.023
880 574 9 12 0.023
18 567 8 11 0.023
890 682 16 20 0.023
110 517 6 8 0.023
738 436 5 7 0.023
564 670 16 17 0.022
699 461 5 7 0.022
698 456 6 6 0.022
996 539 8 9 0.022
234 665 12 15 0.022
309 472 6 7 0.022
862 541 8 9 0.022
427 619 8 11 0.021
911 524 7 9 0.021
414 582 7 10 0.021
928 544 7 9 0.021
26 487 6 7 0.021
865 481 6 8 0.021
123 605 8 10 0.021
469 445 5 7 0.021
148 590 7 9 0.021
640 694 19 23 0.021
877 574 8 12 0.021
284 599 8 10 0.021
904 616 9 15 0.021
571 519 6 8 0.020
791 548 7 9 0.020
614 460 6 7 0.020
993 539 8 10 0.020
519 473 6 8 0.020
541 563 7 9 0.020
778 635 11 14 0.020
570 467 6 7 0.020
879 694 17 22 0.020
872 586 8 12 0.020
414 686 12 19 0.019
828 488 6 8 0.019
698 459 5 6 0.019
853 628 11 15 0.019
907 454 6 8 0.019
90 507 6 7 0.019
523 463 6 7 0.019
375 635 11 15 0.019
496 466 7 8 0.019
873 722 25 31 0.018
201 467 6 7 0.018
140 682 13 16 0.018
587 535 9 11 0.018
153 542 7 11 0.018
569 702 20 26 0.018
271 612 8 11 0.018
581 479 6 7 0.018
136 513 7 8 0.018
483 467 6 8 0.017
180 608 8 11 0.017
683 487 8 10 0.017
775 483 6 7 0.017
1017 550 6 12 0.017
626 574 7 10 0.017
473 482 6 8 0.017
503 449 5 7 0.017
87 532 6 7 0.017
14 623 8 13 0.017
502 561 7 8 0.017
308 663 9 13 0.017
471 446 6 7 0.017
742 580 8 11 0.017
385 528 7 8 0.017
627 521 7 9 0.017
959 564 7 9 0.017
217 473 6 6 0.016
677 480 6 7 0.016
466 732 19 29 0.016
545 692 16 21 0.016
578 472 6 7 0.016
409 581 8 10 0.016
238 614 8 11 0.016
256 442 6 7 0.016
768 438 6 6 0.016
44 533 6 7 0.016
775 661 13 19 0.016
806 433 5 6 0.016
421 527 7 8 0.016
929 606 9 14 0.016
645 443 6 7 0.016
441 470 6 7 0.016
32 538 6 8 0.016
273 616 8 11 0.016
136 492 5 8 0.016
586 676 14 18 0.016
354 483 6 8 0.015
187 478 6 7 0.015
315 539 7 9 0.015
652 554 8 10 0.015
576 453 6 7 0.015
791 473 7 7 0.015
83 533 6 7 0.015
562 649 10 14 0.015
390 616 9 11 0.015
554 684 16 21 0.015
162 471 6 7 0.015
908 587 9 13 0.015
521 449 5 7 0.015
941 463 6 6 0.015
562 445 6 6 0.015
591 463 6 7 0.015
864 466 5 7 0.015
872 499 5 7 0.015
162 473 6 7 0.015
990 542 8 11 0.015
166 470 5 7 0.015
770 438 6 6 0.015
657 629 10 13 0.015
0 668 6 17 0.015
270 490 6 8 0.015
1011 518 7 8 0.014
103 601 8 9 0.014
652 641 10 13 0.014
763 504 6 8 0.014
347 450 7 7 0.014
143 641 9 13 0.014
517 448 6 6 0.014
474 694 14 19 0.014
718 434 6 7 0.014
269 614 8 11 0.014
657 651 12 15 0.014
495 488 6 8 0.014
905 538 7 9 0.014
685 604 9 12 0.014
321 721 19 24 0.014
799 629 11 13 0.014
964 496 6 8 0.014
343 561 8 9 0.014
765 645 10 14 0.014
644 688 17 22 0.014
685 529 9 10 0.013
878 460 6 6 0.013
266 686 13 19 0.013
148 656 9 13 0.013
640 580 12 14 0.013
557 514 8 10 0.013
905 628 10 15 0.013
105 466 5 7 0.013
119 592 8 10 0.013
573 673 15 17 0.013
183 460 5 6 0.013
697 662 13 16 0.013
818 673 12 18 0.013
81 643 9 12 0.013
581 428 5 7 0.013
778 483 6 7 0.013
515 528 7 9 0.013
139 632 8 11 0.013
741 436 8 10 0.013
488 468 7 8 0.013
1016 616 7 13 0.013
392 694 15 21 0.013
465 660 13 16 0.013
588 583 9 10 0.012
299 643 9 13 0.012
876 591 9 13 0.012
405 422 5 7 0.012
105 518 8 9 0.012
557 494 6 8 0.012
427 433 6 7 0.012
499 450 6 8 0.012
165 473 5 7 0.012
34 587 7 10 0.012
595 571 7 10 0.012
455 497 6 7 0.012
513 662 12 17 0.012
477 420 5 6 0.012
79 465 6 8 0.012
481 550 7 9 0.012
34 580 7 9 0.012
69 512 8 9 0.012
335 450 6 6 0.012
672 449 5 6 0.012
5 525 6 8 0.011
920 466 6 6 0.011
185 479 6 7 0.011
144 469 5 6 0.011
45 537 6 7 0.011
150 534 6 8 0.011
608 662 11 15 0.011
972 456 6 6 0.011
831 519 6 8 0.011
524 448 5 7 0.011
38 514 6 8 0.011
600 608 8 11 0.011
324 680 11 15 0.011
648 697 18 24 0.011
54 534 6 8 0.011
570 670 14 16 0.011
166 662 13 17 0.011
852 647 14 18 0.011
65 451 6 6 0.010
949 522 7 9 0.010
875 699 19 23 0.010
14 500 5 7 0.010
108 504 6 7 0.010
1015 602 8 13 0.010
661 623 10 13 0.010
787 433 6 6 0.010
966 483 5 7 0.010
110 504 6 7 0.010
