10_People_Marching_People_Marching_2_171
77
572 71 20 25 0.766
32 430 23 28 0.764
839 99 21 26 0.760
307 356 23 27 0.759
468 353 20 23 0.757
200 362 22 27 0.753
441 425 22 27 0.751
265 492 22 29 0.751
454 533 21 28 0.751
722 346 20 25 0.748
456 75 22 27 0.746
672 90 22 27 0.741
114 126 22 27 0.738
65 360 22 26 0.738
306 435 23 29 0.736
391 356 21 26 0.736
214 432 24 28 0.735
324 296 19 25 0.734
560 579 21 28 0.732
12 631 23 28 0.732
748 275 21 26 0.726
565 425 20 26 0.726
102 544 22 28 0.721
247 104 19 24 0.717
419 491 20 31 0.708
976 265 23 27 0.702
5 142 20 23 0.698
552 350 21 28 0.687
346 112 20 24 0.686
608 384 19 29 0.684
906 336 23 28 0.682
124 438 24 30 0.670
663 372 18 25 0.670
768 72 21 27 0.660
193 302 20 26 0.660
342 618 18 28 0.638
98 658 19 25 0.631
441 291 17 20 0.588
222 583 19 29 0.580
17 175 25 31 0.395
569 274 17 21 0.352
654 346 19 25 0.352
637 310 17 24 0.309
435 648 21 29 0.218
422 153 13 15 0.156
441 645 20 27 0.154
191 455 20 25 0.144
456 293 15 19 0.143
716 321 16 21 0.122
830 400 25 29 0.100
589 252 16 20 0.093
468 326 17 19 0.091
585 365 17 22 0.090
94 484 21 23 0.053
429 653 20 26 0.049
288 440 18 23 0.042
459 338 15 20 0.038
332 475 21 26 0.038
310 125 14 20 0.035
588 366 20 29 0.026
47 451 18 21 0.025
635 321 16 22 0.025
849 200 13 17 0.025
570 283 19 22 0.022
241 444 15 18 0.020
765 58 18 25 0.018
0 166 8 21 0.017
499 370 17 22 0.017
608 344 17 23 0.017
1013 279 11 20 0.016
163 321 20 24 0.015
338 376 16 21 0.014
557 469 19 24 0.014
575 275 17 21 0.013
666 346 18 22 0.013
853 199 13 17 0.013
415 325 16 20 0.010
