10_People_Marching_People_Marching_2_236
46
465 161 26 34 0.574
35 122 13 14 0.515
917 124 11 15 0.474
0 122 9 15 0.443
808 135 15 17 0.439
874 129 12 14 0.422
553 126 13 15 0.400
975 123 12 14 0.389
605 112 15 17 0.388
139 116 14 17 0.342
711 125 14 17 0.317
832 119 13 14 0.283
474 116 15 18 0.242
832 98 11 12 0.230
731 131 15 17 0.182
701 115 13 15 0.170
866 124 13 15 0.147
142 118 16 17 0.118
301 215 14 16 0.081
579 123 12 15 0.077
31 121 12 15 0.053
624 122 13 15 0.045
558 126 12 15 0.041
471 112 14 18 0.037
39 122 13 15 0.036
995 308 16 20 0.028
850 122 11 14 0.026
563 160 38 51 0.025
603 118 14 16 0.022
133 116 13 17 0.017
808 93 13 15 0.017
846 120 11 14 0.016
696 114 13 16 0.016
150 119 14 17 0.015
799 99 14 15 0.015
826 117 14 16 0.015
805 143 15 17 0.015
309 213 13 14 0.014
792 102 12 15 0.014
282 233 16 19 0.014
925 122 11 14 0.013
608 108 14 17 0.012
803 119 13 15 0.012
474 161 28 34 0.012
848 125 12 15 0.011
462 169 19 26 0.010
