10_People_Marching_People_Marching_2_1046
40
513 199 50 63 0.838
1005 223 19 32 0.763
50 202 21 27 0.680
217 214 20 24 0.669
282 257 16 21 0.659
741 233 23 28 0.641
200 188 17 19 0.625
365 235 15 20 0.591
98 206 15 17 0.590
169 244 25 30 0.589
580 238 20 28 0.580
873 230 22 24 0.574
427 199 16 21 0.563
137 235 18 24 0.446
789 213 18 23 0.206
683 193 13 15 0.122
950 198 20 23 0.121
587 194 11 11 0.111
330 199 8 9 0.107
0 270 8 20 0.090
388 195 14 18 0.081
807 377 37 38 0.059
348 218 10 12 0.050
869 222 22 27 0.050
343 202 8 10 0.046
392 232 13 16 0.040
686 191 14 15 0.039
709 256 24 32 0.033
396 194 15 18 0.031
130 237 18 23 0.028
326 199 9 10 0.027
134 241 20 25 0.025
5 201 13 16 0.023
346 217 8 11 0.023
346 211 10 12 0.023
345 198 8 11 0.020
1013 292 11 31 0.018
2 205 10 19 0.016
954 195 18 20 0.015
406 195 13 16 0.013
