10_People_Marching_People_Marching_2_898
25
675 583 56 70 0.797
512 707 49 62 0.768
263 801 48 59 0.729
791 646 38 45 0.262
443 782 36 47 0.127
173 653 18 22 0.106
383 687 19 25 0.066
242 680 19 23 0.062
505 189 20 24 0.034
325 707 23 31 0.024
178 692 23 26 0.021
374 651 15 19 0.017
168 647 18 24 0.016
283 658 17 23 0.016
169 656 17 23 0.016
326 720 21 23 0.015
443 699 14 18 0.015
342 770 21 33 0.014
380 681 18 24 0.013
406 789 38 53 0.013
324 696 22 29 0.013
326 647 15 19 0.012
284 643 15 20 0.011
799 637 36 46 0.011
282 642 13 17 0.011
