10_People_Marching_People_Marching_2_591
396
849 180 30 38 0.736
754 190 26 35 0.710
671 189 23 31 0.704
212 185 18 23 0.701
595 182 23 29 0.696
276 187 17 23 0.660
39 173 21 28 0.657
154 185 18 22 0.646
457 183 20 26 0.634
893 158 47 53 0.631
843 1242 19 27 0.612
82 177 18 24 0.610
528 1272 20 27 0.603
155 1377 20 30 0.595
611 1277 19 25 0.593
512 1180 20 26 0.588
774 1266 16 23 0.586
427 1219 19 22 0.579
415 182 17 24 0.577
539 1223 18 22 0.574
577 1251 18 25 0.570
334 187 16 22 0.569
368 199 17 22 0.561
46 1104 16 20 0.558
621 1226 17 20 0.541
359 1138 16 21 0.533
354 1254 18 23 0.519
470 1309 17 26 0.514
646 1283 17 21 0.510
414 1130 15 20 0.507
507 1119 16 19 0.503
319 1287 21 26 0.494
41 1185 17 22 0.490
808 1299 17 23 0.490
497 1225 17 22 0.489
76 1124 14 18 0.463
556 1353 20 24 0.454
567 1302 18 24 0.450
450 1141 15 20 0.446
875 1341 16 24 0.436
292 1174 16 22 0.414
694 1267 16 23 0.405
74 1154 15 20 0.404
104 1169 18 19 0.403
282 1251 18 23 0.393
252 1221 18 24 0.391
489 1265 18 25 0.388
130 1153 16 19 0.377
206 1148 18 23 0.372
453 1272 16 22 0.370
267 1461 29 18 0.364
584 1190 17 20 0.363
323 1135 15 19 0.360
893 1305 17 22 0.353
643 1344 20 25 0.352
279 1167 17 22 0.350
935 1164 14 18 0.335
163 1060 15 17 0.326
737 1267 15 21 0.312
361 1215 18 23 0.309
509 213 19 22 0.299
165 1159 17 21 0.295
323 1233 17 24 0.279
304 1150 15 20 0.260
876 1180 14 19 0.254
46 1212 15 22 0.244
666 1240 16 21 0.239
222 1240 20 25 0.237
573 1189 17 20 0.233
384 1168 16 20 0.223
746 1189 17 19 0.219
511 1347 18 25 0.219
336 1174 15 19 0.210
607 1363 17 24 0.204
6 1111 13 17 0.185
419 1270 17 23 0.185
398 1219 16 21 0.181
389 1165 16 20 0.178
950 1315 15 21 0.175
415 1276 19 25 0.173
529 1328 17 24 0.169
698 1327 16 25 0.145
242 1163 15 19 0.137
650 1207 16 20 0.135
506 207 17 22 0.135
317 1138 16 19 0.133
985 1200 14 18 0.129
905 1104 12 16 0.127
525 1332 18 26 0.125
816 1162 13 17 0.124
162 1211 18 22 0.124
393 188 15 20 0.121
51 1154 15 19 0.115
284 1090 15 19 0.111
871 1183 14 18 0.111
-3 1150 11 20 0.108
226 1247 20 25 0.105
461 1192 16 20 0.102
754 1235 15 22 0.102
150 1196 17 22 0.101
411 1285 19 26 0.101
878 710 9 12 0.099
535 1122 13 16 0.099
590 1189 15 21 0.099
257 1126 15 19 0.098
564 1187 16 19 0.096
148 1127 15 18 0.096
351 1206 17 23 0.092
515 1343 18 26 0.091
520 1336 16 27 0.089
88 178 19 23 0.088
210 1143 17 23 0.087
95 1089 15 18 0.087
591 1196 15 21 0.086
769 1377 18 25 0.085
213 1134 15 20 0.084
815 1142 14 18 0.083
739 1120 14 18 0.083
910 702 8 10 0.081
47 1173 18 22 0.081
917 1266 16 22 0.079
705 1268 15 22 0.078
514 216 19 21 0.077
89 1087 15 17 0.076
867 1186 14 19 0.072
681 1107 13 14 0.072
227 1204 15 19 0.071
815 1153 14 19 0.070
432 1214 18 23 0.070
913 1133 13 16 0.069
249 1201 17 21 0.069
160 1178 17 23 0.069
319 1228 18 24 0.068
155 1213 18 23 0.068
206 1138 17 20 0.068
518 1242 18 23 0.068
604 1101 12 16 0.067
758 1239 15 21 0.067
939 1088 12 14 0.066
103 1118 15 17 0.063
988 1196 14 19 0.063
111 1390 20 28 0.060
916 1138 13 17 0.060
392 1287 20 25 0.060
249 1125 15 18 0.058
546 1191 16 20 0.058
926 699 8 10 0.056
503 1116 15 18 0.056
654 1114 12 17 0.056
93 1117 15 18 0.055
466 1194 16 22 0.054
197 1214 18 22 0.053
912 701 9 10 0.053
848 1248 18 23 0.053
915 1259 18 23 0.052
250 1194 17 21 0.052
672 987 12 14 0.052
476 1159 14 18 0.052
11 1102 13 17 0.052
875 710 9 11 0.051
501 1231 18 22 0.051
471 1188 16 21 0.051
757 1132 13 17 0.050
103 1192 18 24 0.049
764 1124 12 17 0.048
390 1278 18 22 0.048
287 1097 16 19 0.047
102 1178 19 23 0.047
836 1101 11 15 0.046
422 1296 20 25 0.045
408 1269 18 23 0.044
797 1339 16 21 0.044
767 1113 13 16 0.043
657 1119 13 18 0.043
120 1129 15 18 0.043
653 1119 13 18 0.043
231 1260 19 23 0.043
748 1222 15 21 0.042
578 1126 13 18 0.042
759 1127 14 17 0.042
551 1144 14 19 0.041
742 1256 15 23 0.041
906 1404 19 25 0.041
882 1081 11 13 0.041
834 1202 13 20 0.040
102 1088 14 17 0.040
84 1089 14 18 0.040
3 1179 16 24 0.040
735 1316 15 23 0.040
105 1199 18 23 0.039
748 1294 16 24 0.039
149 1092 16 19 0.038
152 1157 18 21 0.038
172 1232 19 24 0.038
769 1082 13 16 0.037
611 1139 14 19 0.037
343 1200 16 22 0.036
399 186 14 21 0.036
861 1064 11 13 0.035
762 1065 11 13 0.035
539 1122 14 18 0.035
1006 1134 12 15 0.035
777 1311 14 22 0.035
988 1204 14 19 0.034
0 1148 13 20 0.034
909 1115 15 19 0.034
966 1168 14 19 0.034
173 1206 18 23 0.034
921 1281 14 22 0.034
239 1175 16 22 0.033
624 1204 16 19 0.033
592 1207 15 20 0.033
818 1300 16 22 0.032
982 1205 14 20 0.032
281 1087 14 18 0.031
619 1097 12 14 0.031
992 695 8 10 0.031
715 1120 12 16 0.030
801 1342 15 22 0.030
708 1264 15 21 0.029
903 1161 12 16 0.029
791 1228 14 20 0.028
572 1351 17 23 0.028
158 1186 17 22 0.028
585 1095 13 15 0.027
784 683 11 14 0.027
430 1261 17 23 0.027
729 1364 18 26 0.027
189 1235 21 24 0.027
244 1180 16 22 0.027
748 1301 13 23 0.026
257 1132 15 21 0.026
218 1190 16 21 0.026
382 1303 19 24 0.026
593 1098 14 16 0.025
658 1319 15 22 0.025
80 1201 16 21 0.024
733 1072 11 13 0.024
709 1129 13 16 0.024
175 1153 15 21 0.024
181 1078 15 19 0.024
205 1234 17 24 0.024
599 1102 14 17 0.024
741 1112 14 19 0.024
176 1086 16 19 0.024
797 1110 12 16 0.023
278 1161 16 21 0.023
927 700 9 11 0.023
255 1460 26 19 0.023
733 1360 16 24 0.023
481 1165 14 19 0.023
816 714 10 13 0.023
179 1136 15 18 0.023
184 1208 18 24 0.023
385 1098 14 16 0.023
243 1120 15 18 0.023
89 1199 17 22 0.023
614 1097 13 15 0.023
123 1151 15 19 0.022
803 1185 14 18 0.022
217 1224 17 23 0.022
718 1116 13 17 0.022
933 1130 13 16 0.022
564 1232 16 21 0.022
389 1310 18 24 0.022
544 1114 14 18 0.021
134 180 15 22 0.021
963 697 9 10 0.021
677 1138 14 20 0.021
423 1193 15 20 0.021
905 1307 15 22 0.021
968 1106 12 15 0.021
992 1177 14 19 0.021
384 132 17 20 0.021
333 196 16 19 0.021
672 1135 14 19 0.021
555 1146 15 18 0.020
911 1137 14 18 0.020
924 1077 11 13 0.020
1002 1317 17 22 0.020
682 1231 15 20 0.020
835 719 10 11 0.020
833 716 9 12 0.020
461 1240 16 22 0.019
768 1086 13 17 0.019
774 1379 18 24 0.019
988 694 8 10 0.019
909 1351 14 20 0.019
19 1213 17 21 0.019
815 1135 13 18 0.019
5 1213 17 22 0.019
475 1229 16 22 0.018
948 1296 14 22 0.018
926 1257 15 20 0.018
409 180 17 24 0.018
503 1353 18 26 0.018
387 1212 17 23 0.018
718 1227 14 19 0.017
841 1105 12 16 0.017
984 695 9 10 0.017
299 1107 15 19 0.017
84 1205 17 22 0.017
973 1105 11 14 0.017
936 1121 12 15 0.017
904 1083 11 14 0.017
470 1167 16 20 0.017
42 1104 15 20 0.017
244 1089 15 19 0.017
395 1171 16 22 0.017
239 1088 14 18 0.016
540 203 16 20 0.016
286 1257 18 25 0.016
928 1274 14 20 0.016
172 1079 17 20 0.016
113 1113 14 18 0.016
926 737 9 11 0.016
692 1251 16 22 0.016
726 1071 10 13 0.016
722 1316 16 22 0.016
880 708 12 13 0.016
48 1161 16 20 0.015
821 1073 12 15 0.015
316 1241 17 24 0.015
1003 1134 11 15 0.015
109 1180 17 22 0.015
668 1295 15 20 0.015
739 1105 12 16 0.015
916 1222 15 20 0.015
282 1100 15 20 0.015
388 154 16 22 0.014
858 1115 11 15 0.014
677 1127 14 18 0.014
76 1084 15 18 0.014
586 1132 13 17 0.014
103 1464 26 15 0.014
443 1192 16 20 0.014
387 1317 20 26 0.014
374 1102 15 17 0.014
453 1210 16 23 0.014
227 1263 20 26 0.014
548 1105 13 15 0.014
298 1134 15 19 0.014
787 682 11 13 0.014
623 1317 16 23 0.014
723 965 11 14 0.013
437 189 14 19 0.013
81 1467 26 13 0.013
878 1214 15 20 0.013
719 1346 16 24 0.013
665 1102 12 15 0.013
807 1179 14 19 0.013
794 1106 12 16 0.013
747 1179 15 19 0.013
887 1181 14 17 0.013
921 1241 16 22 0.013
568 1344 18 24 0.013
428 1302 18 25 0.013
605 1327 17 25 0.013
767 1072 14 17 0.013
1015 1246 11 20 0.013
858 1067 11 13 0.013
628 1316 18 23 0.013
867 1264 15 22 0.012
186 1075 14 19 0.012
927 1242 14 19 0.012
567 1104 15 17 0.012
916 1230 17 21 0.012
930 1052 11 14 0.012
702 1223 16 21 0.012
174 1098 15 20 0.012
616 1130 14 19 0.012
239 1254 18 24 0.012
873 1149 13 17 0.011
678 977 16 19 0.011
696 1227 14 20 0.011
722 1073 13 15 0.011
717 1107 13 18 0.011
744 1353 16 22 0.011
890 1126 12 15 0.011
17 180 13 22 0.011
1015 1206 12 20 0.011
913 1398 16 27 0.011
146 182 18 22 0.011
905 1396 19 25 0.011
376 1303 18 24 0.011
960 1103 12 15 0.010
2 1167 15 22 0.010
928 1059 11 13 0.010
122 1249 18 23 0.010
496 1275 18 24 0.010
232 1088 14 18 0.010
988 1126 13 16 0.010
685 1140 16 19 0.010
807 1142 14 18 0.010
375 1293 18 25 0.010
293 1466 23 13 0.010
