10_People_Marching_People_Marching_2_269
146
770 237 25 33 0.751
724 197 10 13 0.496
67 218 11 15 0.481
750 192 9 13 0.468
655 191 9 10 0.395
246 206 11 14 0.373
944 181 8 10 0.303
888 175 8 9 0.274
807 186 7 8 0.273
694 183 7 8 0.267
775 186 7 7 0.235
480 204 8 11 0.226
333 205 5 7 0.220
572 194 6 7 0.218
202 219 12 13 0.199
612 201 8 12 0.196
919 173 8 11 0.195
604 193 6 8 0.193
570 194 6 7 0.184
610 199 8 12 0.184
723 182 7 9 0.166
59 213 7 10 0.163
70 297 15 18 0.159
535 200 6 7 0.159
590 192 5 6 0.158
524 201 6 7 0.155
668 184 6 8 0.153
725 183 9 10 0.153
606 194 8 10 0.144
391 204 5 7 0.136
672 192 7 9 0.133
940 179 8 11 0.130
691 186 7 8 0.124
538 200 6 7 0.122
761 181 6 7 0.121
711 185 7 9 0.121
398 199 6 7 0.120
396 201 6 7 0.116
343 195 6 8 0.114
482 203 9 11 0.113
608 198 7 10 0.111
7 218 8 9 0.109
970 180 8 10 0.104
674 193 7 8 0.098
498 203 7 10 0.095
253 249 12 16 0.093
394 202 6 7 0.092
529 200 9 9 0.086
436 196 6 7 0.085
670 186 6 9 0.083
965 188 8 11 0.082
969 178 8 9 0.082
968 182 8 11 0.078
10 216 8 10 0.078
811 186 6 8 0.075
319 212 5 7 0.073
777 186 8 10 0.072
230 211 7 9 0.068
237 207 9 11 0.068
586 191 6 8 0.066
557 196 5 6 0.064
460 200 6 8 0.064
307 204 4 6 0.062
485 206 9 10 0.061
948 195 9 10 0.060
319 215 5 5 0.057
1017 190 7 11 0.054
233 207 7 10 0.054
862 178 7 10 0.052
794 181 5 7 0.052
709 187 7 9 0.052
43 217 8 9 0.051
141 226 5 6 0.051
991 177 7 9 0.050
628 192 6 8 0.045
539 197 6 7 0.045
791 195 7 8 0.044
787 183 5 6 0.043
341 195 6 7 0.042
916 173 8 11 0.042
970 183 10 11 0.040
519 202 6 9 0.038
518 197 5 7 0.037
198 220 7 9 0.037
476 216 7 8 0.035
833 178 6 7 0.034
896 176 7 8 0.033
87 218 9 11 0.032
618 192 7 8 0.032
845 190 7 8 0.031
832 177 5 7 0.031
847 182 6 8 0.030
107 213 7 9 0.030
279 215 5 8 0.030
110 212 8 9 0.030
920 171 9 10 0.029
529 215 7 9 0.029
527 198 7 8 0.028
652 212 11 13 0.027
933 169 8 8 0.025
590 203 6 7 0.025
847 178 6 7 0.025
984 192 8 9 0.025
492 195 6 8 0.024
202 316 16 20 0.023
49 216 10 10 0.023
30 215 8 9 0.022
117 195 7 8 0.022
316 214 5 6 0.022
864 182 7 9 0.021
974 177 10 10 0.020
103 212 9 10 0.020
121 196 6 9 0.019
404 198 5 7 0.019
963 176 9 10 0.018
253 206 8 13 0.018
383 205 5 7 0.017
860 182 9 11 0.017
276 215 6 7 0.017
475 196 5 7 0.017
972 190 8 9 0.017
887 173 12 13 0.017
76 218 9 12 0.017
82 218 10 12 0.017
868 176 6 7 0.016
418 232 5 7 0.016
437 209 5 7 0.016
917 171 7 10 0.015
184 221 5 7 0.015
131 228 5 6 0.015
417 206 5 6 0.015
995 180 7 9 0.014
382 208 5 6 0.014
0 233 8 12 0.014
338 198 7 9 0.012
549 236 6 9 0.012
306 206 4 5 0.012
1003 200 8 11 0.011
436 196 8 9 0.011
418 229 6 7 0.011
526 212 9 10 0.011
478 205 11 14 0.011
420 226 6 8 0.010
924 192 6 8 0.010
812 217 9 11 0.010
418 234 6 7 0.010
