10_People_Marching_People_Marching_2_27
55
212 203 24 29 0.759
363 182 29 37 0.757
575 190 36 44 0.733
915 265 34 47 0.733
538 196 31 38 0.727
434 185 28 38 0.726
18 188 26 32 0.725
860 204 26 34 0.722
306 181 35 40 0.721
791 226 26 35 0.714
832 224 32 39 0.708
645 180 27 36 0.705
705 202 32 38 0.692
265 193 27 32 0.692
611 209 32 36 0.682
485 194 23 27 0.670
915 212 30 36 0.669
652 220 25 29 0.652
131 195 30 34 0.620
205 186 22 26 0.613
991 206 19 36 0.544
0 187 13 29 0.542
39 204 27 36 0.529
519 194 24 33 0.517
162 184 25 31 0.373
759 229 23 32 0.373
419 219 21 24 0.195
72 210 18 23 0.119
880 179 21 27 0.118
710 184 28 31 0.109
771 204 21 27 0.090
175 183 24 27 0.084
140 293 30 40 0.068
897 209 21 30 0.055
813 221 33 42 0.046
888 219 22 34 0.040
24 191 33 44 0.037
904 204 20 26 0.037
478 202 19 25 0.035
126 198 24 29 0.030
64 295 34 46 0.030
78 214 19 24 0.029
158 182 22 27 0.024
343 187 18 24 0.024
763 205 22 26 0.023
141 190 31 32 0.020
125 208 20 25 0.017
537 183 21 26 0.016
158 201 27 29 0.015
300 193 28 32 0.015
0 200 12 31 0.015
276 200 25 28 0.014
612 192 22 27 0.011
944 221 20 26 0.011
171 202 24 26 0.010
