10_People_Marching_People_Marching_2_668
56
409 306 48 54 0.814
296 351 37 42 0.785
193 298 38 46 0.774
100 263 33 41 0.767
540 291 31 37 0.753
658 310 32 37 0.743
769 315 27 30 0.739
371 331 20 24 0.716
858 315 22 25 0.709
605 306 21 27 0.700
514 314 19 23 0.686
922 335 17 19 0.657
986 332 13 16 0.605
957 329 14 16 0.603
461 318 26 33 0.563
903 346 15 16 0.402
1004 341 11 13 0.360
945 341 13 17 0.255
901 341 14 16 0.155
829 338 13 15 0.146
644 325 17 23 0.121
836 337 11 15 0.094
304 320 21 26 0.094
898 346 15 17 0.081
44 300 7 9 0.076
1009 343 9 12 0.054
812 338 16 17 0.043
888 339 12 15 0.041
900 337 11 15 0.038
347 318 13 19 0.035
839 330 11 15 0.035
825 338 11 14 0.033
986 324 11 14 0.031
1011 339 9 14 0.029
713 327 16 17 0.027
1018 313 6 14 0.021
592 329 14 17 0.020
592 323 13 15 0.020
1003 254 5 6 0.016
922 325 10 13 0.016
807 336 16 18 0.016
589 315 11 16 0.015
355 320 14 17 0.015
2 282 6 9 0.015
884 333 12 17 0.015
676 315 25 26 0.014
821 341 12 15 0.013
729 334 12 15 0.012
466 310 26 34 0.012
902 278 6 6 0.012
643 318 13 19 0.012
352 317 13 17 0.012
888 286 6 7 0.011
971 350 11 14 0.011
888 315 12 16 0.011
1014 95 6 6 0.010
