10_People_Marching_People_Marching_2_678
60
723 271 26 33 0.792
622 294 21 26 0.768
351 276 25 31 0.767
450 296 22 27 0.736
887 294 20 23 0.731
842 303 23 27 0.729
305 290 23 27 0.719
786 304 22 26 0.690
946 209 12 14 0.684
515 301 21 26 0.680
255 288 27 31 0.679
901 207 12 15 0.665
23 317 12 19 0.523
205 296 11 15 0.523
66 253 10 14 0.497
37 317 14 21 0.458
218 296 23 27 0.412
116 335 12 17 0.390
565 326 13 15 0.333
756 316 21 26 0.306
116 301 10 11 0.263
380 302 17 20 0.260
169 311 10 12 0.244
190 317 9 14 0.162
70 366 9 14 0.104
157 336 9 14 0.089
107 342 10 17 0.087
202 292 18 23 0.081
72 355 11 15 0.074
85 334 12 16 0.073
590 320 11 13 0.069
978 265 12 14 0.065
120 300 8 11 0.064
421 323 13 15 0.056
58 327 9 14 0.056
1017 226 7 13 0.053
112 302 10 11 0.053
89 336 11 17 0.042
2 334 11 15 0.039
76 352 9 14 0.038
106 347 10 16 0.038
433 286 14 16 0.038
846 185 10 11 0.036
175 339 13 15 0.031
826 350 19 21 0.026
561 323 13 15 0.024
164 317 11 15 0.023
577 337 9 10 0.023
872 267 10 13 0.023
67 361 12 17 0.023
602 347 8 9 0.022
600 346 8 9 0.019
108 298 10 13 0.019
303 278 17 21 0.018
155 336 8 12 0.015
89 330 11 16 0.013
674 334 9 12 0.013
887 283 14 17 0.012
982 263 13 16 0.011
1003 249 11 13 0.011
