11_Meeting_Meeting_11_Meeting_Meeting_11_574
156
958 331 34 44 0.805
713 322 31 36 0.791
850 292 29 38 0.770
262 298 22 28 0.765
349 301 23 28 0.755
801 264 22 29 0.754
639 283 25 31 0.752
971 288 32 36 0.747
198 290 22 28 0.746
304 258 16 20 0.721
688 261 18 24 0.707
865 240 19 23 0.705
509 237 15 18 0.704
357 257 17 21 0.697
435 216 15 19 0.694
533 244 16 20 0.693
495 223 14 18 0.690
400 276 20 24 0.687
455 220 14 19 0.673
741 288 24 29 0.673
729 240 16 19 0.665
514 208 14 18 0.646
592 231 13 16 0.646
354 235 15 20 0.644
804 236 15 18 0.640
926 220 16 19 0.638
553 231 16 21 0.636
953 258 18 26 0.621
44 339 40 65 0.616
753 219 13 16 0.615
483 260 17 22 0.613
872 216 16 18 0.608
123 297 20 23 0.608
625 219 12 14 0.596
931 203 14 18 0.585
659 205 11 15 0.584
588 193 11 14 0.582
785 257 18 24 0.554
771 207 11 15 0.540
919 194 11 14 0.537
127 55 19 31 0.534
399 251 17 22 0.499
527 206 12 14 0.475
613 200 11 14 0.473
821 188 10 12 0.451
706 249 17 22 0.442
469 244 14 18 0.420
567 199 12 14 0.417
555 200 10 13 0.410
785 208 11 14 0.389
604 193 11 12 0.386
572 213 11 14 0.384
823 209 12 14 0.369
635 188 8 11 0.350
694 194 10 12 0.334
645 194 10 12 0.330
706 192 10 12 0.295
559 199 12 14 0.291
414 235 13 17 0.285
943 236 16 18 0.282
520 206 14 16 0.274
680 195 9 11 0.262
885 194 10 11 0.254
401 247 16 19 0.232
304 132 12 16 0.220
608 196 11 14 0.212
833 197 10 12 0.192
768 262 15 18 0.164
793 194 8 9 0.154
665 186 8 9 0.144
958 241 14 17 0.134
544 222 14 17 0.130
615 189 9 10 0.126
736 226 11 13 0.125
689 194 11 13 0.120
805 205 11 14 0.115
703 188 9 11 0.111
836 197 11 13 0.107
704 184 7 8 0.106
694 228 12 15 0.097
416 240 13 19 0.097
965 301 34 46 0.085
637 187 9 12 0.085
803 215 13 15 0.081
808 201 9 13 0.080
928 206 18 23 0.071
491 233 16 21 0.070
511 207 12 17 0.068
883 290 17 24 0.068
709 190 8 11 0.062
896 213 10 13 0.060
644 218 10 14 0.058
614 224 12 15 0.057
936 238 17 20 0.057
848 202 10 13 0.056
631 187 11 14 0.055
675 236 16 19 0.054
825 266 16 22 0.051
734 229 12 16 0.050
697 328 19 28 0.049
605 203 12 15 0.044
556 195 9 11 0.040
671 223 13 15 0.039
716 207 10 15 0.039
715 212 11 15 0.037
728 237 13 18 0.036
607 221 12 16 0.036
769 256 15 19 0.036
747 258 15 20 0.030
0 346 17 60 0.029
639 184 7 10 0.027
676 204 9 13 0.025
817 263 17 23 0.024
587 191 9 12 0.024
731 287 28 30 0.023
647 219 11 14 0.023
535 222 12 15 0.021
831 272 17 26 0.021
756 263 17 20 0.019
903 268 19 24 0.019
688 180 7 8 0.018
852 207 10 13 0.017
585 245 12 16 0.017
642 222 12 15 0.017
349 287 15 18 0.017
618 185 7 9 0.017
593 190 9 12 0.017
929 244 17 21 0.016
596 211 11 14 0.016
696 177 7 8 0.016
840 192 9 10 0.015
904 211 9 14 0.015
915 194 10 13 0.014
610 245 13 17 0.014
692 198 10 13 0.014
585 256 13 16 0.013
522 240 16 19 0.013
834 232 13 17 0.013
726 284 21 24 0.013
300 131 12 17 0.013
672 240 14 19 0.012
637 244 14 18 0.012
748 219 9 13 0.012
824 215 13 17 0.012
624 272 17 20 0.012
904 258 16 23 0.012
721 199 9 11 0.012
688 241 14 17 0.012
976 220 11 15 0.011
883 191 9 11 0.011
777 89 6 7 0.010
831 251 19 23 0.010
838 233 14 18 0.010
962 237 14 17 0.010
636 180 7 9 0.010
591 240 12 16 0.010
