11_Meeting_Meeting_11_Meeting_Meeting_11_176
26
795 88 43 64 0.830
188 210 23 30 0.804
121 244 33 42 0.801
166 76 21 27 0.791
498 212 23 28 0.791
214 266 28 35 0.789
694 246 34 44 0.783
571 211 20 26 0.782
412 217 26 33 0.776
15 234 26 31 0.774
654 202 21 28 0.772
337 226 26 33 0.766
284 212 20 24 0.763
777 247 28 34 0.620
648 275 22 57 0.581
356 220 20 25 0.501
897 226 16 28 0.234
589 254 16 19 0.192
443 323 31 64 0.057
762 243 20 25 0.055
350 227 22 28 0.037
759 238 19 25 0.029
292 346 37 58 0.022
74 281 23 25 0.018
902 231 17 25 0.016
899 219 12 24 0.011
