11_Meeting_Meeting_11_Meeting_Meeting_11_295
29
609 370 52 63 0.851
124 455 65 96 0.801
55 335 36 54 0.775
899 310 23 31 0.767
691 291 21 29 0.764
231 338 28 34 0.762
801 298 21 29 0.751
141 372 30 52 0.739
593 310 21 37 0.703
810 547 56 115 0.692
491 330 27 42 0.647
443 218 16 21 0.627
504 234 14 22 0.550
793 321 18 31 0.425
447 545 71 110 0.297
12 348 19 21 0.210
416 345 21 34 0.123
406 521 56 105 0.073
792 310 20 33 0.028
126 337 16 26 0.016
449 242 15 22 0.016
130 358 26 46 0.015
449 118 10 18 0.014
330 155 9 12 0.014
316 173 9 11 0.014
477 324 25 38 0.013
80 363 20 34 0.013
327 157 10 13 0.013
360 291 7 8 0.011
