11_Meeting_Meeting_11_Meeting_Meeting_11_189
71
197 386 27 37 0.780
808 144 34 56 0.775
97 382 18 26 0.703
327 379 13 16 0.621
397 390 15 21 0.617
160 368 16 17 0.611
66 367 17 21 0.610
107 363 11 14 0.576
255 362 10 13 0.574
18 361 11 14 0.541
46 355 10 12 0.522
497 360 10 13 0.491
337 363 10 13 0.489
427 367 13 14 0.454
275 371 12 15 0.419
74 354 9 11 0.366
1 364 9 15 0.360
138 361 9 11 0.353
42 356 11 12 0.318
217 357 7 8 0.305
418 356 7 8 0.305
1 359 10 15 0.299
219 359 7 8 0.231
375 357 5 6 0.206
394 361 7 9 0.184
374 358 7 8 0.142
21 360 11 13 0.142
432 366 10 13 0.121
300 352 7 9 0.120
279 371 10 13 0.119
374 355 8 10 0.108
289 349 8 9 0.100
297 352 9 10 0.083
72 354 8 9 0.081
278 375 11 15 0.068
39 382 12 13 0.066
149 452 30 45 0.065
72 355 11 15 0.061
45 356 14 18 0.059
230 357 6 7 0.050
30 353 10 11 0.050
234 355 6 7 0.049
412 366 9 11 0.047
157 346 8 10 0.047
331 371 12 14 0.040
207 371 8 11 0.038
45 380 11 14 0.036
170 344 7 9 0.036
111 364 9 11 0.035
204 372 8 10 0.031
168 350 9 11 0.030
336 355 6 7 0.030
338 361 8 10 0.029
288 339 6 7 0.027
3 354 7 11 0.023
230 360 7 8 0.023
493 359 9 12 0.022
166 354 10 11 0.021
334 357 7 8 0.020
382 377 9 12 0.018
214 355 6 8 0.016
87 364 11 13 0.016
259 360 9 9 0.015
205 370 15 20 0.015
287 343 8 10 0.014
164 346 8 10 0.014
154 346 7 8 0.013
303 353 6 7 0.012
466 389 10 13 0.012
82 359 9 10 0.011
172 368 8 11 0.010
