11_Meeting_Meeting_11_Meeting_Meeting_11_702
129
749 320 58 67 0.864
442 296 52 61 0.842
680 255 41 49 0.836
889 243 50 50 0.830
418 237 38 46 0.810
792 185 38 41 0.802
625 191 29 38 0.799
544 158 21 27 0.796
121 211 26 28 0.796
4 297 41 38 0.791
618 138 21 25 0.783
961 181 43 40 0.778
891 162 34 37 0.778
408 201 29 36 0.773
21 193 29 30 0.770
823 150 27 32 0.769
719 163 26 32 0.763
508 131 16 21 0.761
668 147 23 29 0.756
714 129 19 24 0.755
526 141 20 24 0.750
579 177 24 31 0.747
359 166 21 26 0.746
769 133 22 28 0.738
376 185 25 29 0.736
0 212 20 32 0.736
914 118 19 22 0.733
805 122 17 20 0.729
401 141 18 23 0.729
479 128 15 19 0.727
860 126 19 24 0.726
373 126 18 21 0.725
345 155 17 21 0.723
330 131 16 19 0.715
44 168 27 30 0.707
684 123 18 22 0.699
782 108 15 18 0.677
752 110 14 18 0.677
835 117 15 18 0.670
943 142 25 27 0.668
945 111 18 21 0.660
879 107 15 18 0.656
814 94 11 13 0.642
571 126 15 17 0.630
533 120 15 19 0.628
699 106 13 15 0.609
657 121 16 20 0.600
900 100 11 14 0.598
982 99 12 13 0.586
924 100 12 15 0.576
641 129 14 18 0.567
985 129 22 25 0.543
1000 104 11 13 0.530
771 72 8 10 0.465
751 70 8 10 0.464
803 73 9 10 0.454
1014 111 10 16 0.430
171 410 25 27 0.422
916 70 8 10 0.366
1012 125 12 19 0.343
936 92 9 10 0.338
797 73 9 9 0.261
793 73 7 8 0.207
631 120 13 14 0.203
881 132 12 16 0.189
967 68 7 8 0.171
722 93 9 11 0.151
994 126 20 23 0.138
754 58 7 9 0.137
936 95 11 13 0.133
970 151 15 19 0.126
528 132 17 21 0.125
781 126 21 23 0.120
787 92 10 12 0.112
918 71 10 11 0.097
753 63 7 9 0.096
595 101 10 13 0.095
649 153 18 22 0.077
755 56 6 8 0.076
1002 108 14 17 0.075
1007 168 16 25 0.063
873 168 17 25 0.060
607 125 15 20 0.057
109 357 29 31 0.043
648 146 17 22 0.041
925 79 9 10 0.036
610 129 17 21 0.035
346 187 13 18 0.034
943 119 19 21 0.034
1 395 30 34 0.033
103 226 18 23 0.032
888 350 49 50 0.030
672 109 11 13 0.029
971 67 6 8 0.028
538 120 14 17 0.025
961 105 11 15 0.025
323 181 11 16 0.023
839 119 15 18 0.022
721 99 11 12 0.021
1011 162 11 23 0.020
463 120 12 14 0.019
885 130 14 18 0.019
984 152 19 20 0.019
792 75 7 10 0.018
743 58 6 9 0.018
186 268 27 27 0.018
991 152 18 21 0.018
728 110 12 14 0.017
857 105 11 13 0.016
968 112 12 15 0.015
774 104 12 16 0.015
26 179 34 41 0.014
605 388 42 56 0.014
841 131 18 20 0.014
969 157 18 18 0.014
1010 98 10 13 0.013
646 163 19 22 0.013
757 112 13 18 0.013
892 95 10 12 0.013
413 121 14 14 0.013
251 286 13 18 0.013
1015 98 8 11 0.012
895 113 13 16 0.012
903 77 8 10 0.012
1003 172 22 29 0.011
726 107 11 13 0.011
359 137 16 19 0.011
770 70 11 14 0.010
591 392 41 50 0.010
