11_Meeting_Meeting_11_Meeting_Meeting_11_26
110
780 264 20 24 0.742
249 257 16 21 0.728
807 276 19 24 0.725
219 272 19 24 0.709
728 249 13 17 0.681
179 282 18 26 0.666
309 251 14 17 0.658
829 292 19 26 0.657
341 238 15 16 0.645
692 243 11 14 0.622
655 234 11 14 0.617
166 232 11 14 0.610
749 250 14 20 0.606
157 303 20 33 0.603
423 230 10 12 0.596
379 235 11 13 0.575
632 232 10 13 0.564
612 227 9 11 0.557
272 252 12 18 0.549
673 236 10 13 0.524
79 327 24 31 0.523
1004 202 11 14 0.519
444 229 10 13 0.497
526 219 8 10 0.497
402 233 10 13 0.488
266 199 9 11 0.462
291 246 13 17 0.454
460 227 8 10 0.440
202 234 14 17 0.426
250 225 10 12 0.388
704 244 10 12 0.317
863 313 15 30 0.288
929 299 23 30 0.263
207 281 13 21 0.256
66 220 21 23 0.232
166 297 21 32 0.222
324 281 9 11 0.216
414 243 10 11 0.213
300 269 12 15 0.193
182 232 9 12 0.160
707 241 10 13 0.152
351 10 13 16 0.135
178 232 10 13 0.118
607 229 9 11 0.108
302 248 14 18 0.106
976 220 13 17 0.106
643 514 84 154 0.106
236 238 10 13 0.103
582 234 7 9 0.094
263 200 8 10 0.088
550 220 7 8 0.084
542 231 8 10 0.063
747 247 11 17 0.060
527 264 9 10 0.053
89 235 12 17 0.049
537 219 8 9 0.048
279 399 69 128 0.048
551 222 8 10 0.046
601 233 9 11 0.044
189 231 12 14 0.044
509 218 6 9 0.042
545 229 8 9 0.039
548 231 9 12 0.038
153 299 20 30 0.036
77 229 17 21 0.033
347 237 12 15 0.030
467 229 8 9 0.029
554 237 9 11 0.028
507 220 7 10 0.027
988 658 34 35 0.027
556 230 7 10 0.026
706 238 9 11 0.026
701 246 11 14 0.025
922 324 20 29 0.025
349 16 13 17 0.024
598 238 8 10 0.024
338 239 13 16 0.023
457 409 17 19 0.021
559 239 8 10 0.021
1 154 23 35 0.020
298 346 60 84 0.019
610 247 9 11 0.019
926 298 35 45 0.017
349 5 14 17 0.017
462 242 7 10 0.017
976 351 15 20 0.017
208 231 10 12 0.016
474 231 8 11 0.016
106 390 20 40 0.016
71 422 35 43 0.015
599 36 32 30 0.015
806 371 27 36 0.015
526 242 8 12 0.015
510 220 7 9 0.014
219 259 13 15 0.014
552 242 9 10 0.014
72 359 24 31 0.014
672 240 9 13 0.013
232 245 13 17 0.013
958 531 58 101 0.013
926 312 19 25 0.012
456 225 8 10 0.012
95 402 25 45 0.011
459 405 15 17 0.011
591 131 6 6 0.011
354 5 14 17 0.011
467 403 12 18 0.011
860 308 16 24 0.011
172 278 18 24 0.010
652 257 9 10 0.010
