11_Meeting_Meeting_11_Meeting_Meeting_11_441
44
649 290 29 36 0.809
555 278 26 34 0.796
462 274 25 32 0.776
403 277 24 37 0.766
731 289 27 41 0.726
257 303 25 46 0.676
139 358 35 64 0.671
919 585 106 93 0.668
738 332 26 37 0.649
203 478 60 79 0.636
422 350 32 52 0.627
376 305 27 41 0.587
824 342 33 46 0.582
777 10 11 16 0.572
600 225 9 12 0.557
672 10 11 14 0.530
768 331 26 43 0.503
558 227 8 12 0.470
621 243 9 11 0.140
228 637 49 54 0.120
388 312 34 50 0.086
777 46 9 11 0.084
748 329 31 45 0.074
560 228 9 12 0.069
336 303 24 32 0.051
955 416 30 41 0.049
1016 408 7 19 0.040
788 344 26 38 0.039
621 319 23 33 0.030
674 7 11 14 0.024
223 470 49 76 0.024
597 225 8 11 0.019
960 414 39 49 0.019
857 228 12 17 0.017
254 196 7 8 0.016
239 525 40 63 0.016
1011 408 12 22 0.014
333 308 20 25 0.014
363 301 33 45 0.014
349 303 27 38 0.014
638 205 8 9 0.013
671 45 9 11 0.010
92 318 26 27 0.010
572 246 10 11 0.010
