11_Meeting_Meeting_11_Meeting_Meeting_11_644
109
616 464 24 33 0.714
306 429 27 47 0.687
449 452 20 37 0.514
604 456 13 18 0.508
853 461 9 12 0.344
376 463 15 27 0.330
669 447 13 20 0.321
804 472 9 11 0.262
162 469 8 9 0.259
150 462 7 8 0.254
786 465 7 9 0.242
876 463 8 10 0.241
220 464 9 11 0.234
927 452 10 14 0.231
558 496 18 26 0.204
70 462 8 11 0.194
204 467 10 12 0.166
904 445 10 12 0.162
259 450 12 14 0.143
603 453 20 27 0.130
93 440 11 13 0.112
262 451 13 16 0.109
185 465 8 9 0.109
243 460 12 17 0.104
845 461 10 12 0.104
591 485 13 19 0.093
186 463 9 9 0.086
342 458 9 15 0.085
4 468 8 12 0.083
373 459 14 23 0.081
815 486 10 12 0.077
214 465 10 11 0.074
592 480 12 17 0.068
155 465 8 10 0.063
811 481 10 13 0.062
672 446 17 21 0.059
807 465 8 10 0.058
34 489 16 25 0.057
522 479 11 14 0.057
855 487 9 11 0.056
511 462 12 17 0.056
837 460 9 11 0.054
827 471 8 9 0.046
56 491 13 18 0.046
804 471 12 16 0.043
930 452 13 15 0.043
20 455 10 12 0.043
829 468 9 11 0.041
643 487 10 15 0.041
339 460 9 14 0.040
1007 458 9 12 0.039
143 478 8 9 0.039
67 460 12 15 0.037
1000 455 10 12 0.036
237 462 9 12 0.036
402 452 13 19 0.036
872 491 7 10 0.034
504 461 15 21 0.033
983 450 7 9 0.030
0 501 6 16 0.030
793 490 14 17 0.029
368 458 11 16 0.029
914 471 10 12 0.029
508 459 11 16 0.029
836 456 8 10 0.028
78 440 9 13 0.027
259 477 18 21 0.027
824 467 8 8 0.024
42 489 17 22 0.024
804 485 13 16 0.021
780 524 16 22 0.021
39 466 8 12 0.021
203 471 11 12 0.020
247 463 16 20 0.020
784 462 11 15 0.019
102 457 13 15 0.019
739 455 8 11 0.019
740 448 8 9 0.019
715 455 9 13 0.018
873 462 12 14 0.018
799 486 10 13 0.018
579 478 9 13 0.017
64 462 8 11 0.017
994 455 9 11 0.017
97 452 13 14 0.016
737 459 8 10 0.016
664 445 11 18 0.016
344 453 11 15 0.016
773 464 9 10 0.015
770 465 8 9 0.015
722 458 10 12 0.014
852 489 9 9 0.014
406 451 12 16 0.014
983 453 6 10 0.014
494 455 12 18 0.013
902 484 8 9 0.013
754 499 12 14 0.013
107 457 10 13 0.013
245 469 14 19 0.013
1010 460 8 11 0.013
766 461 8 9 0.013
385 462 18 24 0.012
742 464 7 10 0.012
718 464 7 11 0.012
256 447 21 26 0.011
33 465 9 12 0.011
1011 454 7 11 0.011
140 479 8 9 0.011
2 472 7 11 0.011
