11_Meeting_Meeting_11_Meeting_Meeting_11_529
23
828 315 51 65 0.851
9 310 57 73 0.848
666 458 72 90 0.842
633 280 51 63 0.835
539 349 66 83 0.828
845 411 77 90 0.821
174 303 42 55 0.819
66 230 34 39 0.817
459 280 49 56 0.812
420 121 35 45 0.796
14 247 43 56 0.772
355 402 42 59 0.762
728 292 32 37 0.695
778 288 28 35 0.514
283 284 30 37 0.486
113 295 30 37 0.034
148 333 28 33 0.028
542 264 13 20 0.015
371 307 37 42 0.014
684 292 15 25 0.013
774 294 22 29 0.011
512 289 23 34 0.011
527 500 68 68 0.011
