11_Meeting_Meeting_11_Meeting_Meeting_11_774
380
13 602 51 59 0.817
234 410 17 21 0.750
449 436 20 24 0.750
403 437 23 29 0.744
569 472 20 25 0.735
498 419 19 25 0.725
742 395 18 22 0.725
349 416 16 20 0.722
272 400 17 23 0.714
601 441 21 27 0.713
765 388 16 20 0.705
597 404 15 20 0.700
709 414 17 21 0.700
301 421 18 24 0.687
392 410 16 21 0.679
472 391 17 21 0.678
298 386 15 19 0.667
128 386 14 18 0.657
790 351 13 15 0.653
783 298 10 12 0.651
410 359 13 16 0.649
626 395 14 18 0.644
251 379 14 19 0.639
454 378 11 15 0.638
132 350 11 15 0.636
194 372 14 17 0.634
830 307 10 13 0.634
801 373 14 17 0.632
819 373 14 17 0.632
741 356 11 14 0.621
426 407 16 18 0.611
885 322 12 16 0.609
67 379 12 16 0.606
509 363 12 15 0.603
844 364 12 14 0.603
101 394 12 16 0.601
508 388 14 20 0.594
423 385 13 15 0.593
480 370 12 14 0.589
102 354 14 17 0.589
146 366 11 14 0.586
109 375 11 14 0.583
330 352 10 11 0.583
376 368 12 14 0.578
652 361 13 15 0.575
348 367 13 17 0.570
13 96 8 9 0.569
715 369 14 15 0.562
945 327 11 14 0.557
230 376 11 15 0.557
287 369 10 15 0.552
650 449 15 21 0.551
321 372 14 16 0.551
760 44 11 13 0.544
397 385 12 16 0.544
830 392 15 18 0.538
539 469 25 27 0.528
270 349 11 12 0.506
524 304 7 9 0.504
156 344 12 14 0.501
480 352 10 12 0.501
109 306 8 10 0.501
713 302 8 10 0.498
175 360 13 16 0.497
734 344 11 12 0.493
359 341 10 13 0.492
108 335 10 13 0.485
563 340 10 12 0.484
40 98 7 8 0.484
706 350 11 14 0.471
604 372 12 14 0.466
658 388 13 15 0.464
441 335 8 11 0.458
459 353 10 13 0.458
660 433 16 24 0.457
545 343 10 12 0.454
566 376 12 15 0.450
94 100 7 9 0.449
201 345 11 13 0.423
706 52 10 12 0.419
391 328 8 10 0.418
128 331 8 11 0.417
667 308 9 11 0.414
645 298 8 10 0.412
309 359 13 15 0.409
522 348 9 12 0.408
335 296 6 7 0.407
185 392 12 18 0.404
371 292 6 7 0.400
215 302 7 8 0.398
364 402 16 18 0.397
255 342 9 13 0.394
325 333 8 10 0.393
246 360 11 14 0.393
418 301 6 8 0.380
183 109 7 8 0.370
577 356 9 12 0.351
71 364 10 14 0.336
244 324 7 8 0.335
164 117 6 8 0.333
502 347 9 10 0.330
301 342 9 11 0.329
644 57 10 13 0.327
210 328 8 10 0.327
68 105 7 8 0.324
421 337 9 10 0.306
797 47 10 11 0.305
531 334 8 10 0.303
119 110 7 8 0.299
233 362 11 14 0.293
619 347 9 13 0.291
460 332 8 10 0.276
670 52 12 14 0.275
841 7 10 11 0.270
527 417 13 17 0.265
183 342 8 10 0.256
337 296 6 8 0.250
239 340 9 10 0.250
1 373 12 18 0.248
277 335 8 9 0.245
156 387 12 15 0.244
633 346 9 13 0.243
669 405 15 21 0.240
609 66 9 11 0.237
265 324 6 8 0.233
314 322 7 8 0.223
581 385 12 17 0.221
420 301 6 8 0.220
621 398 14 19 0.219
706 285 8 9 0.217
231 112 6 7 0.216
420 334 8 10 0.214
295 329 6 7 0.207
214 129 7 7 0.187
476 338 8 10 0.187
280 335 8 10 0.183
432 355 10 13 0.183
525 406 13 15 0.181
499 347 9 11 0.180
213 303 7 8 0.178
380 349 10 13 0.175
145 372 11 15 0.171
431 444 15 19 0.170
362 384 13 17 0.169
302 352 11 13 0.169
566 84 10 12 0.167
117 110 6 8 0.167
600 406 17 24 0.167
449 327 7 9 0.167
248 363 11 14 0.166
369 328 7 8 0.165
242 340 9 11 0.161
142 113 7 8 0.158
660 391 14 19 0.157
69 348 10 11 0.154
68 363 10 13 0.153
345 332 7 9 0.149
369 330 8 10 0.147
711 301 9 11 0.146
367 327 7 8 0.146
187 330 8 10 0.135
184 339 8 10 0.134
341 397 14 16 0.134
854 413 15 15 0.133
230 354 9 12 0.132
602 344 9 11 0.130
188 378 14 20 0.127
351 97 6 7 0.126
336 399 14 17 0.124
480 328 7 8 0.120
630 347 10 13 0.117
10 344 10 13 0.117
394 328 7 9 0.113
493 108 7 9 0.112
904 360 11 13 0.111
548 342 9 10 0.110
636 348 9 12 0.110
739 343 9 13 0.107
371 337 9 12 0.106
529 386 11 14 0.105
468 96 7 9 0.105
340 102 5 7 0.102
601 372 11 12 0.099
314 110 6 7 0.096
258 123 6 7 0.093
229 127 7 7 0.091
51 371 9 15 0.090
157 335 8 10 0.088
249 130 6 8 0.087
594 76 9 11 0.087
216 128 7 8 0.086
837 5 10 11 0.084
472 428 14 18 0.084
207 338 9 12 0.083
530 406 13 17 0.081
230 364 11 14 0.079
387 107 6 7 0.077
589 367 11 13 0.076
541 414 14 19 0.076
794 46 10 12 0.075
442 90 8 9 0.075
512 87 8 10 0.075
567 343 9 11 0.074
639 295 7 9 0.074
243 360 11 14 0.073
366 329 8 10 0.073
45 356 9 12 0.073
152 345 11 14 0.072
905 378 13 17 0.071
223 334 7 9 0.069
451 99 9 11 0.067
58 357 10 11 0.067
0 393 8 16 0.066
534 408 13 18 0.065
338 329 6 7 0.065
113 306 8 10 0.064
151 412 14 17 0.064
347 321 6 8 0.063
755 376 11 14 0.063
730 344 9 12 0.062
117 325 8 10 0.062
704 374 11 15 0.062
442 339 10 12 0.061
628 429 16 19 0.059
611 63 10 13 0.059
182 387 14 17 0.059
35 108 8 10 0.058
384 371 13 16 0.058
531 382 11 15 0.057
906 374 11 16 0.057
262 325 7 9 0.056
414 324 6 8 0.056
352 99 6 7 0.055
655 359 12 14 0.054
824 345 13 14 0.052
191 329 6 8 0.052
637 368 10 13 0.052
281 132 6 7 0.050
823 392 13 16 0.050
572 436 15 22 0.050
36 104 9 10 0.048
446 321 7 8 0.048
701 376 11 16 0.046
683 63 9 12 0.045
291 337 8 10 0.045
910 49 11 14 0.045
73 362 10 14 0.045
949 326 11 15 0.044
418 385 11 15 0.043
513 85 8 10 0.042
578 430 14 21 0.042
71 108 7 9 0.042
701 291 7 9 0.041
220 323 8 10 0.041
209 420 12 16 0.041
344 100 5 6 0.040
334 298 7 10 0.039
752 379 13 17 0.039
669 311 8 11 0.038
640 56 11 14 0.037
159 332 8 9 0.036
426 96 7 8 0.036
830 0 8 9 0.036
263 128 7 7 0.035
430 431 17 22 0.035
233 141 7 9 0.034
576 410 13 19 0.034
651 339 9 11 0.034
470 96 8 9 0.033
666 312 8 11 0.033
376 293 5 6 0.032
404 339 7 10 0.031
893 348 9 12 0.031
673 436 14 20 0.031
417 298 7 9 0.031
26 317 10 13 0.031
178 128 7 8 0.031
829 346 11 13 0.031
167 86 6 7 0.030
570 449 17 26 0.030
701 298 7 9 0.028
5 347 11 15 0.028
50 136 7 8 0.028
181 340 12 15 0.027
538 418 14 19 0.027
46 380 10 14 0.026
241 320 8 10 0.026
491 84 7 9 0.026
331 401 13 17 0.026
848 415 14 15 0.026
186 329 7 8 0.026
508 95 8 11 0.026
415 104 6 8 0.025
282 368 11 14 0.025
966 48 10 12 0.025
158 330 7 8 0.024
290 326 5 7 0.024
521 304 7 8 0.024
777 342 10 13 0.022
646 54 9 12 0.022
253 137 6 8 0.022
567 433 15 21 0.022
123 108 6 8 0.021
38 338 8 11 0.021
40 340 8 12 0.020
41 386 10 13 0.020
705 327 7 10 0.020
384 106 6 6 0.020
214 125 6 8 0.020
440 413 14 18 0.019
829 5 9 11 0.019
518 86 8 11 0.019
721 69 10 13 0.019
140 333 9 10 0.019
27 322 9 12 0.019
3 114 6 8 0.019
13 93 7 9 0.019
482 326 6 8 0.018
418 102 6 8 0.018
532 71 10 11 0.018
531 85 8 10 0.017
545 411 14 18 0.017
380 125 6 6 0.017
831 311 10 13 0.016
720 322 9 11 0.016
90 385 11 15 0.016
48 112 7 8 0.016
670 304 7 9 0.016
256 141 6 8 0.016
786 350 11 14 0.015
205 383 13 17 0.015
149 408 12 17 0.015
663 403 14 18 0.015
537 70 8 9 0.015
914 32 10 12 0.015
504 388 13 17 0.015
708 56 11 13 0.015
281 134 6 8 0.014
436 91 9 11 0.014
296 134 6 6 0.014
298 137 6 7 0.014
122 416 14 13 0.014
860 410 12 14 0.014
320 133 6 6 0.014
247 131 8 10 0.014
257 125 8 10 0.014
795 350 12 15 0.014
547 421 15 20 0.014
461 330 6 8 0.013
309 123 6 7 0.013
941 326 11 14 0.013
228 382 13 16 0.013
603 342 8 9 0.013
393 107 6 7 0.013
420 327 6 8 0.013
368 292 5 6 0.013
530 69 9 9 0.013
663 104 9 12 0.012
98 396 12 17 0.012
545 462 18 25 0.012
2 413 9 15 0.012
701 72 10 14 0.012
632 293 8 10 0.012
915 356 10 13 0.012
925 0 9 10 0.012
42 121 8 10 0.012
198 131 5 7 0.012
267 388 13 15 0.011
223 394 12 16 0.011
198 133 7 8 0.011
561 370 11 14 0.011
899 367 13 16 0.011
420 100 8 10 0.011
173 357 17 23 0.011
882 319 12 17 0.010
623 429 13 20 0.010
912 0 9 9 0.010
662 411 14 17 0.010
659 81 10 14 0.010
701 370 10 14 0.010
