11_Meeting_Meeting_11_Meeting_Meeting_11_206
30
617 235 33 41 0.809
91 324 41 61 0.804
476 253 35 44 0.798
191 366 47 82 0.764
301 278 35 44 0.758
803 216 35 47 0.737
50 190 18 20 0.716
142 184 18 24 0.693
315 185 15 19 0.676
271 190 15 20 0.506
875 305 34 76 0.463
93 209 15 24 0.283
964 293 32 75 0.281
223 189 17 22 0.235
97 203 14 22 0.186
88 217 16 21 0.138
427 190 15 19 0.107
217 194 20 24 0.095
245 190 12 15 0.074
449 191 14 17 0.042
615 218 26 38 0.038
611 210 23 30 0.025
217 202 18 23 0.019
439 192 16 19 0.017
969 316 41 65 0.015
281 187 14 18 0.014
289 181 13 18 0.013
868 326 33 60 0.012
881 324 34 67 0.011
964 275 36 63 0.011
