22_Picnic_Picnic_22_541
57
85 626 51 74 0.664
360 1112 12 15 0.550
905 845 17 19 0.274
261 1079 9 11 0.116
262 328 29 30 0.098
682 149 13 15 0.060
481 55 12 14 0.049
980 78 10 12 0.045
893 851 18 20 0.041
266 1098 13 20 0.040
560 5 12 15 0.038
211 253 21 23 0.037
898 846 18 19 0.036
713 1067 8 10 0.036
355 1113 12 15 0.036
722 18 10 16 0.035
577 47 14 17 0.033
723 15 11 16 0.033
922 77 14 16 0.032
604 17 10 13 0.031
640 85 15 17 0.031
792 78 13 15 0.029
725 10 11 16 0.029
789 83 14 16 0.029
721 25 10 14 0.028
840 45 15 19 0.028
774 1302 12 14 0.027
786 86 15 17 0.026
751 1307 12 16 0.025
724 26 10 13 0.024
963 75 14 15 0.023
263 1088 12 18 0.021
490 91 14 16 0.020
482 1194 8 11 0.020
923 72 13 15 0.019
431 1076 9 11 0.017
679 151 11 13 0.017
586 36 14 16 0.017
978 79 9 11 0.016
793 74 13 14 0.015
717 1067 7 10 0.014
446 1134 13 15 0.014
783 91 15 16 0.014
487 87 13 17 0.013
642 76 16 19 0.011
692 149 13 15 0.011
940 79 11 15 0.011
492 94 15 17 0.011
469 1086 11 14 0.011
20 1159 11 14 0.011
173 335 27 29 0.011
608 17 12 15 0.011
485 77 14 18 0.011
759 1304 15 16 0.010
256 1078 9 12 0.010
916 79 13 17 0.010
447 1140 13 16 0.010
