22_Picnic_Picnic_22_308
41
382 327 35 45 0.787
950 188 69 102 0.778
520 298 30 30 0.694
564 277 26 30 0.629
816 259 14 17 0.611
890 256 11 14 0.450
243 256 10 11 0.435
694 246 14 20 0.273
765 254 10 13 0.247
742 263 13 16 0.166
639 234 15 19 0.131
745 267 13 16 0.104
598 220 14 13 0.094
761 251 10 13 0.063
698 243 15 18 0.055
745 259 12 14 0.055
695 239 13 18 0.040
103 291 7 8 0.036
799 275 11 13 0.036
699 257 15 18 0.036
740 260 11 15 0.034
865 270 9 11 0.033
635 231 14 18 0.031
696 256 13 18 0.031
512 294 26 26 0.030
835 265 9 12 0.027
868 269 10 13 0.025
597 225 14 15 0.023
860 270 11 13 0.023
606 289 19 22 0.022
863 265 10 12 0.020
253 275 9 11 0.019
831 262 11 13 0.017
594 242 19 22 0.017
867 265 9 11 0.016
836 256 10 12 0.014
835 254 8 10 0.014
975 230 48 65 0.014
603 219 13 13 0.013
728 242 9 12 0.011
249 275 10 12 0.011
