61_Street_Battle_streetfight_61_211
38
127 542 40 53 0.761
174 530 37 44 0.738
35 507 44 57 0.737
881 620 38 47 0.728
977 622 38 50 0.720
273 522 36 45 0.696
829 169 85 143 0.685
221 529 31 40 0.656
322 541 34 40 0.654
910 564 32 40 0.625
350 567 29 36 0.505
996 580 28 38 0.496
952 579 24 30 0.452
888 552 25 32 0.289
421 968 188 135 0.259
334 551 34 39 0.256
342 557 33 41 0.240
4 528 22 35 0.226
266 935 106 84 0.209
329 416 38 101 0.148
88 522 28 37 0.135
1009 509 15 31 0.113
109 885 63 48 0.093
961 557 27 33 0.091
885 563 26 33 0.076
959 530 21 25 0.059
95 530 29 39 0.059
255 513 30 37 0.033
252 495 26 33 0.029
1001 688 25 49 0.029
960 535 24 30 0.024
98 543 29 39 0.017
18 518 37 47 0.015
892 532 24 30 0.014
921 564 31 37 0.013
86 513 26 33 0.013
305 793 95 107 0.011
537 850 115 89 0.010
