61_Street_Battle_streetfight_61_430
94
917 581 22 28 0.759
139 450 18 22 0.737
864 484 19 23 0.737
952 434 20 24 0.731
571 470 25 34 0.711
291 454 17 22 0.680
912 389 15 19 0.679
199 461 16 19 0.678
691 453 17 21 0.672
923 431 20 25 0.670
841 460 17 20 0.669
35 452 18 22 0.659
164 458 17 20 0.655
625 463 21 24 0.649
798 458 13 17 0.646
519 459 20 22 0.645
455 450 18 22 0.643
91 462 17 20 0.628
272 459 12 15 0.615
234 463 19 23 0.593
475 451 17 20 0.556
428 475 18 21 0.520
978 450 15 17 0.514
906 429 18 23 0.490
861 451 14 18 0.486
311 464 12 16 0.482
711 454 16 19 0.474
551 467 18 22 0.454
140 379 13 16 0.444
968 526 36 74 0.423
597 443 12 17 0.371
740 459 19 19 0.351
66 445 16 18 0.336
369 460 17 31 0.323
760 448 17 21 0.305
773 108 20 22 0.265
746 22 18 21 0.230
42 453 18 21 0.218
753 450 18 24 0.194
1016 450 8 21 0.187
385 457 13 19 0.183
51 454 16 18 0.170
767 110 20 22 0.135
55 456 15 18 0.131
501 465 14 16 0.122
380 477 12 21 0.120
376 469 15 26 0.102
987 446 13 19 0.100
703 453 18 21 0.096
118 465 12 14 0.084
218 449 14 18 0.083
214 435 13 14 0.077
994 444 13 17 0.072
499 470 13 15 0.061
248 443 12 14 0.057
71 457 15 17 0.051
781 109 17 20 0.043
1011 374 13 18 0.042
758 444 15 18 0.034
14 450 12 15 0.034
64 460 14 18 0.029
597 447 15 20 0.028
652 457 13 16 0.028
512 462 18 21 0.026
676 439 12 15 0.023
207 430 13 14 0.022
289 448 15 20 0.022
294 438 11 13 0.020
669 440 12 15 0.019
522 473 16 19 0.019
552 461 12 17 0.018
269 456 18 22 0.018
764 445 12 16 0.017
1010 392 13 19 0.017
103 468 14 17 0.017
889 449 11 14 0.017
555 424 9 11 0.017
22 448 14 17 0.016
690 448 14 18 0.016
74 462 14 17 0.015
957 417 15 16 0.014
556 423 7 8 0.014
725 448 16 20 0.014
591 448 16 20 0.014
597 440 10 13 0.013
5 443 8 18 0.012
220 436 13 15 0.012
210 446 14 16 0.011
1007 378 15 18 0.011
256 471 12 13 0.011
276 461 13 17 0.011
351 462 15 21 0.011
1005 395 15 19 0.011
0 436 6 19 0.010
