61_Street_Battle_streetfight_61_913
46
232 314 29 34 0.703
141 461 13 17 0.617
928 583 13 16 0.261
968 592 18 24 0.189
342 22 39 46 0.184
144 200 15 15 0.165
901 146 85 100 0.097
382 442 11 14 0.082
115 317 33 39 0.077
344 447 11 13 0.069
225 476 11 11 0.068
875 563 18 22 0.067
191 479 8 10 0.064
271 463 10 12 0.059
870 561 16 21 0.058
228 206 8 9 0.057
149 483 11 14 0.054
202 198 9 10 0.042
989 114 27 40 0.035
148 201 14 16 0.034
323 449 12 13 0.030
174 470 8 11 0.028
222 474 10 11 0.025
132 314 31 37 0.025
203 193 8 10 0.025
229 473 10 12 0.024
202 204 11 12 0.022
203 199 11 12 0.021
956 135 53 82 0.021
114 326 22 28 0.020
885 566 15 21 0.019
225 206 8 8 0.018
866 564 14 20 0.017
302 450 13 15 0.016
942 144 59 96 0.015
178 208 14 16 0.015
938 397 13 16 0.013
131 214 11 14 0.013
251 470 10 12 0.013
699 282 153 193 0.012
328 450 11 13 0.012
815 564 15 17 0.011
973 116 41 60 0.011
706 170 19 25 0.011
897 139 62 75 0.010
201 211 11 12 0.010
