54_Rescue_rescuepeople_54_581
158
907 370 11 14 0.663
691 372 10 14 0.636
538 317 10 12 0.621
263 329 11 14 0.619
1013 372 10 14 0.617
538 368 9 12 0.615
692 191 9 12 0.615
106 193 9 11 0.612
480 315 11 14 0.610
91 337 10 12 0.609
888 311 10 13 0.598
167 352 11 13 0.598
742 370 10 14 0.593
317 338 10 13 0.593
625 187 9 11 0.588
98 359 9 12 0.587
642 365 10 13 0.587
841 368 11 13 0.586
56 348 10 12 0.584
963 307 11 13 0.583
360 342 10 12 0.577
654 198 8 11 0.574
975 422 11 13 0.570
420 330 11 15 0.566
804 193 9 11 0.563
235 352 9 12 0.563
195 183 8 11 0.553
213 329 11 14 0.552
541 336 9 13 0.547
506 180 10 13 0.545
597 353 10 14 0.541
921 315 9 12 0.531
875 377 8 12 0.531
0 334 9 12 0.527
323 197 8 11 0.519
436 182 9 11 0.517
937 197 9 11 0.515
235 193 9 12 0.512
210 201 8 11 0.510
479 353 10 13 0.508
749 198 9 11 0.505
815 367 9 11 0.501
288 191 8 10 0.499
363 359 9 12 0.497
884 196 8 10 0.497
481 178 8 11 0.488
792 363 9 13 0.486
406 179 9 10 0.481
304 191 9 10 0.466
118 386 8 10 0.461
1017 312 7 14 0.439
373 353 10 14 0.437
959 195 9 11 0.431
853 182 9 11 0.423
816 181 9 12 0.411
453 192 8 11 0.400
673 199 7 9 0.391
34 184 9 11 0.390
207 328 11 12 0.379
385 188 9 11 0.377
976 201 8 10 0.376
999 367 9 12 0.376
9 190 8 9 0.365
110 221 8 9 0.352
903 208 8 10 0.350
472 197 7 10 0.338
243 336 9 12 0.322
533 429 10 13 0.311
700 357 8 11 0.303
887 352 11 14 0.301
250 186 7 11 0.294
203 328 10 12 0.294
962 194 9 11 0.293
971 187 8 10 0.288
621 363 8 10 0.260
914 199 7 9 0.258
845 193 7 10 0.257
427 205 8 10 0.243
334 355 8 11 0.234
550 436 10 12 0.226
4 334 9 12 0.208
922 207 7 9 0.192
396 175 9 11 0.181
633 315 9 12 0.164
361 348 9 13 0.157
978 372 10 13 0.139
546 180 8 10 0.135
801 192 8 11 0.134
702 356 9 11 0.113
299 191 8 10 0.096
887 195 8 10 0.089
337 356 8 11 0.086
314 340 9 11 0.083
926 204 8 10 0.082
6 188 7 11 0.078
828 360 8 11 0.077
253 186 8 10 0.074
468 193 9 10 0.072
554 436 9 12 0.071
548 179 8 10 0.066
622 187 9 11 0.066
389 315 9 13 0.061
113 220 7 10 0.056
914 196 8 9 0.055
413 352 8 12 0.053
398 357 9 12 0.049
8 191 7 10 0.049
594 236 8 10 0.048
395 356 9 12 0.043
451 334 8 11 0.043
695 367 9 14 0.042
37 182 8 11 0.041
636 314 10 12 0.040
10 336 7 9 0.039
233 374 9 10 0.037
447 331 9 12 0.035
424 204 8 10 0.034
199 328 10 12 0.034
443 329 9 12 0.033
232 351 9 12 0.032
412 336 8 13 0.031
967 187 8 10 0.031
925 315 8 11 0.031
872 376 8 12 0.027
233 197 9 11 0.025
981 371 10 14 0.025
456 332 8 11 0.025
390 360 8 11 0.024
1012 313 10 12 0.024
455 360 7 10 0.023
698 354 9 11 0.022
709 354 8 11 0.022
89 355 8 11 0.022
884 353 10 13 0.021
658 226 6 6 0.020
207 201 8 11 0.019
409 334 9 11 0.019
399 353 9 12 0.018
566 199 8 11 0.016
804 197 9 10 0.014
935 194 9 11 0.014
714 186 7 11 0.014
455 336 8 12 0.014
889 359 8 13 0.014
438 325 9 12 0.013
484 176 7 10 0.013
232 194 8 10 0.012
898 336 9 12 0.012
109 223 8 10 0.012
916 314 9 12 0.012
569 201 8 11 0.011
707 186 8 10 0.011
842 193 7 10 0.011
436 321 10 12 0.011
482 356 10 13 0.011
322 338 9 11 0.011
631 318 9 12 0.011
394 315 8 12 0.010
