54_Rescue_rescuepeople_54_431
171
76 309 86 87 0.807
570 459 31 43 0.797
522 515 36 43 0.797
781 518 37 41 0.782
625 551 38 45 0.778
369 395 35 46 0.761
756 454 32 34 0.756
598 357 19 24 0.755
873 423 36 40 0.751
675 397 26 31 0.748
664 355 23 27 0.741
533 379 22 29 0.731
821 376 29 32 0.711
742 402 24 27 0.706
888 513 43 42 0.698
692 315 20 23 0.690
663 452 27 29 0.690
483 211 22 27 0.684
607 315 18 24 0.675
601 284 15 20 0.667
775 326 24 28 0.662
87 224 41 52 0.661
380 255 19 22 0.652
467 326 27 31 0.650
420 231 20 26 0.647
553 187 17 21 0.641
654 271 16 22 0.616
308 349 23 26 0.597
685 292 15 19 0.589
571 315 21 24 0.576
300 279 19 22 0.559
213 286 19 22 0.533
752 298 17 21 0.500
618 393 22 25 0.498
379 201 17 22 0.474
404 518 38 33 0.442
270 321 19 23 0.430
617 295 15 20 0.407
570 426 25 28 0.363
244 294 15 19 0.280
298 212 18 25 0.257
753 329 18 21 0.234
99 206 20 21 0.230
293 195 14 16 0.228
518 257 15 20 0.218
471 180 12 14 0.218
317 189 15 18 0.216
252 183 13 16 0.216
994 512 29 48 0.204
511 170 15 22 0.169
279 186 14 16 0.162
321 187 14 17 0.158
391 189 14 17 0.143
2 257 18 21 0.132
644 268 13 19 0.130
283 190 14 16 0.122
187 214 12 15 0.103
235 314 17 21 0.094
467 314 23 26 0.092
140 273 20 23 0.088
278 350 18 23 0.083
244 191 13 16 0.080
321 299 18 22 0.077
296 275 18 22 0.076
594 228 14 17 0.074
339 195 13 19 0.073
631 271 13 17 0.071
388 523 38 40 0.069
335 199 14 19 0.069
343 190 11 18 0.067
616 174 10 13 0.065
303 314 17 20 0.061
636 269 14 18 0.061
241 193 12 16 0.054
620 216 12 15 0.053
391 184 13 15 0.050
589 230 15 18 0.050
341 396 26 33 0.046
667 205 11 14 0.045
696 174 9 11 0.044
309 202 16 22 0.043
335 192 13 17 0.042
386 197 16 21 0.042
604 428 22 24 0.041
344 187 13 17 0.038
324 184 13 16 0.038
724 177 10 11 0.038
197 329 20 22 0.037
182 214 12 15 0.036
721 177 10 12 0.032
569 420 21 26 0.030
287 186 14 17 0.030
226 218 13 17 0.030
345 237 18 23 0.030
213 245 12 16 0.029
177 294 16 19 0.029
725 173 10 12 0.027
247 182 14 16 0.027
424 199 15 18 0.026
170 276 14 18 0.025
643 383 20 24 0.025
601 187 12 17 0.025
103 202 15 18 0.024
207 275 15 18 0.024
169 208 11 13 0.024
586 287 13 18 0.024
581 187 9 12 0.023
108 226 23 33 0.022
234 260 13 15 0.022
729 450 21 24 0.022
374 201 15 20 0.021
710 182 9 11 0.021
956 516 32 35 0.021
622 403 22 25 0.021
210 221 12 15 0.020
331 205 14 19 0.020
180 247 12 17 0.020
191 290 11 16 0.019
215 222 15 17 0.019
450 198 13 17 0.019
496 325 15 19 0.018
590 266 14 19 0.018
697 176 11 12 0.017
675 243 11 14 0.017
615 173 9 11 0.017
634 390 20 24 0.017
142 282 18 23 0.017
670 212 11 16 0.016
176 288 16 19 0.015
710 185 10 13 0.015
597 231 14 18 0.015
454 197 13 16 0.015
466 182 12 15 0.015
348 189 13 17 0.015
714 197 11 13 0.015
622 255 14 17 0.014
580 231 14 18 0.014
712 201 11 14 0.014
655 226 12 15 0.014
690 216 9 11 0.013
247 202 12 17 0.013
429 197 11 15 0.013
290 192 19 23 0.013
634 368 16 19 0.013
485 179 11 14 0.013
312 188 15 17 0.013
314 342 22 26 0.012
513 180 13 16 0.012
736 354 19 22 0.012
229 214 12 16 0.012
117 217 15 22 0.012
239 261 11 14 0.012
228 319 18 23 0.012
611 185 12 16 0.012
594 264 12 18 0.012
679 518 26 30 0.012
685 218 11 12 0.012
315 383 22 26 0.012
134 269 16 20 0.011
189 221 12 16 0.011
379 527 30 39 0.011
638 180 10 12 0.011
626 309 15 19 0.011
662 227 12 16 0.011
285 348 19 24 0.011
657 180 9 11 0.011
96 210 19 24 0.010
312 310 19 23 0.010
679 247 12 15 0.010
489 178 11 13 0.010
849 401 23 23 0.010
