54_Rescue_rescuepeople_54_102
26
410 251 29 41 0.697
547 235 11 14 0.617
88 231 8 10 0.512
269 241 9 11 0.420
233 239 8 9 0.229
992 229 6 8 0.189
1010 230 7 8 0.140
189 234 7 9 0.130
799 292 17 18 0.117
1000 229 7 8 0.096
272 240 9 11 0.085
84 231 9 9 0.046
186 234 9 10 0.041
987 194 8 9 0.038
222 242 8 9 0.029
1006 230 6 7 0.029
289 194 7 8 0.028
290 282 16 24 0.027
33 202 6 9 0.018
171 199 10 11 0.017
218 241 7 9 0.015
988 191 8 10 0.014
270 237 8 10 0.013
169 203 9 9 0.012
985 195 8 10 0.012
545 237 10 13 0.012
