1_Handshaking_Handshaking_1_579
514
583 319 34 40 0.811
530 311 30 36 0.791
587 204 21 26 0.789
650 278 31 41 0.787
596 420 34 41 0.784
471 348 28 39 0.781
585 249 28 38 0.780
750 303 29 36 0.780
677 362 34 46 0.779
790 412 31 39 0.773
150 205 22 27 0.768
499 408 32 39 0.766
493 282 26 34 0.765
941 429 34 41 0.761
530 237 22 29 0.760
625 234 27 36 0.759
776 353 30 42 0.759
859 343 33 43 0.759
78 360 33 34 0.756
1003 231 21 35 0.753
306 258 23 28 0.748
396 379 33 41 0.747
439 308 27 36 0.732
414 331 36 41 0.731
720 159 19 24 0.729
323 344 32 40 0.728
384 279 24 30 0.720
33 162 21 24 0.717
272 214 25 34 0.714
328 207 19 26 0.711
132 151 19 24 0.710
175 243 23 27 0.708
1007 133 17 25 0.707
498 199 21 28 0.706
484 159 19 23 0.704
569 188 20 26 0.704
144 311 34 40 0.703
376 177 20 25 0.702
89 211 21 26 0.701
907 146 20 25 0.698
4 257 21 26 0.696
243 146 20 25 0.695
238 197 24 30 0.695
839 137 18 23 0.695
734 143 19 24 0.692
74 189 18 23 0.686
362 197 22 31 0.685
861 257 26 35 0.684
265 145 18 22 0.683
644 170 18 23 0.681
662 187 20 26 0.679
119 254 24 28 0.677
797 136 16 21 0.676
870 181 19 24 0.675
838 502 26 46 0.672
400 210 19 24 0.669
884 273 29 39 0.666
191 150 16 20 0.665
35 117 15 19 0.664
456 166 18 21 0.663
531 194 22 29 0.638
679 94 13 17 0.636
562 141 17 20 0.636
960 107 16 20 0.632
765 152 15 23 0.629
478 111 14 17 0.629
647 126 16 20 0.628
444 131 15 20 0.628
649 144 16 19 0.628
622 118 15 21 0.624
827 110 15 19 0.624
26 204 23 28 0.622
614 97 14 18 0.621
8 388 36 37 0.620
127 129 17 22 0.619
277 309 25 27 0.618
145 85 12 16 0.617
524 129 15 20 0.616
303 101 12 15 0.612
273 115 12 16 0.612
476 132 13 17 0.612
26 253 20 27 0.609
641 81 12 15 0.607
730 111 14 17 0.607
426 96 13 18 0.603
199 232 20 25 0.602
173 283 22 28 0.602
948 160 19 23 0.601
903 96 14 18 0.600
976 191 23 28 0.600
677 128 17 21 0.598
318 294 30 37 0.598
660 65 13 16 0.598
510 115 13 18 0.598
375 92 11 16 0.596
10 116 12 15 0.593
73 153 17 20 0.593
989 105 14 17 0.589
132 108 13 17 0.579
739 188 25 30 0.578
892 172 26 35 0.578
464 223 23 27 0.578
781 201 15 24 0.577
244 124 12 15 0.577
576 76 12 16 0.574
867 82 12 17 0.570
303 75 11 15 0.570
457 118 12 17 0.570
846 118 15 19 0.570
828 241 25 30 0.565
890 476 29 41 0.565
613 70 12 15 0.563
0 183 12 21 0.558
779 122 14 19 0.554
307 151 17 20 0.552
402 150 17 22 0.552
181 317 29 31 0.548
474 78 11 14 0.547
388 74 12 15 0.547
221 179 20 25 0.543
418 66 11 13 0.541
886 143 18 22 0.538
202 79 11 14 0.538
1001 81 12 15 0.538
868 152 16 20 0.536
164 189 18 24 0.533
635 196 24 31 0.533
518 75 12 16 0.532
66 216 18 24 0.530
388 122 13 18 0.529
926 106 14 18 0.525
873 237 24 29 0.521
967 164 16 20 0.519
395 97 12 14 0.518
592 99 12 15 0.517
357 98 12 17 0.516
424 149 14 20 0.515
698 77 12 16 0.514
335 95 14 16 0.514
708 128 13 16 0.510
639 101 14 16 0.510
537 59 11 12 0.507
454 80 10 13 0.505
102 182 18 21 0.504
745 68 12 15 0.503
171 117 15 18 0.497
249 105 13 15 0.490
339 73 11 13 0.486
21 130 13 16 0.474
829 177 19 24 0.474
229 142 13 19 0.472
473 61 10 12 0.463
323 128 14 18 0.459
371 75 11 13 0.450
231 251 22 27 0.450
923 290 24 30 0.443
793 79 13 15 0.441
294 60 9 11 0.441
254 392 25 32 0.439
972 85 11 15 0.432
801 230 23 28 0.424
0 321 14 37 0.416
362 136 14 19 0.412
500 57 9 12 0.400
835 68 12 14 0.398
228 97 12 15 0.395
548 91 13 14 0.393
245 53 8 11 0.391
554 161 17 20 0.388
387 32 9 11 0.387
851 66 11 13 0.386
789 106 13 18 0.381
298 132 15 18 0.381
105 300 26 30 0.361
73 328 25 30 0.359
442 93 11 15 0.357
315 56 8 11 0.352
30 106 12 16 0.352
871 429 29 38 0.347
543 110 13 16 0.345
602 164 15 19 0.345
946 140 15 19 0.343
669 215 18 24 0.343
500 87 10 14 0.338
259 69 10 12 0.332
6 297 19 27 0.327
781 102 13 16 0.327
350 71 10 13 0.325
323 158 16 20 0.322
91 82 10 14 0.316
381 51 9 11 0.314
193 192 21 24 0.311
451 220 19 23 0.311
443 278 23 29 0.309
380 269 24 31 0.303
84 257 20 26 0.299
82 121 12 16 0.291
76 167 18 20 0.288
756 47 10 11 0.282
102 116 13 17 0.282
761 256 24 30 0.274
377 256 21 27 0.262
890 66 10 13 0.261
623 199 18 25 0.258
358 128 13 17 0.258
914 131 15 17 0.249
278 135 13 17 0.247
635 45 11 13 0.244
667 129 15 20 0.243
34 291 22 29 0.243
423 53 9 11 0.235
265 89 11 14 0.234
808 204 19 22 0.229
869 264 29 39 0.226
1017 185 7 24 0.222
133 50 9 11 0.221
313 31 8 10 0.216
106 113 12 16 0.210
449 82 11 15 0.206
23 192 19 23 0.200
915 78 10 13 0.198
917 178 16 23 0.196
262 68 10 13 0.196
781 53 10 11 0.195
87 80 11 15 0.195
789 78 13 15 0.195
507 156 14 19 0.194
531 148 14 18 0.193
20 290 22 28 0.191
219 43 8 10 0.186
231 19 7 8 0.186
735 170 22 27 0.180
177 408 17 37 0.172
922 199 20 24 0.170
265 185 18 22 0.168
245 284 20 25 0.165
781 72 11 14 0.162
12 152 15 18 0.156
249 24 6 9 0.155
86 118 13 17 0.155
251 89 12 14 0.155
704 342 24 31 0.152
692 150 15 20 0.150
712 47 10 13 0.149
545 99 14 16 0.144
831 204 18 24 0.136
759 107 12 16 0.135
102 134 12 14 0.133
919 189 18 26 0.131
557 166 16 20 0.129
271 197 22 28 0.128
28 34 8 10 0.128
227 123 11 15 0.127
136 129 17 20 0.121
336 117 13 15 0.120
271 68 10 12 0.117
1013 178 11 25 0.115
158 24 7 9 0.114
28 288 22 29 0.113
762 136 13 19 0.111
104 260 17 22 0.107
400 97 11 15 0.107
321 123 13 18 0.107
408 84 11 14 0.106
95 82 10 14 0.105
332 96 12 15 0.100
539 553 19 48 0.100
989 127 14 18 0.099
960 83 11 14 0.098
186 118 11 15 0.098
176 85 10 14 0.097
0 131 6 16 0.096
57 218 16 22 0.092
142 129 14 16 0.089
117 86 11 15 0.088
336 305 22 27 0.087
218 386 18 29 0.086
708 89 12 16 0.086
744 75 13 16 0.085
25 35 9 10 0.085
175 83 9 12 0.085
577 46 11 13 0.085
342 57 9 10 0.083
1012 164 10 18 0.083
819 142 13 17 0.082
394 245 19 26 0.080
380 408 19 39 0.080
368 190 20 27 0.079
593 116 13 17 0.075
222 43 8 9 0.075
739 209 20 24 0.072
326 302 29 32 0.071
326 42 8 11 0.071
358 116 13 18 0.068
267 95 11 15 0.066
265 23 7 10 0.065
378 50 9 11 0.064
117 81 10 14 0.063
745 82 12 15 0.061
687 149 15 20 0.060
696 115 13 16 0.060
541 76 11 14 0.060
892 89 12 15 0.060
322 115 13 16 0.060
343 65 10 13 0.060
498 94 11 16 0.059
73 161 17 21 0.058
456 79 11 14 0.058
140 195 17 22 0.058
962 137 15 19 0.058
115 73 9 11 0.057
734 101 12 16 0.057
78 33 8 9 0.056
63 30 7 8 0.056
651 44 10 12 0.055
818 174 19 23 0.054
550 21 9 12 0.054
148 149 14 20 0.053
662 441 20 40 0.053
197 210 19 22 0.053
66 32 7 9 0.053
517 47 8 11 0.053
958 164 19 23 0.052
345 166 14 20 0.052
260 137 15 18 0.051
827 53 11 14 0.047
561 119 14 16 0.047
702 72 10 13 0.047
57 276 17 21 0.047
711 96 12 15 0.046
606 141 13 16 0.044
234 20 8 9 0.044
831 64 11 16 0.044
155 24 7 9 0.043
461 135 12 17 0.043
46 28 7 9 0.043
118 21 7 9 0.042
534 162 14 18 0.042
101 297 22 27 0.042
275 306 20 24 0.042
166 59 9 12 0.042
882 112 12 17 0.041
917 199 18 23 0.041
132 54 9 11 0.041
82 31 8 9 0.041
823 179 21 25 0.040
288 55 9 10 0.039
788 256 19 26 0.039
701 66 10 13 0.039
759 44 9 12 0.039
361 301 20 24 0.038
322 332 28 31 0.038
641 42 11 14 0.038
950 203 20 25 0.037
203 25 7 8 0.037
367 140 14 18 0.037
1006 355 18 35 0.037
282 48 7 11 0.037
983 123 13 18 0.036
217 9 6 7 0.035
73 173 16 20 0.035
165 108 11 14 0.035
952 185 18 23 0.035
620 187 17 21 0.034
587 95 12 15 0.034
207 23 7 9 0.033
768 63 11 13 0.033
300 98 11 17 0.033
277 53 8 10 0.033
374 119 12 16 0.033
268 189 19 24 0.033
370 114 14 19 0.032
384 245 20 25 0.031
6 164 13 18 0.031
887 115 13 16 0.031
552 91 12 13 0.030
52 364 40 43 0.030
267 21 7 10 0.030
349 163 15 20 0.029
507 142 14 17 0.029
492 63 10 13 0.029
700 122 13 15 0.029
953 103 14 17 0.028
346 159 14 18 0.028
527 99 10 13 0.028
633 19 10 12 0.028
248 86 10 13 0.028
558 109 12 15 0.028
489 180 15 18 0.028
271 179 18 20 0.028
0 56 6 14 0.028
965 266 22 29 0.027
623 166 14 18 0.027
735 97 11 14 0.027
941 49 11 13 0.027
95 300 21 26 0.027
621 174 16 19 0.026
303 6 7 8 0.026
921 260 21 27 0.026
62 63 10 11 0.026
223 119 12 15 0.026
541 55 9 13 0.026
33 32 8 9 0.025
385 126 15 19 0.025
455 156 17 19 0.025
277 46 8 10 0.024
509 54 9 12 0.024
0 60 6 16 0.024
617 68 11 14 0.024
377 395 25 41 0.024
802 105 13 17 0.024
60 280 17 22 0.023
101 50 8 9 0.023
956 77 11 14 0.023
477 35 9 11 0.022
581 128 14 18 0.022
58 30 7 9 0.021
0 69 6 13 0.021
137 48 9 11 0.021
633 36 10 14 0.020
119 80 10 12 0.020
121 218 17 21 0.020
40 256 17 22 0.020
319 74 9 12 0.019
704 127 18 24 0.019
156 182 20 23 0.019
928 201 20 24 0.019
164 52 9 13 0.019
596 99 12 15 0.019
953 66 10 12 0.019
437 282 21 25 0.019
282 34 8 10 0.019
918 80 10 14 0.019
285 7 8 9 0.019
464 44 9 12 0.019
445 218 16 21 0.019
169 76 10 14 0.018
287 6 7 8 0.018
664 116 12 15 0.018
293 380 18 29 0.018
600 129 14 20 0.018
352 170 16 22 0.018
615 176 17 20 0.018
217 225 18 22 0.017
442 224 16 19 0.017
862 311 21 27 0.017
894 46 10 13 0.016
216 10 8 10 0.016
218 23 7 9 0.016
959 47 10 12 0.016
770 157 16 23 0.016
753 45 10 12 0.016
1016 205 8 23 0.016
162 48 10 13 0.015
338 13 8 10 0.015
88 265 17 23 0.015
895 481 33 44 0.015
112 109 12 16 0.015
189 110 12 15 0.015
724 77 11 14 0.015
575 41 9 13 0.015
299 6 7 8 0.015
277 10 6 8 0.015
575 21 9 12 0.014
944 52 11 13 0.014
321 33 9 11 0.014
845 166 15 20 0.014
610 145 13 16 0.014
737 195 21 27 0.013
432 58 9 12 0.013
306 7 7 9 0.013
0 188 8 24 0.013
459 93 11 14 0.013
346 182 15 21 0.013
275 103 11 13 0.013
562 15 8 11 0.013
472 38 9 11 0.013
1015 97 8 15 0.013
413 106 10 14 0.013
150 158 17 20 0.012
164 41 8 11 0.012
484 37 9 11 0.012
540 42 10 11 0.012
736 43 10 12 0.012
362 60 9 10 0.012
598 172 15 19 0.012
237 4 7 8 0.012
270 16 8 9 0.012
775 254 21 26 0.012
945 48 10 12 0.012
597 135 15 19 0.012
408 41 8 12 0.012
395 73 11 14 0.012
325 91 11 14 0.012
223 222 16 21 0.011
885 104 12 18 0.011
121 23 7 9 0.011
852 160 16 20 0.011
200 23 7 8 0.011
565 16 10 11 0.011
934 90 10 12 0.011
206 126 12 16 0.011
35 105 14 15 0.011
299 195 18 22 0.010
460 170 18 22 0.010
447 78 10 12 0.010
177 93 11 15 0.010
64 211 17 23 0.010
399 242 16 24 0.010
76 24 7 8 0.010
887 120 14 17 0.010
137 191 16 19 0.010
430 231 13 15 0.010
429 38 9 11 0.010
