49_Greeting_peoplegreeting_49_53
43
326 642 72 95 0.823
796 395 62 80 0.821
434 335 59 76 0.818
770 666 69 92 0.795
218 329 48 77 0.789
86 392 55 71 0.778
706 289 40 63 0.743
568 169 42 63 0.732
346 333 46 70 0.729
667 214 47 66 0.728
328 222 45 64 0.716
685 378 50 69 0.712
826 330 46 66 0.702
172 283 39 63 0.682
849 280 44 70 0.674
225 215 38 60 0.622
112 342 43 66 0.611
505 277 47 61 0.390
237 262 33 56 0.377
221 141 28 33 0.185
361 0 23 11 0.182
813 348 55 81 0.157
693 259 48 70 0.124
402 0 23 8 0.121
380 153 35 42 0.068
795 179 38 51 0.068
161 0 48 17 0.068
809 248 50 63 0.053
235 240 41 68 0.045
354 320 52 71 0.044
687 158 24 39 0.043
498 249 48 63 0.033
676 230 49 71 0.033
508 81 25 29 0.031
150 357 35 50 0.026
604 0 19 8 0.019
799 211 49 68 0.019
231 224 44 62 0.018
695 67 33 43 0.016
226 154 27 34 0.013
386 142 29 36 0.013
316 155 28 38 0.012
260 190 37 45 0.012
