36_Football_Football_36_194
26
420 218 18 22 0.754
452 253 24 33 0.745
827 237 17 20 0.745
69 189 11 15 0.720
456 188 13 16 0.707
405 146 10 13 0.687
555 293 24 29 0.679
990 137 11 13 0.640
703 134 9 10 0.163
857 119 7 8 0.152
744 142 9 11 0.049
381 184 11 12 0.038
741 139 7 11 0.032
595 225 6 9 0.032
856 121 8 10 0.024
708 136 8 10 0.022
744 133 6 8 0.021
748 140 7 9 0.019
994 139 10 11 0.018
678 125 7 8 0.018
813 163 4 6 0.017
742 131 6 8 0.016
860 177 5 6 0.012
622 176 5 6 0.012
607 185 6 6 0.012
858 178 5 6 0.011
