36_Football_americanfootball_ball_36_132
24
795 76 37 45 0.790
375 235 58 51 0.537
784 207 51 53 0.421
56 204 46 52 0.412
115 203 51 54 0.407
609 97 31 39 0.314
699 129 11 17 0.264
69 125 58 96 0.220
533 9 37 43 0.110
551 8 36 37 0.076
55 171 59 89 0.075
692 166 29 41 0.059
696 126 12 17 0.043
28 54 42 46 0.034
564 8 29 32 0.030
374 214 51 54 0.026
610 382 74 47 0.021
615 85 32 43 0.020
0 246 10 48 0.018
42 114 86 130 0.016
86 147 46 72 0.013
632 391 51 35 0.013
681 170 37 46 0.012
794 189 41 47 0.011
