36_Football_americanfootball_ball_36_81
28
170 68 60 66 0.802
473 44 48 51 0.772
916 6 43 51 0.740
375 115 55 56 0.691
700 86 37 40 0.417
340 37 40 37 0.411
561 205 42 53 0.367
846 7 28 33 0.145
685 25 25 33 0.079
567 218 48 53 0.075
512 121 48 62 0.056
817 -8 28 29 0.040
575 232 48 53 0.036
440 2 37 39 0.034
797 162 30 39 0.029
678 -11 34 25 0.025
689 394 32 30 0.021
887 3 27 45 0.017
282 1 38 35 0.015
444 16 47 50 0.013
678 19 37 48 0.013
378 -1 37 25 0.012
628 -3 34 32 0.011
682 12 29 36 0.011
796 32 41 52 0.011
580 11 24 23 0.011
563 243 43 50 0.010
900 8 45 51 0.010
