36_Football_americanfootball_ball_36_257
41
70 225 74 93 0.870
628 135 55 66 0.861
429 194 64 73 0.859
502 213 36 45 0.808
100 169 55 68 0.806
863 157 83 109 0.782
290 176 52 61 0.755
384 195 33 46 0.734
59 180 32 40 0.628
780 202 54 68 0.604
1011 154 13 62 0.436
198 180 36 46 0.428
946 188 35 63 0.244
751 228 31 39 0.210
430 179 41 51 0.166
431 182 28 34 0.122
1 174 21 48 0.099
0 182 18 69 0.081
415 12 25 32 0.068
43 164 21 29 0.066
52 48 24 37 0.052
11 179 25 39 0.037
433 169 37 39 0.037
777 206 36 51 0.035
48 163 16 20 0.025
1006 149 19 50 0.021
223 185 43 53 0.020
0 200 14 71 0.018
33 174 25 36 0.018
19 176 32 40 0.015
367 188 39 55 0.015
58 182 22 29 0.015
199 190 43 51 0.015
190 188 36 46 0.014
757 231 35 49 0.013
210 180 45 53 0.012
1008 177 16 80 0.012
955 198 43 68 0.011
758 217 29 46 0.011
0 167 15 36 0.011
186 137 15 17 0.010
