36_Football_americanfootball_ball_36_126
28
45 129 52 58 0.666
929 52 35 55 0.549
328 162 45 53 0.387
776 108 39 43 0.281
508 296 41 39 0.278
677 86 39 47 0.220
696 131 44 38 0.186
646 212 36 40 0.127
0 180 14 57 0.106
324 301 44 41 0.057
768 95 36 46 0.051
782 117 41 49 0.047
684 87 49 55 0.037
502 292 35 31 0.032
199 139 38 46 0.030
502 277 48 43 0.027
790 108 39 41 0.025
316 176 56 64 0.021
640 217 28 35 0.019
518 296 45 49 0.016
919 135 17 25 0.015
923 60 29 44 0.014
691 111 44 48 0.014
-1 185 27 48 0.013
703 141 38 41 0.013
654 199 41 45 0.012
920 72 25 40 0.012
657 214 40 41 0.010
