36_Football_Football_36_138
81
131 54 26 37 0.792
747 129 24 31 0.787
644 217 22 27 0.736
407 214 23 30 0.723
880 84 28 38 0.721
540 230 17 26 0.667
980 76 12 14 0.616
293 81 20 37 0.605
523 203 11 15 0.563
557 199 14 18 0.557
862 78 11 13 0.518
90 24 9 10 0.492
323 200 11 22 0.466
454 190 12 14 0.408
496 310 24 25 0.404
387 189 8 9 0.404
717 185 11 14 0.394
43 25 10 13 0.376
682 196 13 18 0.356
928 79 12 15 0.239
490 187 9 11 0.218
925 90 10 14 0.181
378 173 7 9 0.164
469 210 13 17 0.164
837 258 23 22 0.144
74 19 8 9 0.143
758 227 19 25 0.139
927 82 11 15 0.128
118 27 7 10 0.111
591 209 11 15 0.100
571 193 10 14 0.089
542 203 8 11 0.084
741 72 9 14 0.083
667 113 18 23 0.076
922 92 9 13 0.076
447 208 9 12 0.072
550 224 16 22 0.069
117 26 7 9 0.059
119 30 8 9 0.058
423 209 14 18 0.053
450 202 10 14 0.046
517 200 11 14 0.045
669 101 17 21 0.043
443 180 8 10 0.042
415 184 6 6 0.041
864 76 15 22 0.041
352 192 7 8 0.039
863 148 6 8 0.038
492 186 9 10 0.038
677 199 13 17 0.038
670 104 21 26 0.037
38 25 11 12 0.037
136 25 6 8 0.037
86 48 7 8 0.034
389 188 7 8 0.032
446 188 10 12 0.030
486 192 8 11 0.026
858 78 10 13 0.025
140 26 7 7 0.025
441 178 8 9 0.021
587 213 11 14 0.020
833 263 20 19 0.019
351 193 6 9 0.019
151 29 8 9 0.019
477 203 10 14 0.018
413 183 9 10 0.017
861 146 10 12 0.016
574 191 8 11 0.016
386 187 11 14 0.016
348 202 6 8 0.015
844 255 21 24 0.014
579 202 12 16 0.013
446 178 8 10 0.013
944 71 9 12 0.013
364 154 7 9 0.013
137 25 9 10 0.012
743 57 9 10 0.012
428 212 11 15 0.012
741 68 8 13 0.012
668 98 12 16 0.011
741 56 8 10 0.010
