36_Football_Football_36_23
28
227 53 57 77 0.855
737 52 56 74 0.846
381 93 57 68 0.836
604 47 53 76 0.802
181 24 21 25 0.534
26 56 24 30 0.486
83 31 21 28 0.447
141 2 20 25 0.387
546 112 31 41 0.326
75 -1 23 22 0.266
850 73 28 32 0.116
369 9 20 23 0.103
822 79 21 25 0.049
310 1 22 22 0.040
993 205 21 28 0.038
211 4 20 24 0.036
14 1 23 25 0.035
903 38 27 31 0.027
564 22 19 25 0.026
175 0 18 19 0.023
19 -2 21 21 0.017
7 16 20 27 0.016
496 34 17 23 0.016
16 13 21 24 0.015
27 24 20 24 0.011
885 32 17 22 0.011
445 34 24 31 0.011
254 25 23 26 0.010
