36_Football_americanfootball_ball_36_6
70
612 251 16 20 0.746
407 155 15 19 0.744
596 213 15 19 0.742
354 269 15 18 0.720
26 152 14 17 0.703
127 103 35 46 0.700
939 152 15 18 0.696
399 194 14 18 0.694
653 160 13 17 0.692
300 171 15 19 0.691
566 122 14 17 0.690
614 163 13 16 0.676
356 167 15 17 0.665
994 148 15 17 0.646
377 217 13 17 0.644
647 229 14 15 0.638
494 170 13 15 0.629
808 122 33 39 0.625
481 242 35 41 0.624
969 256 15 18 0.623
252 167 13 15 0.620
443 197 22 25 0.618
447 176 16 17 0.562
251 271 16 18 0.523
494 194 13 16 0.509
1017 209 7 19 0.504
574 271 14 16 0.498
537 214 28 31 0.466
864 153 27 31 0.385
780 133 25 36 0.258
990 222 10 12 0.132
959 213 12 14 0.130
786 138 24 36 0.096
895 154 11 16 0.094
29 320 9 11 0.082
542 225 19 23 0.063
885 153 17 22 0.059
507 200 10 14 0.056
576 197 13 17 0.054
161 160 32 38 0.049
782 127 36 44 0.049
0 207 6 16 0.047
26 321 9 10 0.033
509 202 10 15 0.033
250 170 11 15 0.032
558 297 17 18 0.031
256 273 14 16 0.030
0 238 6 15 0.030
267 232 11 13 0.028
571 123 12 15 0.025
253 177 13 15 0.025
798 129 31 39 0.021
806 135 32 38 0.017
879 161 18 22 0.017
846 144 29 33 0.016
391 193 11 14 0.016
899 152 10 15 0.016
993 266 10 12 0.015
550 214 17 20 0.015
450 179 16 18 0.015
927 209 11 15 0.015
714 155 10 13 0.014
795 150 27 35 0.014
351 271 12 16 0.014
993 219 10 16 0.014
38 245 9 13 0.013
502 201 14 17 0.012
52 206 9 11 0.012
318 204 12 14 0.012
449 203 20 23 0.010
