14_Traffic_Traffic_14_170
419
370 736 9 11 0.503
500 645 8 10 0.461
516 623 7 8 0.439
333 678 8 9 0.427
304 601 6 8 0.414
531 703 7 9 0.414
315 536 7 8 0.381
352 605 7 8 0.380
253 529 6 8 0.348
369 480 6 7 0.319
377 511 6 7 0.306
985 231 18 20 0.274
419 626 7 8 0.259
153 703 9 10 0.233
747 567 6 8 0.187
1011 589 6 8 0.165
367 480 6 7 0.164
304 558 6 8 0.164
420 412 5 6 0.150
985 547 5 7 0.147
410 653 7 9 0.146
513 623 7 9 0.143
831 584 6 7 0.137
267 459 5 6 0.133
666 666 6 6 0.131
411 616 6 8 0.129
413 617 6 8 0.129
487 669 7 8 0.127
853 609 6 7 0.127
706 719 7 8 0.126
928 689 7 8 0.126
823 672 7 9 0.123
364 510 6 8 0.119
374 435 5 7 0.112
195 371 6 7 0.111
803 618 6 7 0.107
255 410 5 6 0.104
503 645 7 10 0.102
448 410 5 6 0.101
251 444 5 6 0.099
35 688 10 12 0.095
983 547 5 7 0.093
614 452 5 7 0.092
328 561 5 8 0.090
421 626 7 10 0.087
600 596 5 7 0.086
866 622 6 8 0.083
336 678 8 9 0.081
924 589 7 8 0.081
726 740 7 8 0.080
953 566 7 9 0.078
552 419 5 6 0.077
647 648 6 7 0.076
723 627 7 7 0.074
367 272 5 7 0.072
432 651 6 8 0.072
376 436 5 6 0.072
208 393 5 6 0.071
355 437 5 6 0.071
932 634 6 7 0.071
414 619 7 9 0.070
531 684 6 8 0.068
858 569 5 6 0.066
1012 529 5 6 0.065
601 521 5 7 0.063
411 655 8 10 0.063
969 598 8 10 0.062
712 629 6 7 0.062
582 419 5 6 0.061
745 567 6 8 0.061
352 474 5 6 0.060
534 702 7 8 0.059
648 435 5 7 0.058
708 632 5 7 0.058
216 355 7 9 0.057
369 479 8 9 0.057
582 416 6 6 0.056
750 746 6 7 0.056
438 258 5 6 0.055
430 649 6 7 0.055
199 374 5 6 0.054
492 297 6 7 0.054
947 653 5 6 0.053
313 539 7 10 0.053
284 266 6 7 0.053
432 648 6 8 0.052
412 658 7 9 0.051
550 418 6 7 0.050
439 425 5 5 0.050
630 627 5 6 0.049
464 301 6 7 0.049
369 595 6 8 0.048
784 581 5 6 0.048
406 677 7 8 0.048
541 432 6 6 0.047
808 385 5 7 0.047
629 629 5 6 0.047
583 421 5 6 0.047
887 526 5 6 0.047
717 627 6 7 0.046
821 673 6 8 0.046
363 428 5 6 0.045
786 385 5 6 0.045
865 549 5 6 0.044
421 389 5 6 0.044
351 478 5 6 0.044
1012 564 5 7 0.042
238 377 5 6 0.041
508 681 7 9 0.041
916 507 5 6 0.040
994 580 6 8 0.040
346 483 6 6 0.040
348 606 6 8 0.040
253 526 6 8 0.039
726 725 6 7 0.039
952 617 7 8 0.039
968 478 5 7 0.039
783 580 5 6 0.039
674 626 5 6 0.038
914 570 6 6 0.038
430 361 6 7 0.038
452 347 5 7 0.037
282 266 6 8 0.037
867 625 6 7 0.037
437 399 5 6 0.036
615 616 4 6 0.036
380 503 6 7 0.036
329 409 5 6 0.036
212 438 5 5 0.035
445 315 7 8 0.035
418 664 6 8 0.035
880 668 6 7 0.035
366 270 5 7 0.035
412 651 8 11 0.035
554 481 5 6 0.034
342 485 5 6 0.034
319 536 7 9 0.034
885 526 5 6 0.033
751 753 7 8 0.033
917 571 5 6 0.033
600 523 5 6 0.033
635 593 5 7 0.032
49 676 8 10 0.032
305 558 8 9 0.032
983 546 7 9 0.031
398 254 6 6 0.031
250 165 6 8 0.031
428 418 5 6 0.031
430 359 6 7 0.031
260 588 6 7 0.031
475 379 6 7 0.030
191 372 6 7 0.030
134 699 8 9 0.030
545 728 8 10 0.030
213 354 7 9 0.030
428 266 5 6 0.029
291 761 10 7 0.029
429 264 5 6 0.029
422 410 5 6 0.029
476 382 5 6 0.029
84 677 9 11 0.029
891 526 5 6 0.028
354 435 5 7 0.028
622 437 6 7 0.028
135 696 8 9 0.028
476 364 5 7 0.028
343 484 5 6 0.028
298 447 5 6 0.028
907 517 4 6 0.028
834 493 10 12 0.028
931 688 6 8 0.027
180 371 5 6 0.027
563 418 5 6 0.027
749 744 6 7 0.027
384 318 5 7 0.027
375 736 7 10 0.027
371 228 5 6 0.027
576 368 5 6 0.026
381 319 5 6 0.026
446 386 5 6 0.026
587 583 4 6 0.026
382 499 6 6 0.026
363 245 5 6 0.025
1003 550 5 6 0.025
450 347 5 6 0.025
382 319 5 6 0.025
614 451 8 10 0.025
714 627 7 9 0.025
615 614 5 6 0.024
380 318 4 6 0.024
791 597 5 7 0.024
703 704 6 6 0.024
299 239 5 6 0.024
850 650 6 7 0.024
407 641 6 9 0.024
406 324 5 6 0.024
680 481 5 7 0.024
546 433 5 7 0.024
717 722 7 7 0.024
509 285 6 7 0.024
400 279 6 7 0.023
282 264 8 11 0.023
833 580 8 9 0.023
647 426 6 7 0.023
327 558 6 8 0.023
477 348 5 7 0.023
181 368 5 6 0.022
431 705 8 9 0.022
157 703 8 10 0.022
951 616 6 8 0.022
418 293 5 6 0.022
253 410 5 6 0.022
614 570 6 7 0.022
293 467 5 6 0.022
551 395 5 5 0.021
741 660 6 7 0.021
804 618 7 8 0.021
646 422 5 7 0.021
417 406 5 6 0.021
552 480 5 6 0.021
304 145 5 6 0.021
850 629 6 7 0.021
578 402 5 7 0.021
340 428 4 6 0.021
541 730 7 8 0.021
415 159 6 7 0.021
442 391 5 7 0.021
441 259 5 5 0.020
742 663 7 8 0.020
920 652 6 7 0.020
282 177 4 6 0.020
649 651 5 6 0.020
454 526 5 7 0.020
474 378 6 6 0.020
830 586 6 6 0.020
688 695 5 6 0.020
194 370 8 10 0.020
407 633 6 8 0.020
966 528 6 6 0.019
442 425 5 5 0.019
721 337 24 25 0.019
366 274 5 6 0.019
192 379 5 7 0.019
621 436 6 7 0.019
212 436 5 6 0.019
565 417 5 6 0.019
294 468 5 6 0.019
517 380 5 7 0.019
301 450 5 6 0.019
749 574 6 7 0.019
317 475 5 6 0.018
686 698 6 7 0.018
190 382 5 6 0.018
576 401 5 6 0.018
179 274 5 6 0.018
948 618 6 8 0.018
320 477 5 6 0.018
443 234 5 6 0.018
538 385 4 5 0.018
884 627 6 7 0.018
843 594 8 10 0.017
474 386 5 6 0.017
728 677 6 8 0.017
667 665 7 9 0.017
938 568 5 7 0.017
442 273 5 6 0.017
490 294 8 10 0.017
538 731 7 8 0.017
1010 630 6 7 0.017
718 626 8 9 0.017
419 687 7 8 0.017
456 349 6 6 0.016
505 419 4 6 0.016
339 430 5 5 0.016
966 477 8 10 0.016
353 233 6 6 0.016
839 358 5 6 0.016
575 367 5 5 0.016
581 417 8 10 0.016
322 161 5 6 0.016
577 445 6 6 0.016
674 623 5 7 0.016
399 295 5 7 0.016
180 365 5 7 0.016
487 666 6 9 0.016
36 687 13 16 0.015
47 672 9 10 0.015
331 275 6 7 0.015
506 342 5 6 0.015
181 226 6 7 0.015
247 564 6 7 0.015
539 430 5 7 0.015
255 588 7 8 0.015
537 383 5 6 0.015
359 504 5 6 0.015
547 394 5 6 0.015
686 478 5 6 0.015
336 383 4 6 0.015
335 386 5 7 0.015
786 581 5 6 0.015
801 613 5 7 0.015
365 424 5 6 0.015
727 675 6 6 0.015
505 344 6 6 0.015
857 567 8 10 0.015
517 332 6 7 0.015
444 316 6 9 0.014
407 671 6 8 0.014
505 676 7 8 0.014
675 568 6 7 0.014
837 496 6 8 0.014
910 569 5 6 0.014
649 663 5 6 0.014
420 294 5 6 0.014
535 385 5 5 0.014
328 407 5 6 0.014
610 453 6 6 0.014
759 662 6 7 0.014
419 409 7 10 0.014
331 506 5 7 0.014
247 561 5 6 0.014
279 178 5 6 0.014
325 481 5 6 0.014
807 613 5 7 0.014
343 520 6 7 0.014
244 555 5 7 0.014
635 595 5 6 0.014
409 671 7 10 0.013
952 621 6 7 0.013
248 566 6 7 0.013
578 387 6 7 0.013
506 683 7 10 0.013
630 634 5 6 0.013
431 365 5 6 0.013
646 433 8 10 0.013
191 724 7 8 0.013
461 301 5 6 0.013
623 297 6 7 0.013
1009 563 8 12 0.013
313 533 7 10 0.013
519 333 5 6 0.013
137 694 8 10 0.013
449 292 5 5 0.013
837 494 7 7 0.013
460 551 5 6 0.013
214 391 4 6 0.013
611 389 5 7 0.013
430 699 7 9 0.013
930 634 6 9 0.013
771 371 5 6 0.013
527 702 7 9 0.013
569 387 5 6 0.013
265 458 8 9 0.013
549 726 8 9 0.012
440 375 5 6 0.012
312 230 5 6 0.012
295 450 5 5 0.012
506 313 6 6 0.012
542 721 8 11 0.012
132 703 9 11 0.012
610 415 6 7 0.012
182 750 6 8 0.012
386 337 5 6 0.012
542 343 5 6 0.012
280 263 6 7 0.012
911 513 5 6 0.012
622 299 5 6 0.012
574 447 6 6 0.012
857 608 8 11 0.012
346 717 6 8 0.012
352 513 6 7 0.012
390 353 5 6 0.012
481 348 5 6 0.012
313 469 5 6 0.012
189 249 6 7 0.012
598 300 5 6 0.012
449 383 4 6 0.012
397 281 6 7 0.012
179 223 6 7 0.012
538 435 5 6 0.011
405 245 5 5 0.011
821 674 9 11 0.011
511 684 6 9 0.011
840 404 5 6 0.011
571 575 5 6 0.011
839 406 5 6 0.011
474 325 5 6 0.011
705 633 6 6 0.011
67 749 7 8 0.011
879 669 7 10 0.011
681 661 6 6 0.011
597 381 4 6 0.011
686 686 5 7 0.011
903 670 7 8 0.011
404 242 5 6 0.011
490 388 5 6 0.011
923 593 6 7 0.011
392 219 5 6 0.011
419 415 5 6 0.011
255 409 7 9 0.011
939 566 6 8 0.011
341 521 6 7 0.011
927 581 9 12 0.011
633 619 6 7 0.010
431 285 5 6 0.010
372 360 5 5 0.010
470 394 5 5 0.010
782 580 8 9 0.010
429 359 8 10 0.010
391 351 5 6 0.010
263 477 5 5 0.010
708 629 7 9 0.010
155 382 5 6 0.010
423 690 7 9 0.010
230 272 5 6 0.010
541 733 7 9 0.010
992 581 6 8 0.010
319 629 7 9 0.010
50 694 8 9 0.010
