14_Traffic_Traffic_14_834
182
686 420 16 24 0.617
598 124 9 12 0.519
952 340 9 10 0.511
53 364 7 9 0.421
578 348 7 8 0.368
341 351 6 8 0.350
641 65 12 16 0.347
93 359 6 7 0.325
703 410 11 17 0.318
696 351 5 7 0.290
895 345 6 7 0.266
71 360 7 8 0.265
588 374 7 8 0.248
735 349 5 7 0.235
149 352 7 9 0.229
870 343 5 7 0.224
125 351 6 8 0.204
75 361 6 8 0.195
717 349 6 8 0.194
624 348 6 6 0.190
599 351 6 8 0.175
700 413 14 20 0.170
945 394 11 15 0.160
122 351 5 7 0.158
639 144 10 13 0.155
601 351 6 7 0.155
391 351 5 5 0.153
38 353 5 6 0.146
770 347 5 7 0.142
602 349 6 7 0.142
26 352 5 5 0.138
377 350 5 6 0.137
797 405 11 17 0.135
788 348 6 6 0.133
95 358 6 7 0.127
284 346 5 7 0.124
833 425 14 21 0.111
153 351 6 8 0.109
697 352 6 6 0.109
597 122 8 12 0.105
465 347 5 7 0.099
939 344 6 8 0.098
482 348 5 6 0.091
693 351 6 7 0.087
837 379 6 9 0.087
591 264 5 7 0.086
593 351 7 8 0.081
706 408 11 16 0.079
256 348 4 6 0.078
285 348 5 6 0.077
391 345 5 6 0.076
921 341 6 6 0.070
174 346 5 7 0.070
570 266 5 7 0.069
736 351 5 7 0.068
362 346 5 6 0.068
711 411 10 14 0.066
501 339 5 6 0.065
374 337 5 6 0.061
390 341 5 6 0.059
485 350 5 6 0.057
302 351 4 5 0.057
799 385 9 12 0.057
176 347 5 6 0.057
23 351 4 6 0.057
580 79 6 7 0.056
520 326 5 6 0.056
287 359 5 6 0.056
577 350 7 8 0.055
699 404 11 15 0.052
533 399 6 7 0.050
793 351 6 7 0.048
265 357 5 6 0.048
299 352 5 6 0.047
359 346 5 6 0.047
665 454 15 26 0.046
608 342 5 6 0.046
107 358 5 7 0.046
832 345 6 7 0.046
693 400 9 11 0.046
918 359 6 6 0.044
937 342 7 8 0.043
200 348 4 6 0.043
348 348 6 6 0.042
82 352 5 6 0.042
645 337 5 6 0.040
857 396 7 9 0.039
315 341 5 6 0.039
788 404 11 19 0.038
752 351 5 6 0.038
831 346 5 7 0.036
780 407 11 20 0.036
102 344 5 6 0.036
680 339 5 7 0.035
670 342 5 6 0.035
794 474 22 19 0.034
417 348 5 5 0.033
891 363 5 8 0.033
416 346 5 6 0.032
856 392 8 10 0.032
545 313 5 6 0.031
262 354 5 6 0.031
691 406 13 18 0.030
748 441 13 15 0.030
833 343 7 8 0.030
808 339 6 7 0.030
156 272 5 7 0.029
851 382 6 9 0.029
866 345 6 7 0.028
719 350 8 8 0.028
530 342 5 6 0.028
577 76 9 11 0.028
563 314 5 5 0.028
835 339 7 9 0.028
800 355 6 8 0.027
605 345 7 8 0.027
792 402 14 21 0.027
252 348 5 6 0.027
778 367 6 7 0.026
842 381 8 9 0.026
804 384 7 9 0.026
800 367 5 7 0.025
270 360 4 6 0.024
669 345 5 6 0.024
521 328 5 6 0.024
920 357 6 6 0.024
312 344 5 6 0.024
178 348 5 6 0.024
98 235 7 9 0.023
866 341 6 7 0.022
575 74 7 9 0.021
828 348 5 6 0.021
696 349 8 9 0.021
838 342 6 7 0.021
304 350 5 5 0.020
583 319 4 6 0.020
626 348 8 10 0.019
591 141 8 10 0.019
43 375 5 6 0.019
670 254 20 30 0.019
732 362 6 8 0.019
531 342 5 6 0.019
450 346 6 6 0.018
592 137 9 12 0.018
661 340 5 6 0.018
896 342 6 8 0.018
390 342 8 9 0.017
257 362 4 6 0.017
512 356 5 6 0.017
445 343 4 7 0.017
400 339 5 6 0.017
813 378 7 8 0.017
684 322 5 6 0.016
465 345 8 9 0.016
389 124 8 10 0.016
847 382 8 10 0.016
658 339 5 6 0.016
610 65 6 8 0.015
235 349 5 5 0.015
412 339 5 5 0.015
915 359 5 7 0.015
534 401 6 6 0.014
669 451 12 22 0.014
959 342 8 10 0.014
440 346 5 6 0.014
838 383 7 9 0.013
570 268 5 6 0.013
789 347 7 10 0.013
582 78 7 8 0.013
849 380 7 8 0.013
728 351 7 9 0.012
545 315 4 6 0.012
24 350 8 8 0.012
118 352 8 10 0.012
195 336 4 5 0.012
790 395 10 13 0.012
567 65 7 12 0.011
910 491 10 11 0.011
494 337 5 6 0.011
657 347 5 6 0.011
921 359 5 7 0.010
67 352 6 7 0.010
