14_Traffic_Traffic_14_505
140
647 262 21 26 0.783
621 558 73 117 0.757
116 187 19 26 0.739
623 211 12 14 0.566
985 179 11 14 0.503
923 188 10 13 0.446
908 174 9 12 0.416
595 235 13 18 0.390
768 402 121 154 0.303
660 191 8 10 0.214
881 174 9 10 0.203
646 213 10 12 0.183
617 197 9 10 0.179
839 174 9 11 0.173
372 325 39 51 0.162
297 105 7 9 0.157
734 191 7 8 0.147
638 189 7 9 0.145
705 197 10 12 0.135
148 353 23 36 0.135
913 177 11 13 0.130
263 255 21 25 0.126
946 180 8 11 0.103
559 197 8 9 0.102
471 297 20 24 0.102
701 196 8 11 0.101
508 210 7 10 0.099
735 192 9 10 0.099
980 203 11 13 0.094
619 202 10 13 0.093
816 196 9 12 0.089
347 102 7 8 0.086
619 211 11 15 0.076
647 215 11 14 0.070
213 227 24 29 0.069
790 189 7 11 0.067
950 190 9 12 0.065
166 243 13 17 0.064
381 283 16 20 0.064
559 184 7 8 0.062
277 289 17 20 0.059
614 196 8 10 0.056
783 193 10 13 0.055
731 194 10 13 0.055
597 198 7 10 0.054
647 210 10 12 0.050
997 167 10 12 0.049
823 164 7 8 0.049
185 269 16 17 0.047
634 191 9 10 0.046
301 102 6 9 0.046
350 101 6 9 0.045
686 93 76 99 0.044
267 267 19 23 0.043
447 62 6 7 0.043
506 51 6 7 0.041
947 184 10 12 0.041
594 219 10 13 0.040
905 257 51 62 0.038
855 178 9 11 0.037
665 178 5 7 0.037
910 284 37 39 0.037
308 97 6 7 0.036
1004 167 9 13 0.036
952 193 9 11 0.035
664 190 7 8 0.035
85 268 16 21 0.032
299 104 6 8 0.031
599 197 8 9 0.031
697 196 9 10 0.030
524 303 21 26 0.029
270 240 9 10 0.029
758 292 18 20 0.029
667 215 12 15 0.028
780 194 8 12 0.027
395 202 6 7 0.027
825 225 14 17 0.026
978 202 9 12 0.025
269 241 12 13 0.025
742 191 6 8 0.024
711 196 8 10 0.024
663 213 11 14 0.023
732 203 10 13 0.022
429 198 6 8 0.022
818 203 12 15 0.022
1006 214 11 15 0.021
110 298 15 20 0.021
859 184 9 11 0.020
820 165 7 9 0.019
438 192 4 6 0.019
539 210 8 10 0.019
773 177 6 7 0.019
385 281 15 19 0.018
325 109 7 7 0.018
265 241 11 13 0.018
207 219 40 50 0.018
445 61 6 7 0.017
273 242 10 11 0.016
840 173 12 15 0.016
726 204 9 12 0.016
430 198 6 6 0.016
949 197 10 13 0.016
729 207 11 13 0.015
575 183 6 8 0.015
435 195 5 6 0.015
641 184 8 10 0.015
214 222 19 21 0.015
695 190 6 7 0.015
505 209 12 14 0.014
999 183 9 12 0.014
69 118 12 14 0.013
535 209 8 9 0.013
726 188 6 7 0.013
15 211 15 21 0.013
775 12 7 9 0.013
865 272 11 13 0.013
993 208 11 15 0.013
779 177 6 7 0.013
78 270 18 22 0.012
864 280 13 19 0.012
658 190 11 14 0.012
573 191 7 9 0.012
1011 211 9 15 0.012
156 351 25 39 0.012
523 339 21 25 0.012
525 263 17 21 0.012
313 197 16 19 0.011
209 193 17 20 0.011
716 12 9 10 0.011
376 287 20 23 0.011
219 235 20 23 0.011
316 16 5 7 0.011
774 177 10 12 0.011
473 54 6 6 0.011
535 66 8 10 0.011
270 292 16 22 0.010
786 188 12 16 0.010
342 302 17 20 0.010
252 254 22 26 0.010
355 84 5 7 0.010
