14_Traffic_Traffic_14_361
30
845 292 17 20 0.536
674 320 8 12 0.290
666 322 9 10 0.108
718 312 8 12 0.092
672 323 9 11 0.082
659 322 7 8 0.073
851 291 16 20 0.067
723 315 8 11 0.053
524 367 6 7 0.046
359 382 9 10 0.044
363 381 8 10 0.043
706 317 10 11 0.040
718 317 8 11 0.026
511 376 6 8 0.021
730 315 9 11 0.021
636 326 6 7 0.018
913 289 12 17 0.017
734 315 8 9 0.016
634 326 6 6 0.015
638 328 6 7 0.014
918 289 11 15 0.013
446 366 6 6 0.013
569 324 5 7 0.013
453 341 8 9 0.012
361 379 8 10 0.011
908 288 12 17 0.011
331 368 8 10 0.011
333 370 9 10 0.011
487 333 9 11 0.011
1 25 6 16 0.010
