14_Traffic_Traffic_14_267
39
168 459 19 23 0.761
231 475 18 24 0.748
75 446 17 20 0.742
154 435 18 22 0.733
76 392 9 11 0.196
540 435 9 10 0.167
715 367 6 8 0.120
632 435 10 11 0.098
304 339 10 11 0.079
636 383 7 8 0.079
462 536 14 18 0.051
634 384 7 9 0.051
542 437 8 11 0.044
689 402 7 8 0.042
576 517 16 19 0.036
267 348 11 13 0.031
713 369 6 8 0.029
467 434 7 9 0.028
672 383 6 8 0.022
538 438 9 11 0.021
479 406 8 9 0.019
458 539 15 17 0.019
285 434 10 14 0.018
496 385 9 10 0.017
286 465 7 8 0.016
585 431 10 11 0.015
470 258 7 8 0.015
488 367 7 7 0.014
713 366 6 7 0.013
369 171 23 25 0.013
535 516 15 18 0.013
638 382 8 10 0.013
80 392 9 10 0.012
302 338 8 9 0.012
583 339 4 6 0.011
745 339 5 6 0.011
606 402 6 8 0.011
494 381 9 12 0.011
971 263 7 7 0.010
