29_Students_Schoolkids_Students_Schoolkids_29_66
26
398 104 35 46 0.830
450 168 35 47 0.787
323 105 36 50 0.776
648 126 33 46 0.770
323 194 28 49 0.725
0 165 16 43 0.711
475 123 30 47 0.693
17 137 24 43 0.643
191 88 28 42 0.642
113 126 24 45 0.607
173 143 21 44 0.549
285 116 23 38 0.539
703 203 22 41 0.527
817 174 20 38 0.465
921 172 18 35 0.335
779 144 17 31 0.141
906 171 18 33 0.141
574 116 24 38 0.132
767 182 17 23 0.053
903 177 16 26 0.039
120 134 21 42 0.038
983 143 19 30 0.031
969 180 17 29 0.029
172 131 31 49 0.015
697 211 24 39 0.012
927 169 19 32 0.012
