29_Students_Schoolkids_Students_Schoolkids_29_221
37
262 224 28 43 0.735
231 218 34 61 0.733
290 229 18 32 0.654
524 192 13 20 0.628
380 215 24 50 0.606
442 267 25 55 0.571
734 189 10 13 0.561
715 193 10 12 0.556
768 191 8 10 0.481
812 213 8 9 0.476
494 201 6 8 0.377
575 196 6 8 0.359
541 193 7 9 0.354
166 237 14 22 0.340
560 202 7 7 0.332
785 182 6 7 0.294
755 192 7 9 0.294
566 196 7 8 0.279
503 207 6 9 0.242
558 203 7 8 0.187
760 212 8 11 0.169
564 198 8 9 0.115
782 182 7 8 0.081
558 200 7 9 0.074
786 183 7 9 0.056
784 204 6 8 0.041
503 209 8 10 0.037
756 214 9 10 0.030
760 192 8 10 0.028
751 195 7 10 0.027
497 201 6 7 0.023
802 163 6 6 0.022
570 194 8 9 0.021
388 220 19 46 0.018
787 201 6 8 0.015
797 222 7 7 0.013
815 214 8 9 0.012
