32_Worker_Laborer_Worker_Laborer_32_516
52
965 53 59 83 0.877
48 24 72 89 0.867
257 112 34 44 0.828
758 101 41 50 0.827
297 119 44 57 0.819
519 98 41 50 0.797
767 330 52 48 0.786
419 123 29 37 0.773
481 340 34 33 0.770
845 118 30 32 0.764
370 147 16 20 0.758
345 310 44 42 0.749
576 351 39 41 0.748
280 311 44 45 0.747
675 320 43 42 0.747
881 145 34 41 0.731
228 129 25 32 0.708
728 142 27 29 0.624
678 158 19 23 0.596
212 148 15 20 0.509
595 124 26 29 0.419
558 121 17 23 0.197
188 139 16 21 0.161
219 145 20 25 0.150
502 128 14 18 0.106
84 189 14 15 0.077
804 125 16 21 0.068
212 141 18 23 0.063
501 123 21 29 0.052
564 120 17 22 0.036
206 146 13 18 0.035
865 136 34 43 0.033
720 111 16 18 0.029
715 105 23 26 0.028
226 140 23 26 0.026
181 134 18 25 0.025
809 124 18 20 0.025
699 141 17 22 0.024
107 91 28 32 0.024
163 177 16 18 0.019
339 96 18 29 0.018
693 140 18 26 0.018
247 122 35 43 0.017
550 122 19 24 0.017
800 128 18 24 0.015
721 138 37 44 0.015
365 134 10 14 0.014
599 118 20 23 0.014
494 132 17 22 0.014
813 126 18 23 0.011
227 168 19 20 0.011
596 117 36 44 0.010
