33_Running_Running_33_316
83
219 164 45 60 0.844
627 182 44 59 0.835
856 199 49 62 0.828
760 149 50 67 0.827
154 186 40 52 0.819
526 221 42 55 0.816
402 182 47 58 0.809
354 170 40 54 0.801
694 151 20 25 0.764
264 171 36 47 0.752
185 130 16 20 0.730
854 113 15 18 0.722
894 121 14 16 0.701
914 133 13 16 0.679
326 172 25 35 0.664
718 137 16 19 0.659
475 226 36 36 0.656
574 130 14 17 0.646
788 122 13 16 0.639
428 157 32 44 0.632
218 101 11 14 0.616
429 124 15 18 0.608
665 131 12 18 0.606
101 157 16 17 0.596
822 129 13 16 0.595
293 103 13 16 0.579
326 106 11 14 0.577
822 110 14 15 0.538
547 125 12 15 0.495
235 169 42 53 0.474
471 129 11 13 0.465
49 110 12 17 0.344
412 109 9 12 0.338
596 119 12 14 0.306
271 128 11 15 0.239
648 109 11 15 0.217
39 107 14 18 0.194
309 172 39 49 0.192
644 112 12 16 0.181
372 136 13 15 0.161
506 133 9 14 0.147
910 129 13 17 0.137
648 148 10 12 0.135
36 103 15 19 0.132
468 127 10 13 0.097
600 122 11 14 0.080
368 178 47 52 0.077
651 107 10 12 0.055
287 103 11 15 0.055
329 109 11 13 0.053
510 135 11 14 0.053
399 118 9 11 0.046
605 121 10 12 0.031
825 113 13 17 0.030
252 92 9 10 0.030
509 132 9 11 0.028
644 148 12 14 0.028
476 132 11 13 0.026
818 128 13 16 0.022
315 158 14 18 0.022
42 106 18 23 0.021
605 173 16 27 0.021
40 173 12 16 0.020
677 62 9 11 0.020
109 166 12 14 0.019
818 119 12 15 0.018
516 136 11 12 0.017
646 144 10 13 0.017
422 123 23 27 0.016
555 125 11 15 0.016
921 240 6 7 0.015
397 120 8 11 0.014
396 111 8 10 0.014
441 102 7 9 0.013
111 157 13 16 0.013
317 166 20 26 0.013
362 143 18 22 0.012
459 126 8 12 0.012
364 106 7 9 0.011
322 166 22 30 0.011
342 116 9 11 0.011
640 111 10 14 0.011
274 123 11 16 0.010
