44_Aerobics_Aerobics_44_194
36
462 139 12 15 0.596
645 101 11 14 0.317
649 158 10 13 0.127
400 158 12 13 0.113
672 159 10 12 0.091
583 70 10 11 0.089
504 306 15 15 0.066
236 295 20 21 0.063
461 368 23 24 0.048
419 153 12 13 0.048
507 303 15 15 0.046
645 156 11 14 0.041
676 159 10 11 0.037
944 144 11 13 0.037
649 100 11 14 0.036
564 256 13 15 0.031
427 320 15 17 0.029
791 84 12 13 0.028
642 125 10 11 0.027
508 181 13 14 0.026
422 321 16 17 0.026
737 236 13 15 0.024
414 153 12 14 0.023
383 103 11 12 0.020
551 325 20 18 0.020
396 158 12 14 0.019
431 317 14 15 0.016
848 195 15 17 0.015
379 105 11 13 0.014
697 163 9 10 0.013
792 215 13 17 0.013
640 102 11 14 0.013
586 131 9 10 0.012
557 329 16 16 0.012
610 254 14 14 0.011
671 156 10 12 0.010
