44_Aerobics_Aerobics_44_343
40
590 174 31 42 0.732
289 177 39 51 0.724
896 198 23 32 0.720
387 160 21 27 0.672
945 236 13 17 0.616
762 172 16 21 0.591
798 178 13 15 0.588
928 159 13 16 0.490
687 170 10 13 0.477
657 186 14 16 0.461
664 164 10 12 0.303
836 172 11 14 0.242
1000 229 15 20 0.222
820 199 12 15 0.216
860 182 13 16 0.196
858 179 13 16 0.115
678 196 15 17 0.093
574 179 15 22 0.070
1017 182 7 20 0.069
733 186 12 16 0.069
669 190 16 17 0.065
1017 200 7 22 0.048
857 175 13 15 0.047
859 187 14 16 0.040
682 198 14 17 0.033
1017 207 7 21 0.031
732 180 13 16 0.029
1012 233 11 20 0.028
824 196 11 15 0.022
819 161 10 13 0.021
660 163 10 13 0.020
949 234 12 17 0.019
960 259 13 16 0.018
929 250 11 16 0.016
1008 236 13 21 0.015
733 195 13 17 0.014
562 184 14 18 0.014
700 214 12 13 0.013
673 196 15 18 0.012
863 177 12 17 0.012
