37_Soccer_soccer_ball_37_583
518
667 253 46 57 0.839
796 250 45 56 0.837
562 102 42 53 0.835
669 87 38 53 0.833
405 78 43 59 0.830
273 96 39 51 0.830
184 71 44 60 0.826
415 262 45 58 0.826
797 99 41 52 0.824
285 287 45 58 0.821
527 272 44 57 0.817
122 97 7 9 0.389
141 98 7 9 0.374
370 28 6 8 0.369
867 140 6 7 0.360
351 77 7 8 0.354
372 81 6 8 0.350
14 103 8 9 0.347
394 27 6 8 0.337
18 37 6 8 0.337
539 93 6 8 0.335
237 61 6 8 0.333
392 81 6 8 0.333
313 89 6 8 0.329
397 62 7 8 0.328
130 7 7 8 0.319
331 80 6 8 0.319
156 62 6 8 0.317
460 95 5 7 0.312
401 2 6 7 0.312
519 67 5 7 0.311
83 45 6 8 0.306
311 70 5 7 0.306
335 9 6 7 0.292
465 40 6 7 0.292
624 93 6 7 0.292
728 108 5 7 0.292
657 66 5 7 0.291
492 85 5 7 0.285
303 18 6 7 0.283
767 117 6 7 0.280
148 7 6 8 0.280
379 59 7 8 0.279
44 50 6 8 0.277
333 40 6 7 0.276
136 24 7 9 0.268
129 59 6 7 0.268
617 68 6 7 0.268
357 89 7 8 0.268
749 103 6 8 0.268
26 78 7 9 0.266
134 87 7 8 0.263
412 45 6 8 0.261
325 30 5 7 0.254
99 48 7 8 0.253
158 24 6 7 0.251
173 4 6 7 0.250
62 37 6 8 0.246
505 33 6 7 0.244
439 31 6 8 0.243
537 2 6 7 0.243
248 83 6 7 0.239
541 65 6 7 0.238
701 34 5 7 0.237
6 73 7 9 0.236
310 47 6 8 0.235
75 23 7 8 0.234
518 99 6 7 0.231
111 55 7 8 0.231
768 58 6 7 0.230
1 89 7 8 0.229
369 1 6 7 0.228
597 61 6 7 0.227
282 17 6 8 0.226
6 5 7 8 0.226
187 5 6 8 0.226
558 64 5 7 0.224
100 33 6 8 0.222
874 99 5 7 0.221
895 114 6 7 0.221
160 38 6 7 0.218
353 11 6 7 0.216
196 37 6 8 0.216
907 98 6 7 0.216
557 3 5 6 0.213
167 48 6 8 0.212
146 119 7 8 0.211
322 60 6 8 0.210
601 42 6 7 0.209
121 34 6 7 0.205
962 102 6 7 0.202
570 57 6 7 0.202
82 65 6 8 0.201
140 45 6 8 0.201
568 24 6 7 0.199
414 44 7 8 0.197
32 -1 6 6 0.192
659 1 5 7 0.192
498 16 6 7 0.192
582 40 6 7 0.192
682 6 5 6 0.187
571 3 5 6 0.183
156 87 6 8 0.183
109 18 6 9 0.181
638 66 5 7 0.179
297 56 6 8 0.177
178 28 6 7 0.175
437 63 6 7 0.174
691 64 5 6 0.174
740 73 5 7 0.173
362 22 6 8 0.172
281 62 6 8 0.172
546 47 6 7 0.172
761 95 5 7 0.170
756 35 5 6 0.169
276 7 6 6 0.168
482 36 6 7 0.167
70 69 7 8 0.166
850 100 6 7 0.162
699 32 5 7 0.161
49 75 6 7 0.161
619 44 5 7 0.159
68 67 7 8 0.159
48 94 7 8 0.157
668 33 5 7 0.156
595 12 5 7 0.155
346 32 7 8 0.153
229 83 6 8 0.152
535 2 6 7 0.151
737 95 5 7 0.150
757 36 5 6 0.147
329 72 6 7 0.146
517 30 6 7 0.145
273 40 6 8 0.144
294 43 5 7 0.143
569 55 6 7 0.142
253 0 5 5 0.142
1000 68 6 7 0.141
721 108 6 7 0.140
835 94 5 7 0.140
355 41 6 8 0.139
613 11 5 6 0.139
292 11 5 7 0.138
813 35 5 6 0.137
918 77 6 8 0.137
630 34 6 6 0.135
180 40 6 8 0.135
351 51 6 8 0.135
115 4 6 8 0.135
437 30 6 8 0.135
633 11 5 6 0.135
5 38 6 7 0.134
631 55 5 7 0.132
1006 60 6 7 0.132
428 12 5 7 0.130
69 91 6 8 0.128
981 98 6 7 0.126
947 99 6 7 0.126
736 67 5 6 0.125
940 99 6 7 0.124
542 15 5 8 0.124
519 31 6 8 0.123
354 42 5 7 0.121
684 51 6 7 0.118
512 17 6 7 0.117
719 108 4 6 0.117
599 60 6 7 0.117
365 69 7 8 0.117
296 74 5 7 0.116
605 2 5 5 0.115
891 102 6 7 0.114
928 99 6 6 0.112
313 47 6 8 0.111
362 61 6 8 0.111
942 99 6 7 0.111
260 8 6 7 0.109
724 94 5 7 0.109
683 35 6 6 0.109
853 97 6 8 0.109
865 82 6 7 0.108
260 119 6 9 0.107
648 32 5 7 0.106
139 25 6 8 0.106
65 5 6 8 0.105
572 2 5 6 0.105
496 15 5 7 0.104
495 49 5 7 0.103
684 7 5 6 0.103
266 30 6 8 0.103
938 79 5 7 0.102
468 25 6 7 0.101
856 96 6 8 0.100
971 86 6 8 0.099
548 50 6 7 0.099
193 32 5 7 0.098
66 8 7 7 0.097
608 54 5 7 0.095
457 19 6 8 0.095
309 68 6 8 0.095
634 11 6 7 0.094
518 96 5 8 0.094
90 90 6 9 0.094
894 87 6 7 0.093
382 58 6 8 0.091
409 20 5 8 0.089
38 78 7 9 0.089
36 36 6 8 0.089
481 37 5 7 0.088
446 2 5 6 0.088
536 63 6 7 0.087
784 55 5 7 0.087
741 74 5 6 0.086
831 37 5 7 0.085
888 49 5 7 0.085
392 98 5 7 0.085
834 94 5 5 0.084
454 18 5 8 0.083
443 3 6 6 0.083
17 0 6 7 0.083
980 70 5 7 0.083
465 25 6 7 0.082
712 65 5 7 0.082
522 21 6 7 0.081
791 56 6 6 0.080
864 79 5 8 0.080
38 43 6 8 0.079
685 33 5 6 0.079
807 77 5 6 0.079
986 68 6 7 0.078
122 45 6 8 0.078
105 3 6 7 0.078
777 40 6 6 0.077
655 42 6 7 0.077
538 32 6 7 0.077
985 57 6 7 0.076
406 47 8 10 0.075
733 0 4 5 0.075
461 39 7 8 0.075
650 35 6 6 0.074
553 25 5 7 0.074
524 40 6 8 0.074
780 40 5 6 0.072
704 54 6 7 0.072
796 42 5 6 0.072
882 73 5 7 0.072
850 128 6 6 0.071
578 14 5 7 0.071
862 56 5 7 0.071
501 25 6 8 0.071
260 50 5 7 0.071
1007 84 6 7 0.070
295 46 6 8 0.069
362 33 6 8 0.069
453 92 5 7 0.069
1005 28 6 7 0.069
615 114 6 6 0.068
850 20 4 6 0.068
91 92 7 8 0.068
615 12 6 7 0.068
653 13 5 6 0.068
160 85 5 7 0.068
716 66 6 7 0.067
384 11 6 8 0.066
20 19 6 8 0.066
461 57 5 8 0.066
492 83 6 7 0.065
97 97 6 8 0.065
501 49 5 7 0.065
304 1 5 6 0.065
63 59 6 9 0.063
1007 30 6 7 0.062
712 46 6 6 0.061
909 65 5 6 0.061
83 1 6 6 0.060
577 16 6 7 0.060
925 49 5 6 0.060
323 2 5 7 0.060
936 63 5 6 0.060
965 74 6 7 0.060
959 99 6 7 0.060
63 6 6 8 0.060
797 44 5 6 0.058
872 68 6 7 0.057
1006 100 6 6 0.057
960 53 5 7 0.057
645 56 5 8 0.057
545 85 6 8 0.056
703 33 5 7 0.056
46 11 6 8 0.056
256 48 6 8 0.056
820 20 4 6 0.054
493 52 5 7 0.054
805 76 5 7 0.054
302 3 5 6 0.054
92 20 7 8 0.054
392 95 6 8 0.053
599 0 5 6 0.052
38 18 6 8 0.051
812 37 5 6 0.051
757 33 5 6 0.051
827 73 6 7 0.051
950 79 5 6 0.051
290 36 5 8 0.050
247 22 5 7 0.050
549 91 6 7 0.050
930 65 5 7 0.050
718 68 5 6 0.049
89 0 6 7 0.049
584 38 6 7 0.049
951 68 5 7 0.049
464 34 7 10 0.049
906 64 6 7 0.049
489 85 6 7 0.049
892 113 6 7 0.049
829 74 6 7 0.048
803 81 4 5 0.048
956 98 7 7 0.048
18 66 7 8 0.048
958 51 5 6 0.047
610 14 5 7 0.047
54 21 6 8 0.046
662 56 5 7 0.046
279 10 7 7 0.045
839 20 5 6 0.045
626 94 7 9 0.045
307 17 5 7 0.045
194 34 8 9 0.044
724 108 8 9 0.044
735 0 5 5 0.043
84 89 7 8 0.043
473 2 6 6 0.043
837 19 5 6 0.042
965 41 5 6 0.042
898 74 5 7 0.042
1017 76 6 8 0.042
316 107 5 6 0.041
518 4 5 6 0.041
833 94 8 11 0.041
674 11 5 6 0.041
833 39 5 7 0.040
855 21 5 6 0.040
318 37 6 8 0.040
877 39 5 6 0.040
640 47 6 7 0.040
775 29 5 5 0.039
948 81 5 7 0.039
667 44 6 7 0.038
170 67 5 8 0.038
710 1 5 6 0.038
30 63 7 8 0.037
890 47 5 6 0.037
874 18 5 7 0.036
800 21 5 6 0.036
871 49 5 6 0.036
368 78 7 10 0.036
93 95 7 9 0.036
570 66 5 7 0.035
165 116 5 8 0.035
339 56 6 7 0.035
494 72 6 7 0.035
830 57 5 6 0.035
275 77 7 8 0.034
94 99 7 9 0.034
259 117 10 13 0.033
815 58 5 7 0.033
163 115 6 7 0.033
712 1 4 6 0.033
620 92 7 10 0.033
394 74 8 10 0.032
355 92 7 8 0.032
80 1 7 8 0.032
848 20 5 6 0.032
270 70 6 9 0.032
160 3 5 7 0.032
386 82 8 9 0.032
473 0 6 6 0.032
358 35 8 11 0.031
740 22 5 6 0.031
281 5 6 7 0.031
608 85 5 7 0.031
573 67 6 8 0.031
537 88 6 7 0.031
190 5 5 7 0.030
730 0 5 4 0.030
880 40 5 6 0.030
996 48 6 7 0.030
913 39 4 6 0.030
160 117 6 8 0.029
737 63 5 7 0.029
940 46 5 6 0.029
606 92 5 7 0.029
823 43 5 6 0.029
845 72 5 7 0.028
971 43 5 6 0.028
31 17 6 9 0.028
79 64 8 9 0.027
513 98 5 7 0.027
941 27 4 6 0.027
53 4 6 7 0.026
913 40 5 6 0.026
989 53 5 7 0.026
626 1 5 6 0.026
768 60 6 7 0.026
28 96 7 9 0.026
847 84 5 7 0.025
1008 25 5 6 0.025
238 9 6 7 0.025
717 0 5 5 0.025
774 1 5 5 0.025
828 78 5 6 0.025
396 0 5 6 0.025
785 1 5 6 0.025
988 92 6 8 0.025
267 70 6 7 0.024
173 70 5 7 0.024
852 126 6 7 0.024
318 108 5 7 0.024
344 104 6 8 0.024
595 58 8 9 0.024
642 83 5 7 0.024
820 58 5 6 0.023
452 78 6 7 0.023
576 77 5 6 0.023
901 38 5 6 0.023
474 97 6 7 0.023
924 13 5 6 0.022
844 48 6 6 0.022
81 91 7 9 0.022
477 100 6 7 0.022
691 66 5 6 0.022
61 93 8 9 0.022
1003 113 6 7 0.021
111 4 7 9 0.021
643 1 5 5 0.021
254 33 6 8 0.021
432 0 5 5 0.021
92 5 7 8 0.020
768 56 8 9 0.020
183 54 6 7 0.019
878 20 5 6 0.019
1005 103 6 7 0.019
390 100 6 7 0.019
478 71 5 7 0.019
207 51 5 6 0.018
107 91 6 8 0.018
504 101 6 7 0.018
801 19 5 6 0.018
641 101 5 6 0.018
651 142 8 10 0.018
792 0 5 5 0.018
233 62 6 7 0.018
783 28 5 6 0.017
342 106 6 7 0.017
279 14 7 9 0.017
516 31 8 9 0.017
37 103 7 9 0.017
988 100 6 7 0.017
246 85 6 8 0.017
338 36 8 9 0.017
846 35 5 7 0.017
461 68 5 7 0.017
29 105 8 9 0.017
973 42 5 6 0.016
857 59 5 6 0.016
58 79 8 10 0.016
235 4 5 7 0.016
226 19 5 7 0.016
1017 36 5 7 0.016
986 35 6 6 0.016
449 118 8 9 0.015
994 20 5 6 0.015
130 114 7 9 0.015
132 101 6 9 0.015
628 32 7 9 0.015
859 2 5 6 0.015
947 31 5 6 0.015
738 71 8 9 0.015
105 100 6 8 0.015
618 5 6 6 0.015
238 16 6 7 0.015
648 84 5 6 0.015
666 31 7 10 0.015
810 16 5 6 0.015
460 17 6 7 0.015
303 46 8 10 0.014
85 91 8 10 0.014
904 97 8 10 0.014
126 9 8 10 0.014
358 2 5 5 0.014
862 99 6 7 0.014
690 64 8 10 0.014
949 12 5 7 0.014
3 57 6 8 0.014
434 67 7 6 0.014
787 77 5 6 0.013
756 33 8 9 0.013
609 117 5 7 0.013
279 78 7 8 0.013
812 35 7 10 0.013
547 57 8 10 0.013
883 6 5 6 0.013
738 24 5 7 0.012
179 45 7 9 0.012
222 168 7 9 0.012
757 8 5 6 0.012
918 39 5 6 0.012
746 45 6 7 0.011
645 53 8 10 0.011
704 0 5 6 0.011
88 182 8 9 0.011
1008 110 6 8 0.011
915 9 5 5 0.011
640 98 5 7 0.011
86 107 7 8 0.010
201 45 6 8 0.010
1002 11 5 6 0.010
7 22 6 7 0.010
996 67 8 9 0.010
