37_Soccer_soccer_ball_37_907
79
191 271 36 52 0.813
167 51 36 44 0.803
45 58 34 49 0.803
674 85 39 51 0.803
540 80 40 56 0.796
125 175 38 50 0.791
258 70 35 49 0.787
912 171 43 45 0.782
1001 76 23 44 0.780
21 181 41 55 0.779
14 294 35 45 0.775
424 109 36 47 0.767
333 112 35 41 0.711
148 307 33 43 0.694
916 65 34 48 0.667
724 1 27 30 0.481
900 283 26 33 0.225
995 440 16 18 0.153
569 438 20 25 0.143
659 441 18 22 0.110
400 317 25 34 0.104
713 444 18 19 0.100
317 277 31 42 0.092
543 447 21 24 0.088
688 443 17 20 0.085
776 325 37 47 0.076
1003 363 15 21 0.074
346 1 32 10 0.072
982 515 17 18 0.060
895 538 19 22 0.056
940 443 17 19 0.054
863 530 17 21 0.050
778 58 35 38 0.046
632 445 17 20 0.045
881 534 19 20 0.036
261 0 30 18 0.036
311 307 27 38 0.035
1014 291 10 35 0.034
909 433 17 18 0.034
1005 538 16 25 0.033
1013 470 11 20 0.032
1015 324 9 26 0.031
981 373 14 17 0.030
969 443 14 17 0.028
855 431 17 20 0.025
250 186 34 36 0.024
368 323 19 26 0.024
648 481 18 22 0.024
329 426 23 27 0.022
430 518 20 16 0.022
1 299 13 40 0.022
737 474 17 20 0.021
726 360 20 23 0.020
434 406 21 23 0.019
444 481 19 22 0.019
773 446 18 22 0.019
890 283 27 34 0.018
309 265 33 45 0.018
200 441 27 35 0.018
928 64 31 45 0.018
991 10 25 37 0.017
653 81 24 34 0.017
792 512 16 18 0.016
569 322 20 24 0.016
322 264 34 46 0.016
765 465 18 21 0.015
1000 39 23 41 0.015
882 439 17 19 0.015
752 547 18 19 0.013
327 279 31 42 0.013
987 7 25 30 0.013
859 141 33 41 0.013
938 63 29 42 0.011
722 0 23 22 0.011
542 327 19 23 0.011
976 325 17 24 0.011
762 458 18 21 0.010
350 478 18 20 0.010
780 396 15 19 0.010
