16_Award_Ceremony_Awards_Ceremony_16_4
78
371 301 16 24 0.545
908 268 11 17 0.330
1009 272 15 35 0.241
540 234 5 6 0.186
75 342 19 32 0.171
382 280 10 14 0.166
1013 237 10 15 0.149
959 268 11 14 0.142
152 276 7 9 0.139
90 261 11 14 0.127
852 278 13 20 0.124
403 278 8 12 0.116
457 278 9 11 0.112
404 265 6 8 0.105
41 260 9 11 0.103
955 270 12 13 0.070
543 234 5 7 0.061
18 253 10 13 0.059
116 274 6 8 0.058
296 275 10 13 0.056
458 298 10 14 0.049
948 271 11 12 0.047
946 272 9 11 0.041
344 267 6 7 0.040
1 279 9 15 0.037
775 289 12 22 0.035
454 278 8 11 0.034
149 275 7 9 0.033
630 262 7 9 0.032
286 276 8 10 0.031
962 268 12 16 0.030
131 277 6 8 0.029
539 232 5 6 0.026
401 302 10 12 0.026
455 260 6 8 0.026
330 267 6 8 0.026
387 278 10 14 0.025
827 261 9 11 0.025
406 278 8 11 0.024
564 329 16 30 0.024
271 274 6 7 0.022
273 288 9 13 0.022
334 267 6 7 0.022
861 281 12 20 0.021
305 297 8 16 0.021
278 281 9 11 0.021
257 270 6 7 0.020
297 274 7 9 0.020
327 268 6 7 0.019
457 260 6 8 0.019
363 268 7 8 0.017
284 275 8 8 0.017
394 254 6 7 0.017
911 265 12 16 0.017
385 267 7 7 0.016
206 353 22 49 0.016
439 283 8 11 0.015
727 261 8 9 0.014
768 342 17 28 0.014
949 337 29 46 0.014
82 257 12 17 0.014
274 285 11 13 0.014
84 344 14 29 0.014
383 266 7 8 0.014
469 244 6 6 0.014
830 261 8 10 0.013
362 271 7 10 0.013
217 299 10 17 0.013
129 276 7 7 0.013
466 246 6 6 0.012
366 285 10 12 0.012
3 276 12 16 0.011
812 351 26 50 0.011
632 265 7 9 0.011
568 244 5 5 0.011
681 260 7 10 0.010
602 321 13 22 0.010
272 274 7 8 0.010
