13_Interview_Interview_On_Location_13_921
28
661 387 25 33 0.804
201 390 21 27 0.773
753 391 27 35 0.750
935 385 19 33 0.695
847 377 9 11 0.358
506 382 10 18 0.316
641 396 14 19 0.121
71 377 9 11 0.074
595 386 9 14 0.063
160 376 6 7 0.057
545 378 7 11 0.050
74 378 9 11 0.041
441 389 14 23 0.036
643 395 11 14 0.030
849 379 8 11 0.030
509 381 9 16 0.028
447 391 11 20 0.028
640 401 17 21 0.026
545 382 8 11 0.025
979 353 8 9 0.023
820 384 6 8 0.020
158 374 8 11 0.016
191 356 5 5 0.014
961 335 11 15 0.012
544 389 8 13 0.011
132 368 5 6 0.011
591 381 8 12 0.010
159 370 5 7 0.010
