13_Interview_Interview_2_People_Visible_13_325
34
291 120 40 55 0.807
369 640 29 33 0.745
227 519 13 16 0.686
498 580 15 18 0.653
152 84 42 37 0.593
455 570 13 15 0.586
69 489 14 16 0.583
422 570 11 13 0.581
139 526 9 12 0.555
158 525 10 11 0.532
102 522 11 12 0.521
179 525 11 13 0.498
251 80 36 34 0.488
88 506 10 12 0.456
195 532 9 11 0.430
285 553 8 10 0.342
409 612 16 20 0.076
275 554 7 8 0.035
278 553 7 8 0.033
624 434 9 11 0.031
73 484 11 15 0.031
268 552 6 7 0.026
67 483 14 18 0.025
438 570 8 10 0.020
142 72 43 41 0.019
260 67 33 41 0.019
491 579 10 13 0.017
180 534 9 12 0.016
100 512 9 12 0.016
323 559 5 5 0.016
112 513 8 10 0.015
264 553 6 7 0.015
321 559 5 5 0.013
66 494 12 16 0.012
