13_Interview_Interview_On_Location_13_521
47
892 9 116 143 0.849
177 217 37 52 0.818
881 212 32 41 0.817
708 39 89 150 0.801
543 408 50 58 0.644
389 347 16 19 0.629
603 327 14 16 0.218
587 344 19 22 0.154
635 319 12 16 0.135
598 330 17 21 0.098
615 336 12 14 0.083
407 309 9 10 0.078
608 264 6 7 0.063
685 427 22 37 0.049
488 312 7 9 0.044
437 70 70 98 0.044
537 270 7 7 0.038
432 306 8 9 0.036
551 298 7 9 0.035
618 269 6 7 0.034
405 309 8 11 0.031
507 312 10 11 0.026
433 308 10 12 0.025
646 266 6 8 0.025
484 327 7 9 0.025
528 304 11 14 0.024
486 313 7 9 0.024
505 311 9 10 0.023
382 315 8 11 0.019
509 310 10 11 0.019
590 300 8 10 0.018
582 394 35 44 0.017
645 269 6 8 0.015
491 311 9 10 0.014
383 310 8 9 0.014
484 318 10 12 0.013
644 264 6 7 0.013
636 290 8 10 0.013
643 265 9 12 0.012
643 267 6 7 0.012
423 338 12 15 0.011
499 312 11 12 0.011
342 436 49 84 0.011
431 309 8 11 0.011
406 306 12 16 0.010
683 419 35 50 0.010
550 308 9 11 0.010
