13_Interview_Interview_Sequences_13_495
61
538 70 42 51 0.803
495 120 29 36 0.631
432 142 32 36 0.595
349 125 29 34 0.546
0 121 24 37 0.497
400 117 25 32 0.475
594 101 12 16 0.383
409 145 27 33 0.383
304 134 26 26 0.372
108 125 23 27 0.359
593 130 20 27 0.283
670 110 10 13 0.218
207 104 26 37 0.134
461 19 13 19 0.094
184 134 22 26 0.093
98 155 23 28 0.089
340 122 27 32 0.075
597 129 14 20 0.075
597 103 13 17 0.065
200 117 25 31 0.065
669 120 16 29 0.057
98 127 26 29 0.048
105 152 21 26 0.047
59 120 24 31 0.042
673 115 11 17 0.040
179 135 20 24 0.039
588 97 21 30 0.038
666 110 10 13 0.037
86 100 17 23 0.034
381 105 20 23 0.032
668 109 13 19 0.030
96 164 22 27 0.028
57 110 23 31 0.028
21 80 13 19 0.027
149 135 18 23 0.026
406 125 27 36 0.025
330 127 20 27 0.025
664 125 19 29 0.025
335 121 20 26 0.023
51 90 18 22 0.023
18 120 24 31 0.022
673 127 17 28 0.021
56 89 20 23 0.021
445 138 28 35 0.020
601 133 18 21 0.019
590 121 16 21 0.018
285 105 23 31 0.017
192 138 18 23 0.016
346 143 25 29 0.015
117 122 19 23 0.015
70 93 16 20 0.014
587 104 14 19 0.013
171 133 24 28 0.012
103 241 16 20 0.011
322 121 38 44 0.011
478 106 17 20 0.011
150 123 17 25 0.011
208 93 25 34 0.011
212 117 21 28 0.010
371 88 19 23 0.010
303 123 36 43 0.010
