13_Interview_Interview_2_People_Visible_13_668
86
935 454 19 24 0.709
598 470 14 18 0.622
291 468 12 15 0.554
415 473 11 13 0.491
392 737 12 19 0.309
225 706 13 21 0.299
290 745 17 21 0.275
6 681 15 20 0.265
84 684 13 18 0.263
124 714 15 18 0.226
705 475 15 18 0.196
67 731 16 21 0.195
106 693 13 15 0.167
90 732 16 21 0.138
60 693 14 21 0.122
222 725 17 25 0.115
321 751 16 16 0.112
29 742 19 22 0.110
255 733 17 22 0.109
152 710 16 20 0.107
342 735 18 20 0.090
531 448 12 15 0.088
532 470 12 17 0.085
251 738 18 22 0.079
256 727 16 19 0.073
22 723 14 19 0.070
179 749 18 19 0.068
324 747 19 18 0.061
179 719 14 18 0.058
259 723 15 17 0.055
39 720 15 18 0.049
222 707 19 28 0.048
243 737 19 23 0.048
344 754 17 14 0.048
606 754 18 14 0.047
295 743 14 19 0.047
28 552 11 14 0.044
377 741 18 18 0.039
526 479 13 18 0.037
31 689 13 17 0.037
719 628 15 17 0.036
131 659 11 11 0.035
695 552 16 22 0.032
419 475 11 12 0.032
150 745 16 21 0.031
119 719 17 20 0.030
384 747 16 15 0.028
322 742 15 19 0.028
333 741 17 20 0.028
110 695 12 15 0.028
524 488 14 18 0.026
297 752 17 17 0.026
480 470 9 12 0.026
603 750 16 18 0.025
296 469 11 15 0.025
139 713 16 20 0.024
174 723 16 19 0.023
530 451 11 16 0.021
66 697 15 19 0.020
27 676 13 16 0.019
70 728 20 26 0.019
391 744 15 16 0.018
594 471 13 17 0.018
515 496 12 16 0.017
252 729 15 20 0.017
33 682 12 16 0.017
28 692 13 17 0.016
531 475 14 18 0.016
248 750 19 18 0.016
146 752 19 16 0.015
177 645 10 13 0.015
186 746 16 20 0.015
517 536 14 20 0.015
378 756 17 11 0.014
16 588 10 13 0.014
149 706 14 17 0.014
521 486 13 17 0.013
200 701 13 16 0.013
91 590 14 15 0.013
46 582 11 14 0.013
18 721 14 18 0.012
938 496 17 20 0.011
181 722 15 20 0.011
621 755 17 14 0.010
704 469 14 19 0.010
701 478 15 19 0.010
