13_Interview_Interview_2_People_Visible_13_189
67
816 251 43 55 0.855
512 214 47 64 0.853
253 222 44 56 0.843
675 239 42 58 0.841
396 215 46 64 0.839
571 183 39 52 0.838
921 247 45 51 0.831
754 241 37 45 0.825
171 213 59 68 0.821
748 148 10 12 0.139
460 68 9 12 0.117
671 76 8 10 0.115
799 150 9 11 0.093
619 77 10 11 0.091
929 156 8 10 0.085
779 150 9 12 0.080
572 81 10 11 0.077
949 156 7 10 0.069
899 155 8 9 0.063
652 85 8 10 0.059
448 69 9 11 0.054
518 67 9 11 0.053
851 153 9 10 0.050
881 155 8 9 0.049
865 241 8 10 0.047
478 70 9 11 0.042
455 68 11 12 0.041
751 72 9 10 0.040
830 152 9 10 0.038
868 241 7 9 0.037
768 74 9 11 0.035
592 87 8 11 0.035
490 70 9 10 0.030
933 156 7 9 0.028
424 68 9 10 0.026
570 82 9 11 0.025
986 263 30 46 0.025
603 81 10 11 0.024
685 81 9 11 0.023
751 151 9 10 0.022
947 256 42 51 0.021
483 70 10 10 0.020
743 238 9 17 0.020
422 65 9 11 0.019
493 69 9 10 0.019
949 159 8 9 0.018
594 115 11 12 0.018
420 68 9 10 0.017
784 168 9 10 0.015
786 166 10 12 0.015
622 93 9 11 0.015
895 241 7 9 0.014
827 151 9 11 0.014
437 261 14 21 0.014
681 80 8 9 0.014
748 70 10 11 0.014
877 152 9 11 0.014
667 76 10 11 0.013
688 81 9 11 0.013
738 249 12 22 0.013
983 72 34 43 0.012
746 151 10 12 0.012
603 77 9 11 0.012
512 67 11 11 0.012
892 241 7 8 0.011
126 239 8 10 0.011
741 237 25 37 0.010
