13_Interview_Interview_2_People_Visible_13_1001
38
816 314 24 33 0.753
958 333 16 21 0.739
474 351 19 25 0.717
578 339 18 26 0.700
294 143 17 20 0.695
726 341 16 22 0.688
124 366 18 23 0.682
626 324 21 27 0.679
188 354 18 21 0.677
216 148 15 19 0.667
296 357 15 23 0.629
661 334 17 22 0.582
377 149 14 17 0.527
469 404 17 26 0.478
211 367 13 21 0.398
462 140 14 17 0.367
92 340 12 15 0.173
242 148 10 14 0.078
182 406 15 17 0.067
665 384 15 19 0.065
501 157 11 14 0.052
300 360 14 22 0.049
202 330 14 17 0.047
411 147 11 13 0.046
444 164 11 15 0.042
916 278 13 15 0.033
154 372 14 18 0.030
377 179 12 17 0.029
722 76 45 57 0.025
734 25 17 20 0.023
89 340 12 17 0.023
218 370 15 19 0.016
656 337 17 23 0.015
409 144 10 13 0.013
187 407 15 16 0.012
136 332 15 17 0.011
738 24 19 19 0.011
464 406 16 23 0.010
