13_Interview_Interview_2_People_Visible_13_252
54
620 28 61 83 0.857
325 556 45 58 0.846
32 28 52 65 0.842
873 12 64 80 0.840
110 552 45 62 0.831
866 523 32 39 0.826
577 507 35 44 0.799
84 285 28 34 0.798
805 272 33 43 0.795
436 12 23 29 0.774
225 15 31 39 0.736
273 265 23 27 0.697
20 259 27 31 0.669
503 281 24 30 0.663
458 288 19 25 0.278
341 315 12 16 0.261
414 307 17 20 0.244
371 310 13 16 0.237
611 266 16 19 0.198
558 267 16 20 0.128
385 300 15 20 0.119
749 244 14 18 0.110
374 307 16 18 0.087
445 314 13 17 0.061
547 346 16 19 0.059
411 311 16 18 0.051
293 347 40 50 0.051
386 296 15 18 0.048
282 299 24 30 0.045
217 137 15 19 0.045
573 311 19 22 0.041
460 280 19 26 0.039
606 291 15 18 0.031
247 256 18 21 0.030
409 260 24 30 0.027
721 73 20 27 0.026
692 566 19 30 0.025
580 56 12 15 0.022
621 303 23 26 0.022
548 293 17 21 0.022
401 318 12 14 0.021
403 258 20 26 0.019
577 306 18 22 0.018
368 305 18 23 0.018
544 325 12 15 0.017
781 230 23 25 0.017
611 285 16 20 0.016
326 308 17 20 0.015
744 303 17 21 0.014
184 333 28 34 0.013
991 321 15 18 0.013
913 360 12 16 0.012
747 238 23 25 0.012
577 299 18 20 0.011
