13_Interview_Interview_Sequences_13_2
34
494 170 50 63 0.842
268 187 53 70 0.838
916 219 39 48 0.819
655 25 37 45 0.805
0 22 25 45 0.801
325 27 33 43 0.801
643 146 31 38 0.800
548 200 32 43 0.798
237 27 38 44 0.796
637 236 56 76 0.794
567 27 42 45 0.790
744 287 78 95 0.789
947 16 50 59 0.786
122 269 55 64 0.774
227 189 27 40 0.719
315 137 27 34 0.711
118 -8 40 25 0.683
448 -9 38 27 0.631
0 134 14 35 0.630
9 239 27 30 0.381
53 203 21 32 0.212
805 -6 39 28 0.199
329 238 24 34 0.091
49 165 23 27 0.066
807 13 33 37 0.051
806 0 37 37 0.042
712 157 23 26 0.039
49 146 15 17 0.034
4 230 35 45 0.026
802 -13 47 26 0.021
372 175 22 28 0.015
436 253 26 35 0.014
697 182 31 32 0.014
709 188 26 31 0.011
