13_Interview_Interview_Sequences_13_868
27
286 85 36 46 0.788
737 548 9 11 0.252
930 547 8 10 0.186
739 546 9 11 0.111
581 265 9 11 0.111
404 292 12 14 0.075
866 630 10 14 0.061
932 546 8 9 0.050
551 551 6 8 0.045
736 545 9 11 0.043
528 299 9 11 0.039
863 631 10 14 0.023
656 527 6 7 0.022
987 301 16 19 0.018
576 265 10 11 0.016
524 300 10 12 0.016
637 519 6 7 0.016
924 546 10 11 0.015
819 517 6 7 0.014
906 546 8 11 0.014
744 557 9 11 0.013
979 648 7 9 0.011
619 522 5 6 0.011
684 636 8 12 0.011
475 516 8 9 0.011
660 526 6 7 0.010
927 520 7 8 0.010
