13_Interview_Interview_On_Location_13_138
34
673 276 18 21 0.719
99 261 16 20 0.681
56 334 39 48 0.637
335 228 16 19 0.634
496 245 19 23 0.603
169 140 20 25 0.217
215 174 11 14 0.187
415 246 11 14 0.176
436 292 23 29 0.115
227 200 9 11 0.091
244 172 10 12 0.087
221 205 10 11 0.070
240 170 11 13 0.069
345 384 53 55 0.064
221 185 10 13 0.062
383 260 8 13 0.043
410 251 13 16 0.041
193 114 18 24 0.040
418 245 12 15 0.038
268 203 7 9 0.035
267 205 9 11 0.031
198 171 13 15 0.028
219 207 9 13 0.027
408 246 12 15 0.022
239 166 15 19 0.022
557 281 12 14 0.022
999 543 24 86 0.017
208 432 56 56 0.017
666 277 16 18 0.014
653 273 12 15 0.014
166 135 20 23 0.013
198 111 19 22 0.011
230 206 9 12 0.011
432 287 37 48 0.010
