56_Voter_peoplevoting_56_410
175
270 468 18 22 0.707
214 458 18 21 0.679
178 433 16 20 0.678
122 452 16 19 0.670
367 435 17 19 0.668
493 445 15 18 0.664
470 432 18 20 0.662
549 446 17 18 0.656
322 441 14 18 0.649
692 476 18 21 0.645
743 475 19 21 0.642
826 428 17 20 0.633
615 462 16 20 0.627
59 445 16 19 0.596
932 458 17 22 0.588
286 443 14 17 0.577
420 452 16 19 0.559
937 425 16 19 0.540
422 429 16 18 0.485
527 428 14 16 0.479
98 436 15 18 0.458
237 451 15 19 0.437
284 425 14 17 0.369
895 424 16 19 0.356
987 453 15 22 0.332
643 448 18 22 0.330
815 468 17 20 0.325
84 433 14 16 0.302
194 422 16 20 0.294
232 438 13 13 0.281
572 446 12 15 0.244
154 419 13 14 0.240
93 435 15 18 0.235
120 418 12 14 0.233
753 436 16 19 0.220
962 440 15 20 0.202
586 465 13 15 0.193
138 424 12 16 0.191
34 428 16 20 0.174
983 353 12 14 0.162
441 449 13 16 0.158
608 433 12 16 0.158
86 437 16 18 0.154
923 442 14 20 0.152
286 430 15 18 0.151
874 455 15 19 0.123
583 461 12 16 0.118
963 447 15 20 0.115
416 445 15 19 0.114
197 427 15 19 0.112
812 460 18 19 0.111
228 436 13 15 0.111
823 403 12 15 0.108
987 443 13 20 0.107
893 469 16 19 0.104
600 428 9 12 0.101
648 469 14 19 0.099
321 415 12 14 0.098
714 438 14 21 0.087
362 416 10 12 0.085
173 423 13 15 0.082
603 431 13 15 0.077
590 424 11 12 0.077
986 438 14 18 0.077
873 461 15 20 0.074
511 428 13 16 0.074
413 429 11 15 0.072
82 442 14 17 0.072
920 438 15 18 0.068
840 462 17 21 0.066
586 423 11 13 0.064
749 471 17 20 0.055
32 419 17 20 0.055
56 432 15 15 0.054
449 426 11 14 0.051
579 457 13 16 0.050
876 465 16 22 0.046
128 417 12 14 0.045
554 419 11 13 0.045
982 433 14 17 0.043
269 412 12 14 0.041
439 427 11 13 0.041
778 441 15 18 0.041
820 466 18 21 0.040
890 459 17 22 0.038
884 465 18 23 0.038
134 427 13 16 0.037
534 427 13 15 0.036
456 424 8 11 0.035
954 422 14 16 0.033
946 460 15 20 0.032
97 455 13 15 0.031
716 433 14 19 0.031
354 420 11 14 0.031
942 449 16 19 0.031
197 466 13 16 0.031
380 447 12 17 0.030
445 426 12 13 0.030
757 441 14 17 0.030
94 452 13 16 0.030
881 450 16 20 0.029
146 444 14 19 0.029
47 456 12 15 0.028
318 418 12 13 0.028
777 471 14 18 0.027
51 453 14 16 0.027
710 436 13 19 0.026
32 438 14 19 0.026
118 434 13 16 0.026
34 414 15 18 0.025
717 440 16 21 0.025
384 421 10 13 0.024
377 442 13 18 0.024
524 450 12 16 0.023
891 443 15 18 0.023
348 438 11 16 0.022
366 419 13 15 0.022
868 441 14 18 0.022
385 426 11 14 0.022
138 418 12 15 0.021
696 445 14 17 0.021
510 423 11 14 0.021
750 421 15 17 0.021
815 477 16 19 0.020
852 465 14 18 0.020
580 423 11 14 0.020
623 420 11 14 0.019
31 449 14 17 0.019
776 432 15 18 0.019
0 420 6 17 0.019
974 420 14 16 0.018
289 446 15 18 0.018
846 466 15 19 0.018
864 443 15 20 0.018
620 416 11 13 0.018
644 472 14 18 0.017
162 411 11 13 0.017
217 443 16 17 0.017
78 448 12 15 0.017
849 421 13 15 0.017
301 437 11 15 0.016
759 435 16 19 0.016
617 424 12 15 0.016
834 427 15 19 0.016
56 423 12 14 0.016
317 413 12 14 0.015
13 429 13 18 0.015
589 439 13 17 0.015
363 414 8 10 0.015
344 436 13 16 0.015
675 424 13 17 0.014
869 399 12 14 0.014
404 425 11 13 0.014
807 426 13 17 0.013
685 445 15 18 0.013
927 350 10 12 0.013
653 395 7 9 0.013
589 421 8 10 0.013
545 382 6 7 0.013
512 442 13 15 0.013
383 445 13 17 0.012
165 411 10 10 0.012
738 475 16 20 0.012
626 428 12 16 0.012
1010 389 10 12 0.012
565 449 13 16 0.012
683 363 8 9 0.012
331 439 14 17 0.011
711 477 16 19 0.011
687 450 16 20 0.011
20 432 12 19 0.011
930 351 9 12 0.011
521 446 13 15 0.011
273 439 14 18 0.010
839 418 14 18 0.010
