56_Voter_peoplevoting_56_350
263
37 362 34 50 0.737
2 322 44 53 0.734
747 234 11 14 0.565
438 148 9 12 0.560
830 264 12 14 0.529
207 93 8 11 0.529
562 188 11 13 0.520
858 259 11 13 0.507
502 349 19 32 0.507
258 106 9 11 0.506
519 317 16 25 0.500
467 150 9 11 0.500
743 208 10 12 0.498
182 71 8 10 0.492
200 74 9 12 0.484
14 38 8 10 0.484
307 104 8 11 0.473
333 115 10 12 0.472
285 113 9 11 0.470
767 288 13 15 0.461
565 166 9 13 0.455
925 243 9 11 0.450
113 58 8 10 0.437
733 219 9 11 0.433
53 43 8 10 0.424
698 223 12 13 0.422
526 182 9 12 0.417
394 140 9 12 0.416
539 190 9 11 0.414
228 101 9 11 0.412
344 398 20 38 0.410
139 67 9 10 0.401
647 200 10 13 0.376
724 201 10 13 0.360
526 160 9 10 0.357
796 233 10 12 0.336
386 117 8 9 0.324
435 127 8 10 0.315
371 132 8 11 0.310
900 245 11 13 0.308
33 40 7 10 0.295
765 204 10 11 0.294
498 155 8 11 0.286
581 166 9 10 0.280
576 320 14 28 0.276
651 340 18 27 0.276
349 128 9 11 0.269
607 192 10 12 0.265
84 48 8 10 0.249
515 158 9 11 0.244
464 132 7 9 0.239
205 96 9 10 0.237
719 354 14 23 0.235
873 250 10 12 0.230
672 209 9 13 0.215
356 104 7 9 0.215
727 188 10 11 0.212
106 42 7 8 0.211
157 26 5 7 0.206
849 238 9 10 0.205
905 246 11 13 0.199
544 168 8 10 0.195
404 123 8 9 0.194
801 231 9 13 0.194
666 186 9 11 0.186
135 17 6 7 0.180
794 215 9 10 0.177
632 191 8 12 0.173
646 202 9 12 0.171
34 39 9 9 0.161
994 314 18 23 0.155
283 80 7 8 0.151
81 44 8 9 0.150
650 197 10 13 0.146
372 107 7 9 0.146
779 210 9 10 0.144
594 178 8 11 0.131
209 92 8 10 0.130
767 205 10 12 0.130
676 203 10 13 0.129
155 25 6 7 0.125
407 145 7 9 0.123
824 240 10 11 0.123
794 235 9 12 0.122
503 155 9 12 0.118
851 289 13 15 0.118
323 90 7 8 0.118
887 244 10 13 0.112
256 104 9 11 0.112
407 121 7 9 0.110
607 164 8 10 0.107
913 305 14 17 0.105
100 28 6 7 0.102
676 208 11 13 0.098
878 242 10 12 0.096
465 136 8 11 0.095
645 197 10 13 0.095
747 352 16 23 0.094
71 42 7 9 0.091
525 145 7 8 0.090
328 66 6 6 0.090
1000 313 14 19 0.087
882 247 10 12 0.087
865 303 13 15 0.087
265 65 6 8 0.080
605 167 8 10 0.079
220 46 5 6 0.078
605 187 10 12 0.077
281 78 7 9 0.076
472 149 9 10 0.075
820 314 15 20 0.074
603 171 9 12 0.072
892 245 11 12 0.072
173 39 6 8 0.071
461 134 8 10 0.070
730 215 10 13 0.067
875 238 9 10 0.067
68 42 8 9 0.067
243 74 8 9 0.064
546 168 9 10 0.064
326 91 7 7 0.063
913 311 16 19 0.063
797 360 13 20 0.061
569 183 9 13 0.058
420 388 16 32 0.057
527 312 14 25 0.056
229 48 5 6 0.054
797 215 9 11 0.052
136 44 6 8 0.052
520 144 8 9 0.052
287 78 6 8 0.052
775 235 9 12 0.051
997 310 14 16 0.051
832 237 9 11 0.049
611 185 10 12 0.048
678 198 9 12 0.048
104 37 8 10 0.048
88 51 7 9 0.047
217 46 6 7 0.047
228 47 5 6 0.046
650 202 9 12 0.046
659 164 7 8 0.046
3 28 6 8 0.045
607 618 26 40 0.045
185 29 6 6 0.044
391 140 9 11 0.044
188 30 5 6 0.042
800 248 10 11 0.042
244 76 8 9 0.041
491 130 6 8 0.040
78 39 9 9 0.040
754 226 10 13 0.040
846 293 13 16 0.040
857 236 8 10 0.040
608 161 7 8 0.040
990 306 14 19 0.039
707 164 6 8 0.038
910 320 15 17 0.038
862 305 13 16 0.037
93 45 7 9 0.037
150 74 8 8 0.035
319 89 6 8 0.035
990 303 13 15 0.035
202 73 9 11 0.035
531 561 29 30 0.035
10 26 7 9 0.034
652 192 9 12 0.034
682 200 10 12 0.034
466 130 7 9 0.033
835 296 13 16 0.033
688 363 14 21 0.032
759 208 9 12 0.032
989 317 17 23 0.032
340 99 7 8 0.032
672 179 8 9 0.031
166 444 33 56 0.031
341 71 6 7 0.031
404 82 5 6 0.031
360 71 5 6 0.031
423 129 7 8 0.030
158 24 5 7 0.029
37 44 7 9 0.029
783 227 10 14 0.029
202 39 6 6 0.028
767 201 8 10 0.028
200 39 6 6 0.028
823 321 15 19 0.028
137 49 7 9 0.028
728 170 7 8 0.027
713 359 16 22 0.027
913 301 12 14 0.026
855 256 12 14 0.026
583 163 7 8 0.026
704 165 6 8 0.026
550 157 8 9 0.025
353 84 6 7 0.025
715 351 14 23 0.025
391 94 5 7 0.025
728 270 12 16 0.023
726 168 7 8 0.022
198 40 6 6 0.022
734 188 8 10 0.022
823 305 15 20 0.022
707 193 9 12 0.021
507 346 17 27 0.021
910 325 16 18 0.020
643 157 7 8 0.019
445 126 8 9 0.019
955 302 12 14 0.018
493 129 7 9 0.018
345 71 5 6 0.018
528 553 27 28 0.018
28 34 8 9 0.018
218 35 5 6 0.018
573 314 13 25 0.018
643 340 16 26 0.018
309 83 6 7 0.017
348 78 5 6 0.017
162 54 7 9 0.017
404 85 6 6 0.017
522 142 8 10 0.017
332 119 9 11 0.016
306 87 6 7 0.016
136 18 8 9 0.016
989 300 11 13 0.016
693 162 6 7 0.015
540 163 9 11 0.015
404 497 35 29 0.015
583 198 9 12 0.014
272 83 7 9 0.014
153 77 7 8 0.014
696 227 11 13 0.014
882 262 12 15 0.014
719 348 13 21 0.014
266 86 7 9 0.013
1 1 5 8 0.013
1004 307 10 14 0.013
326 65 8 9 0.013
1002 321 14 22 0.013
595 158 7 8 0.013
983 320 17 24 0.013
220 44 8 9 0.013
612 155 6 9 0.013
81 9 5 6 0.013
651 333 18 24 0.013
845 333 15 19 0.012
409 390 21 33 0.012
388 78 6 6 0.012
727 175 7 9 0.012
977 310 11 12 0.012
338 627 27 49 0.011
651 351 18 25 0.011
540 153 8 9 0.011
531 143 7 8 0.011
500 186 8 10 0.011
171 40 9 11 0.011
904 310 13 18 0.011
959 306 11 12 0.011
210 2 5 6 0.010
609 157 9 11 0.010
742 174 7 8 0.010
179 69 11 14 0.010
150 59 8 10 0.010
