56_Voter_peoplevoting_56_663
31
491 290 48 66 0.844
835 47 68 91 0.788
667 140 45 52 0.788
343 211 44 44 0.720
198 194 12 18 0.640
106 224 10 14 0.605
284 189 11 13 0.572
70 218 11 13 0.476
317 181 11 13 0.455
13 223 11 13 0.441
1 217 10 13 0.361
236 178 10 14 0.322
44 223 10 11 0.292
7 219 12 15 0.231
409 167 9 14 0.214
74 220 9 13 0.167
640 170 8 11 0.146
386 156 11 14 0.077
40 226 10 13 0.037
39 214 8 11 0.035
403 165 10 14 0.034
445 243 10 13 0.030
241 175 11 15 0.021
262 211 11 13 0.014
638 169 8 11 0.014
166 234 6 8 0.013
37 210 9 10 0.013
644 170 8 13 0.013
260 208 10 13 0.012
115 226 10 12 0.012
388 154 9 12 0.011
