56_Voter_peoplevoting_56_528
39
904 236 59 62 0.812
456 186 40 41 0.783
520 149 32 39 0.753
624 129 28 41 0.737
319 59 20 26 0.730
178 63 19 26 0.723
485 25 17 25 0.707
261 63 17 26 0.673
532 238 50 39 0.671
419 47 17 24 0.656
788 125 19 22 0.535
936 90 14 21 0.514
894 63 16 18 0.468
915 73 16 21 0.467
694 88 18 23 0.420
613 60 14 22 0.400
783 40 12 18 0.398
906 67 16 20 0.186
841 103 17 20 0.157
771 106 15 21 0.122
798 400 27 30 0.115
911 70 15 21 0.097
551 52 13 18 0.062
846 100 15 18 0.047
593 54 13 17 0.039
665 77 17 22 0.039
601 54 13 20 0.035
841 114 15 17 0.034
546 56 14 18 0.031
775 100 13 21 0.029
846 107 16 18 0.022
617 65 14 22 0.017
766 109 14 21 0.017
836 116 15 18 0.016
85 68 14 24 0.014
925 78 14 20 0.013
410 46 16 22 0.013
647 111 22 29 0.012
631 120 28 40 0.012
