56_Voter_peoplevoting_56_781
78
365 194 61 75 0.824
361 85 61 76 0.786
289 104 45 59 0.743
651 156 26 31 0.736
601 137 22 25 0.630
777 124 22 26 0.594
106 75 64 76 0.574
679 112 24 31 0.555
833 129 13 16 0.472
435 121 30 39 0.466
644 118 21 30 0.445
954 137 15 18 0.355
893 120 13 16 0.352
817 137 12 14 0.327
950 136 14 17 0.269
752 115 20 24 0.229
217 141 33 37 0.222
495 108 40 46 0.206
997 119 15 21 0.181
852 112 13 18 0.170
909 111 11 15 0.136
335 71 33 45 0.129
883 120 14 17 0.113
411 103 36 47 0.111
66 109 36 42 0.104
877 121 15 18 0.095
751 124 19 22 0.091
751 141 16 19 0.074
517 109 30 40 0.072
0 172 11 55 0.071
678 104 21 28 0.067
573 150 20 24 0.060
644 110 17 25 0.059
806 130 13 17 0.059
947 131 13 17 0.059
754 108 18 22 0.058
340 64 27 33 0.052
651 126 22 26 0.050
785 125 20 24 0.048
76 95 48 55 0.047
854 122 13 17 0.047
944 134 13 17 0.046
692 116 20 25 0.040
875 124 13 16 0.038
434 120 21 28 0.034
882 112 13 16 0.031
426 102 23 33 0.030
811 136 12 16 0.030
197 131 46 54 0.030
600 170 19 25 0.030
169 87 40 52 0.026
606 314 16 20 0.026
221 134 29 32 0.025
427 90 18 27 0.024
749 129 17 22 0.023
191 104 50 58 0.023
342 81 33 45 0.023
961 136 14 17 0.020
674 117 18 25 0.020
576 126 12 14 0.019
595 135 19 21 0.018
314 111 35 45 0.017
485 110 34 43 0.016
432 81 16 21 0.016
439 106 27 36 0.016
276 169 38 46 0.015
257 129 26 34 0.015
471 209 27 36 0.015
218 120 36 42 0.014
726 128 14 18 0.014
27 90 25 30 0.014
339 91 29 43 0.013
98 64 52 66 0.012
442 131 31 35 0.012
698 121 17 22 0.011
984 102 12 17 0.011
734 131 15 18 0.011
937 137 11 15 0.011
