56_Voter_peoplevoting_56_558
398
646 277 57 80 0.830
401 248 40 89 0.691
835 276 21 28 0.613
893 425 11 13 0.585
597 421 9 12 0.545
626 412 8 12 0.534
490 420 8 10 0.487
474 409 8 11 0.481
650 405 9 12 0.429
620 368 8 9 0.384
148 408 8 10 0.375
936 418 9 11 0.360
585 412 9 11 0.352
517 384 8 9 0.340
572 385 7 9 0.339
603 385 7 9 0.333
662 415 8 11 0.333
668 404 8 9 0.303
646 369 8 9 0.279
927 386 8 9 0.273
80 407 8 9 0.273
134 394 7 8 0.273
16 409 8 10 0.271
615 411 9 10 0.264
594 374 7 9 0.263
887 411 9 11 0.263
109 407 8 10 0.253
649 428 9 11 0.243
46 409 8 10 0.238
644 370 8 10 0.230
963 382 7 9 0.229
633 386 8 10 0.226
583 363 6 8 0.225
932 416 10 12 0.223
578 346 6 7 0.209
916 371 8 9 0.206
163 396 7 9 0.200
520 411 9 11 0.197
485 392 8 10 0.191
888 388 8 9 0.186
466 383 6 9 0.181
944 370 8 8 0.178
612 409 9 10 0.177
920 402 9 11 0.176
564 372 6 8 0.173
527 460 11 14 0.172
576 398 8 10 0.171
671 426 7 10 0.170
557 423 8 11 0.168
954 399 8 10 0.163
665 411 8 11 0.161
118 397 7 9 0.160
654 408 9 12 0.158
211 422 8 9 0.158
147 371 7 8 0.156
600 345 6 8 0.155
10 370 6 7 0.155
529 423 8 11 0.155
190 398 7 9 0.154
655 381 8 9 0.151
213 395 7 9 0.150
540 376 6 8 0.149
662 366 7 9 0.149
922 403 9 11 0.146
965 407 8 10 0.143
633 327 5 7 0.140
486 360 6 8 0.138
950 386 8 10 0.138
542 387 7 8 0.137
91 397 7 8 0.133
886 432 9 11 0.129
519 413 8 12 0.128
951 427 9 11 0.123
613 326 5 6 0.120
217 371 7 9 0.119
962 405 9 10 0.116
641 397 9 10 0.114
87 400 8 10 0.113
872 409 9 10 0.112
658 379 7 9 0.108
517 422 7 9 0.107
103 389 6 9 0.106
6 385 5 8 0.104
881 434 11 12 0.104
642 352 5 7 0.101
204 375 7 8 0.099
73 395 8 8 0.099
888 359 7 9 0.099
24 359 6 6 0.098
236 374 7 8 0.097
49 396 8 10 0.096
891 391 7 9 0.096
628 354 7 8 0.095
681 134 5 6 0.095
627 350 6 7 0.095
527 420 9 11 0.095
1002 112 7 7 0.095
946 370 8 10 0.094
506 408 8 10 0.094
23 379 6 8 0.094
555 346 6 7 0.093
1005 97 6 8 0.093
216 397 7 9 0.091
977 378 7 9 0.091
923 379 9 11 0.088
644 368 7 9 0.088
132 376 6 8 0.088
645 444 8 10 0.086
884 334 6 8 0.086
487 389 7 10 0.081
611 326 5 6 0.081
110 405 8 10 0.079
57 383 7 7 0.079
646 429 9 12 0.079
588 412 9 12 0.078
962 380 7 9 0.077
472 370 6 8 0.077
492 338 5 7 0.075
24 380 7 8 0.075
907 349 10 12 0.072
963 100 7 8 0.070
556 349 6 8 0.070
659 365 7 8 0.070
543 382 6 9 0.068
657 373 8 10 0.066
95 371 7 8 0.065
623 347 6 7 0.064
519 406 9 12 0.063
538 372 6 8 0.063
463 383 6 9 0.062
86 343 6 7 0.061
670 429 9 10 0.060
31 386 7 8 0.060
99 360 6 8 0.059
961 335 7 9 0.059
213 340 6 7 0.059
602 347 6 7 0.058
747 318 6 8 0.058
135 396 7 9 0.056
570 326 5 6 0.055
184 416 7 8 0.055
560 358 6 8 0.055
539 338 5 7 0.055
229 365 7 7 0.054
934 337 6 8 0.054
506 374 7 8 0.054
19 407 9 11 0.053
67 365 6 7 0.053
722 124 6 6 0.053
556 329 6 7 0.053
980 115 7 9 0.053
905 330 6 7 0.053
889 363 6 9 0.051
183 367 6 8 0.051
48 406 10 10 0.051
986 87 6 8 0.051
126 340 6 7 0.051
192 334 6 8 0.051
926 86 7 7 0.050
184 365 6 8 0.050
885 357 7 8 0.050
535 420 10 12 0.050
89 342 5 6 0.049
152 407 8 9 0.049
159 385 7 8 0.048
884 372 7 9 0.048
597 341 6 7 0.048
89 382 7 8 0.047
56 349 5 7 0.047
190 378 7 8 0.047
879 112 6 7 0.046
905 347 9 12 0.046
907 332 6 8 0.045
210 374 6 8 0.045
487 368 6 9 0.044
9 368 5 8 0.044
638 381 8 10 0.044
518 356 6 7 0.043
670 422 8 11 0.043
718 139 5 6 0.043
99 370 6 8 0.043
931 335 7 8 0.042
115 367 7 8 0.042
951 283 5 7 0.042
83 395 7 10 0.042
113 409 8 10 0.042
516 368 7 8 0.042
570 400 8 9 0.042
902 85 7 7 0.041
463 336 6 7 0.041
959 333 7 9 0.041
967 345 7 7 0.040
66 366 6 8 0.040
186 382 7 9 0.040
263 303 6 7 0.040
35 383 7 8 0.040
194 376 7 8 0.040
879 304 6 7 0.040
943 105 7 8 0.039
41 362 5 7 0.039
87 384 6 8 0.039
573 332 5 7 0.039
851 374 7 8 0.039
36 369 6 7 0.038
195 360 6 7 0.037
237 378 6 8 0.037
189 393 8 11 0.037
884 338 6 9 0.036
940 367 7 9 0.036
705 123 5 6 0.036
213 338 5 7 0.036
109 346 6 6 0.036
789 332 6 6 0.036
187 417 7 8 0.036
151 408 7 10 0.036
615 391 8 9 0.035
698 136 6 7 0.035
922 320 6 7 0.034
115 364 7 8 0.034
936 124 6 7 0.034
539 369 8 10 0.034
564 376 8 10 0.034
538 357 6 7 0.034
150 361 5 8 0.033
150 358 6 7 0.033
57 367 5 7 0.033
185 411 7 10 0.033
57 347 5 7 0.032
460 333 6 7 0.032
891 357 8 11 0.031
993 73 6 7 0.030
32 369 6 8 0.030
545 392 6 9 0.030
640 146 5 6 0.030
170 344 6 8 0.029
82 361 6 8 0.029
961 112 7 9 0.029
20 397 6 8 0.029
148 344 6 7 0.029
921 397 8 11 0.028
968 86 6 8 0.028
824 143 6 6 0.028
172 367 7 8 0.027
733 138 5 7 0.027
1014 286 10 24 0.027
891 365 7 9 0.026
175 333 6 7 0.026
755 134 5 7 0.026
247 298 5 7 0.026
123 339 5 7 0.026
514 339 5 7 0.025
578 424 8 11 0.025
158 328 5 7 0.025
978 383 7 9 0.025
767 129 6 7 0.025
523 353 6 7 0.025
999 342 6 7 0.025
950 324 6 8 0.025
902 326 6 7 0.024
530 325 6 6 0.024
992 71 5 7 0.024
203 362 6 7 0.024
25 356 6 7 0.024
514 344 6 7 0.023
732 143 5 7 0.023
148 346 5 8 0.023
269 324 6 8 0.023
878 436 11 14 0.023
767 314 5 6 0.023
226 364 6 8 0.023
217 339 6 7 0.023
531 349 5 7 0.023
1014 78 6 8 0.023
251 340 6 8 0.023
218 421 8 10 0.023
505 465 13 15 0.023
762 326 6 8 0.022
958 116 7 9 0.022
953 283 6 6 0.022
969 83 6 8 0.022
836 102 5 6 0.022
744 319 6 8 0.021
251 323 5 7 0.021
128 357 6 8 0.021
814 122 6 7 0.021
144 327 6 6 0.021
216 325 6 6 0.021
234 320 6 8 0.021
828 129 6 7 0.021
231 369 8 10 0.020
1001 341 7 8 0.020
901 313 6 7 0.020
973 78 6 8 0.020
699 134 5 7 0.020
571 367 8 10 0.020
837 146 6 7 0.019
636 335 4 7 0.019
796 115 5 6 0.019
233 372 9 10 0.019
677 130 6 7 0.019
906 341 9 13 0.019
170 364 7 9 0.019
218 369 8 10 0.019
741 125 6 7 0.019
879 299 5 8 0.019
570 324 6 7 0.019
595 427 9 12 0.018
551 418 9 12 0.018
965 300 6 7 0.018
76 375 7 9 0.018
851 122 6 8 0.018
786 330 5 6 0.018
878 288 6 7 0.017
838 103 5 6 0.017
511 342 6 7 0.017
550 302 5 7 0.017
224 421 7 9 0.017
516 328 5 6 0.017
158 330 5 7 0.017
532 427 10 11 0.017
972 330 7 7 0.016
173 342 6 8 0.016
122 341 6 7 0.016
939 107 7 10 0.016
795 113 5 6 0.016
879 387 7 9 0.016
175 323 6 7 0.016
884 313 5 8 0.016
232 338 6 7 0.016
942 300 6 8 0.016
983 115 7 9 0.016
786 334 6 7 0.016
753 134 6 6 0.015
973 347 6 8 0.015
773 150 6 7 0.015
494 304 6 7 0.015
371 158 7 7 0.015
975 328 6 7 0.015
887 129 5 7 0.015
959 118 7 10 0.015
940 105 8 10 0.015
695 150 6 7 0.014
942 303 6 8 0.014
214 324 6 7 0.014
109 342 6 6 0.014
174 325 6 6 0.014
252 334 6 9 0.014
927 284 6 7 0.014
1001 340 8 14 0.014
967 100 7 8 0.014
506 356 6 7 0.014
196 303 6 7 0.014
54 386 8 10 0.014
928 283 6 7 0.013
768 133 6 8 0.013
930 282 7 7 0.013
948 313 6 8 0.013
1011 366 9 13 0.013
496 306 6 6 0.013
900 428 10 12 0.013
1017 287 6 16 0.013
1003 107 8 10 0.013
569 145 5 7 0.013
489 316 6 7 0.013
504 461 10 14 0.013
478 325 6 6 0.013
733 134 6 6 0.013
313 291 5 6 0.013
808 370 8 9 0.013
745 317 9 11 0.012
387 157 6 7 0.012
976 73 6 7 0.012
946 319 7 8 0.012
501 334 6 7 0.012
498 436 8 10 0.012
952 132 7 8 0.012
982 97 7 9 0.012
913 285 6 6 0.012
127 339 6 7 0.012
234 307 6 6 0.011
874 396 8 10 0.011
252 329 7 9 0.011
530 329 5 7 0.011
516 301 5 7 0.011
538 339 7 8 0.011
534 321 6 6 0.011
515 381 11 14 0.011
595 288 6 6 0.011
194 329 6 8 0.011
996 361 6 8 0.011
596 133 5 7 0.011
638 145 5 6 0.011
955 339 7 8 0.011
882 311 5 8 0.011
185 365 8 10 0.011
949 67 6 7 0.010
888 128 6 7 0.010
517 365 8 10 0.010
