56_Voter_peoplevoting_56_268
151
393 252 28 39 0.770
244 276 33 40 0.758
742 226 27 36 0.728
805 217 24 31 0.710
138 216 21 26 0.699
659 217 29 35 0.683
864 229 22 29 0.668
263 223 21 25 0.665
411 194 13 17 0.662
633 191 16 19 0.651
371 177 11 15 0.643
127 190 13 15 0.632
596 206 13 17 0.622
300 209 16 18 0.618
392 181 14 19 0.615
335 231 21 26 0.599
356 200 15 17 0.588
515 213 15 18 0.582
26 181 13 15 0.581
417 226 20 25 0.576
74 184 12 14 0.538
471 218 26 30 0.514
680 192 15 18 0.502
112 183 11 15 0.502
242 182 13 15 0.493
223 200 18 22 0.476
957 209 17 23 0.472
835 219 19 24 0.459
575 220 16 30 0.439
444 215 20 24 0.404
356 220 16 23 0.384
866 199 15 20 0.346
279 179 14 18 0.334
199 181 11 12 0.313
566 181 10 13 0.288
347 224 20 26 0.245
342 197 12 16 0.234
946 202 18 24 0.226
482 272 23 31 0.213
101 173 8 10 0.208
557 200 17 20 0.197
615 241 18 23 0.190
456 179 10 13 0.179
941 200 18 24 0.175
349 199 14 18 0.174
443 205 17 22 0.170
58 171 8 10 0.165
345 185 9 11 0.163
220 183 11 14 0.159
158 186 10 12 0.159
4 208 7 10 0.154
731 180 11 16 0.152
231 254 26 31 0.135
439 204 14 18 0.134
231 175 11 13 0.133
204 165 7 8 0.131
563 184 12 17 0.123
446 197 12 16 0.116
304 186 10 12 0.116
252 207 17 19 0.113
277 283 22 29 0.105
726 179 13 17 0.099
340 176 8 9 0.088
304 174 7 9 0.086
581 217 15 23 0.083
444 202 13 17 0.079
131 188 10 13 0.078
847 218 16 23 0.075
453 183 11 13 0.075
536 209 9 12 0.073
228 172 10 12 0.069
411 226 19 24 0.066
204 174 8 12 0.064
686 192 13 16 0.063
306 181 9 11 0.063
209 189 12 15 0.062
338 199 13 17 0.059
482 183 10 13 0.058
234 170 8 9 0.055
525 256 16 31 0.053
56 174 9 11 0.049
300 188 10 11 0.049
337 238 20 28 0.048
175 216 19 21 0.045
841 216 17 22 0.044
276 178 12 14 0.042
345 262 18 24 0.042
213 180 10 13 0.041
261 205 17 19 0.040
279 192 13 17 0.039
574 207 13 19 0.039
177 194 14 18 0.037
79 184 10 13 0.037
189 201 16 20 0.036
327 165 7 7 0.034
565 228 17 26 0.034
170 176 8 10 0.032
141 184 9 12 0.032
264 170 8 9 0.032
200 186 12 16 0.032
179 208 17 21 0.031
139 166 6 7 0.031
452 198 11 15 0.030
279 199 13 16 0.030
276 174 9 12 0.030
173 174 7 10 0.029
195 190 13 16 0.029
452 204 15 21 0.028
519 267 18 31 0.027
136 165 7 8 0.027
484 186 11 15 0.027
167 189 12 15 0.027
137 168 7 8 0.026
955 202 17 22 0.026
323 183 8 11 0.026
670 223 22 28 0.023
184 214 19 21 0.023
634 222 15 23 0.023
573 229 17 27 0.023
103 171 6 9 0.023
268 168 7 8 0.022
139 170 8 9 0.022
260 165 7 8 0.022
721 176 10 15 0.021
161 164 6 7 0.021
322 181 7 9 0.019
38 168 9 10 0.019
79 209 13 17 0.019
229 251 22 26 0.019
886 234 14 18 0.019
254 163 7 8 0.019
237 180 19 24 0.018
479 186 12 16 0.017
306 171 7 7 0.017
301 170 6 7 0.016
25 164 8 9 0.016
122 214 14 18 0.016
527 254 14 20 0.015
159 166 7 9 0.015
321 187 10 12 0.015
198 204 15 19 0.015
24 162 8 9 0.014
62 170 7 8 0.014
71 184 10 14 0.014
526 207 10 12 0.013
479 182 9 11 0.013
873 201 16 22 0.013
165 217 19 22 0.012
681 190 19 26 0.011
182 169 6 7 0.010
259 283 27 35 0.010
