56_Voter_peoplevoting_56_441
404
207 245 102 147 0.761
977 646 17 21 0.682
991 607 15 19 0.630
973 514 12 14 0.575
962 546 11 14 0.516
808 633 12 16 0.513
901 559 12 14 0.493
721 500 10 12 0.469
986 576 12 15 0.456
621 473 9 11 0.421
793 500 8 10 0.420
877 599 11 15 0.405
658 474 9 10 0.389
793 550 9 12 0.388
586 473 10 11 0.384
761 475 9 11 0.369
723 451 8 9 0.365
823 467 9 10 0.361
796 528 10 11 0.360
818 512 8 10 0.356
678 460 8 10 0.354
964 495 9 11 0.344
700 545 11 13 0.342
773 558 10 12 0.341
754 454 8 10 0.340
899 591 12 15 0.338
853 599 12 14 0.333
815 409 7 10 0.328
835 511 9 11 0.321
757 513 9 11 0.320
1002 592 13 15 0.318
988 536 11 13 0.314
836 428 9 11 0.308
628 437 8 10 0.308
725 474 8 10 0.303
819 587 12 15 0.295
956 442 9 10 0.292
1009 535 10 15 0.282
760 416 7 9 0.281
951 395 7 9 0.273
738 490 9 11 0.263
731 566 11 12 0.260
734 415 7 8 0.256
816 496 8 10 0.232
741 545 8 11 0.229
664 445 7 9 0.216
748 398 7 9 0.213
924 504 10 12 0.211
927 520 9 12 0.204
725 381 7 8 0.204
910 488 9 11 0.200
927 565 10 13 0.191
1016 495 7 11 0.187
995 515 10 11 0.183
897 508 8 10 0.180
641 427 7 9 0.177
996 449 8 10 0.173
844 410 8 10 0.170
991 431 8 10 0.169
711 588 12 14 0.163
687 477 8 10 0.161
804 470 8 10 0.157
835 536 9 11 0.157
805 428 8 9 0.157
605 460 8 10 0.156
817 506 9 11 0.154
704 463 8 10 0.154
873 590 12 15 0.153
811 379 7 8 0.152
685 402 7 9 0.151
794 535 9 13 0.150
817 492 9 11 0.149
862 523 9 11 0.149
873 585 12 14 0.148
647 460 7 9 0.148
1012 520 8 12 0.142
1013 637 11 23 0.140
727 473 8 10 0.137
997 597 13 18 0.136
821 392 6 9 0.134
1016 380 8 12 0.134
795 482 8 10 0.133
992 369 7 9 0.132
726 527 9 12 0.131
690 388 7 8 0.130
624 472 8 11 0.130
829 374 7 9 0.126
1003 537 11 13 0.126
698 544 9 13 0.120
889 519 8 11 0.117
1006 399 7 9 0.116
660 444 8 8 0.114
796 550 10 12 0.113
999 535 11 14 0.113
985 536 10 13 0.111
792 476 9 10 0.110
914 536 10 13 0.107
993 433 8 9 0.107
644 427 7 9 0.105
795 485 8 10 0.105
865 499 9 11 0.103
920 467 8 10 0.101
919 580 12 17 0.101
764 388 7 8 0.100
981 514 11 13 0.099
920 400 7 8 0.099
1005 595 13 16 0.097
909 432 8 11 0.096
908 523 8 11 0.096
760 555 9 11 0.095
907 489 10 11 0.093
751 400 7 9 0.092
771 452 8 10 0.092
943 358 9 10 0.091
834 451 8 10 0.089
687 482 8 12 0.088
908 472 8 10 0.088
916 576 12 17 0.086
824 486 9 11 0.085
782 419 8 9 0.083
926 560 10 12 0.083
716 410 7 9 0.083
963 369 7 9 0.082
695 522 8 11 0.079
912 470 8 10 0.079
995 430 8 10 0.078
886 382 6 8 0.078
922 569 12 16 0.078
686 400 7 8 0.078
715 530 10 13 0.076
788 405 7 10 0.075
583 473 8 11 0.074
996 352 6 8 0.072
683 490 9 11 0.072
782 389 7 8 0.071
844 407 8 10 0.071
972 398 8 10 0.070
1014 369 7 9 0.069
794 376 7 8 0.069
821 616 11 15 0.068
704 447 8 10 0.068
680 464 9 11 0.067
931 520 10 12 0.067
700 376 7 8 0.066
1005 462 8 9 0.066
916 468 9 11 0.065
494 524 12 13 0.061
812 407 8 11 0.060
634 432 8 10 0.060
777 374 7 8 0.060
900 422 8 11 0.058
727 399 7 8 0.058
807 582 11 14 0.058
814 626 12 15 0.056
804 587 11 13 0.055
857 411 7 9 0.055
846 395 6 8 0.055
843 399 8 9 0.054
1002 457 8 11 0.052
957 647 11 18 0.052
885 488 8 10 0.052
789 458 8 10 0.051
903 595 11 15 0.051
998 516 10 11 0.051
831 379 7 9 0.051
297 391 8 9 0.051
390 373 9 11 0.051
17 357 59 89 0.050
994 445 10 12 0.050
713 590 13 14 0.049
795 379 7 9 0.049
862 629 14 16 0.049
941 357 8 10 0.048
831 373 9 10 0.048
940 523 9 11 0.047
961 495 9 13 0.047
947 424 8 9 0.047
727 562 11 13 0.046
776 453 8 9 0.046
793 484 8 10 0.045
870 392 6 8 0.045
884 491 8 11 0.045
699 537 10 13 0.045
821 353 6 8 0.044
795 454 7 9 0.044
961 492 8 11 0.044
1002 508 10 12 0.043
849 353 6 8 0.043
949 425 8 10 0.042
839 304 6 7 0.042
438 368 10 11 0.042
965 370 7 8 0.042
915 422 8 10 0.041
906 428 10 12 0.041
637 399 6 8 0.041
841 304 6 7 0.040
1 359 32 89 0.040
887 482 8 9 0.040
780 375 7 8 0.039
974 395 8 10 0.039
738 413 9 11 0.039
718 414 7 8 0.038
752 403 9 11 0.038
705 566 11 13 0.038
808 590 11 13 0.038
764 402 8 9 0.037
1004 400 7 10 0.037
883 489 8 10 0.037
688 438 8 9 0.036
876 454 8 11 0.035
925 451 8 11 0.035
707 482 8 10 0.035
768 477 8 10 0.034
803 430 8 10 0.034
880 421 7 9 0.033
707 403 7 9 0.033
1015 353 6 8 0.032
861 382 6 8 0.032
994 475 10 12 0.032
869 472 7 10 0.032
708 525 9 12 0.032
705 577 11 15 0.032
930 565 11 15 0.032
708 392 6 7 0.031
1001 395 8 10 0.031
1016 415 7 10 0.031
881 516 11 12 0.031
954 336 6 8 0.031
953 441 9 12 0.031
997 352 8 10 0.030
804 579 11 14 0.030
864 633 14 18 0.030
865 390 7 8 0.030
855 450 8 12 0.029
702 523 8 10 0.028
705 479 8 10 0.028
442 370 8 10 0.028
954 314 6 7 0.028
851 561 9 12 0.028
667 384 7 8 0.028
802 452 8 9 0.027
886 643 13 17 0.027
876 421 8 8 0.027
1007 394 9 12 0.027
973 282 6 7 0.027
843 303 6 7 0.027
904 404 7 9 0.027
691 522 9 11 0.027
882 420 8 9 0.027
778 419 8 9 0.026
838 434 9 12 0.026
879 583 11 14 0.026
713 408 8 9 0.025
590 324 6 7 0.025
432 565 23 25 0.025
994 453 10 12 0.025
483 352 6 7 0.024
998 474 9 12 0.024
886 485 9 11 0.024
936 601 13 16 0.024
758 361 6 8 0.024
815 434 8 9 0.024
976 417 8 9 0.024
852 523 9 11 0.024
916 410 9 11 0.023
963 380 8 9 0.023
960 369 7 9 0.023
857 465 8 11 0.023
795 371 6 8 0.023
824 295 6 8 0.023
860 435 8 10 0.023
1011 645 13 20 0.023
987 410 8 10 0.023
926 554 11 13 0.022
781 352 6 7 0.022
985 434 9 10 0.022
1004 436 7 9 0.022
859 415 7 10 0.022
954 311 7 8 0.022
785 402 9 10 0.022
824 383 8 11 0.022
905 414 7 9 0.022
807 343 5 7 0.022
975 344 6 7 0.022
721 363 7 7 0.022
989 404 9 10 0.021
724 363 7 8 0.021
867 505 8 11 0.021
857 532 9 12 0.021
880 346 6 9 0.021
805 324 6 7 0.020
868 243 10 10 0.020
779 351 6 7 0.020
774 371 6 8 0.020
834 364 6 8 0.020
930 586 12 16 0.020
967 411 8 11 0.020
693 363 6 7 0.020
413 365 7 9 0.019
807 347 7 7 0.019
940 602 13 16 0.019
746 469 9 10 0.019
1000 488 9 12 0.019
718 499 9 12 0.019
831 640 12 18 0.019
703 408 7 9 0.018
461 357 7 10 0.018
641 396 6 8 0.018
1003 450 8 10 0.018
921 397 7 9 0.018
793 539 9 12 0.018
832 426 8 10 0.018
754 549 8 10 0.017
771 444 7 10 0.017
31 341 56 92 0.017
435 368 8 10 0.017
596 307 7 8 0.017
906 385 7 7 0.017
502 350 7 10 0.017
750 460 8 10 0.017
753 362 7 7 0.016
973 362 7 8 0.016
540 526 11 13 0.016
1012 376 9 11 0.016
594 471 9 11 0.016
685 341 6 7 0.016
355 383 11 16 0.016
675 362 6 7 0.016
993 270 6 7 0.016
869 636 15 18 0.016
991 452 8 10 0.016
937 380 7 9 0.016
976 597 9 13 0.016
707 353 6 8 0.016
922 449 8 11 0.015
896 352 7 8 0.015
531 309 7 7 0.015
787 517 8 12 0.015
873 347 7 8 0.015
667 393 7 8 0.015
635 403 6 7 0.015
1015 323 6 8 0.015
904 471 9 10 0.015
861 327 5 6 0.015
520 557 14 16 0.015
882 344 6 8 0.015
753 452 11 13 0.014
730 523 8 11 0.014
996 390 8 9 0.014
899 586 10 14 0.014
1017 325 6 8 0.014
1004 475 8 11 0.014
615 451 8 10 0.014
707 351 6 7 0.013
799 341 6 7 0.013
964 465 8 11 0.013
1003 495 8 12 0.013
659 383 6 7 0.013
840 357 6 7 0.013
995 487 9 11 0.013
719 343 6 7 0.013
485 353 6 8 0.013
860 465 8 12 0.013
757 372 7 8 0.013
962 350 6 8 0.013
845 339 6 7 0.013
997 449 11 14 0.013
939 596 12 16 0.013
836 540 9 13 0.012
850 602 11 14 0.012
835 569 10 13 0.012
869 348 6 8 0.012
295 387 11 14 0.012
904 537 10 13 0.012
745 379 7 9 0.012
899 542 10 13 0.012
896 507 12 16 0.012
938 527 9 12 0.012
617 302 6 7 0.012
695 380 8 10 0.012
796 346 6 7 0.012
505 348 7 8 0.012
797 610 11 15 0.012
874 345 9 11 0.012
661 385 7 8 0.012
956 422 8 10 0.012
1002 344 6 7 0.011
959 542 11 14 0.011
494 579 20 24 0.011
925 462 9 11 0.011
687 648 10 17 0.011
688 491 8 11 0.011
851 375 6 8 0.011
842 339 6 6 0.011
822 331 5 6 0.011
1002 539 10 14 0.011
766 631 14 17 0.011
744 426 7 9 0.010
858 404 7 9 0.010
760 385 8 10 0.010
681 366 6 8 0.010
1011 320 6 8 0.010
976 264 6 8 0.010
798 535 10 13 0.010
