57_Angler_peoplefishing_57_924
53
494 321 27 34 0.748
190 318 28 36 0.624
301 426 25 29 0.541
588 73 13 17 0.437
701 74 13 18 0.390
683 73 15 19 0.359
568 76 14 16 0.308
778 80 10 14 0.278
627 74 11 13 0.268
608 74 13 16 0.234
665 75 11 14 0.168
814 80 14 17 0.138
762 77 6 7 0.136
693 74 16 18 0.133
647 73 9 11 0.115
623 73 16 18 0.090
800 77 6 7 0.088
743 77 6 7 0.077
572 74 12 14 0.073
724 76 6 8 0.062
607 79 11 15 0.061
649 75 10 13 0.058
628 80 10 13 0.055
761 76 9 11 0.053
733 171 29 33 0.050
553 73 10 12 0.047
809 80 12 16 0.045
666 79 10 14 0.044
506 78 13 15 0.044
732 76 5 6 0.037
227 447 22 22 0.034
739 149 19 19 0.028
733 77 6 8 0.028
767 75 6 7 0.028
686 78 13 17 0.024
726 77 10 13 0.024
551 77 11 13 0.023
210 282 7 9 0.023
53 282 15 18 0.022
780 78 7 10 0.018
430 434 25 26 0.016
370 197 11 17 0.015
607 70 18 24 0.015
668 70 11 14 0.015
503 77 12 14 0.014
624 71 11 13 0.013
774 82 10 12 0.012
798 83 8 10 0.012
192 331 22 27 0.012
803 74 6 7 0.011
487 74 10 12 0.011
567 72 19 24 0.011
553 68 11 14 0.011
