57_Angler_peoplefishing_57_139
117
241 339 14 16 0.707
180 339 13 16 0.703
201 318 13 16 0.675
475 338 13 15 0.648
552 315 12 15 0.647
626 297 13 16 0.624
433 304 10 14 0.588
809 312 12 14 0.588
662 259 11 14 0.580
759 352 10 16 0.577
678 294 11 14 0.576
818 296 11 14 0.559
691 274 11 14 0.557
715 279 11 14 0.529
515 297 11 14 0.522
410 347 14 16 0.520
782 252 11 14 0.517
853 345 11 15 0.476
674 320 10 13 0.475
653 284 10 13 0.441
964 325 11 14 0.441
621 322 9 15 0.437
559 304 10 13 0.414
293 335 10 15 0.412
701 299 11 13 0.383
889 233 11 13 0.371
864 275 10 13 0.294
795 384 10 15 0.278
332 373 11 14 0.271
824 332 11 13 0.263
771 286 10 14 0.255
355 379 10 17 0.247
875 315 10 13 0.238
662 301 9 12 0.208
680 387 10 13 0.207
392 363 10 16 0.196
588 329 10 13 0.190
785 304 10 13 0.178
472 378 10 17 0.159
780 333 11 14 0.151
832 286 9 11 0.132
815 306 11 15 0.128
424 373 11 18 0.126
677 298 11 15 0.115
694 298 12 15 0.115
698 355 11 13 0.111
741 302 11 14 0.103
867 234 9 13 0.100
638 321 9 11 0.099
657 286 10 14 0.098
552 352 10 13 0.091
392 370 10 17 0.087
767 286 11 16 0.069
868 333 10 13 0.064
916 231 11 14 0.053
329 369 9 14 0.048
544 385 11 14 0.045
793 382 10 13 0.043
297 335 11 16 0.043
864 233 9 13 0.041
333 378 11 13 0.040
969 326 11 14 0.039
957 371 10 15 0.039
391 360 8 16 0.039
583 331 12 14 0.039
399 346 10 14 0.039
429 304 10 13 0.037
867 273 10 13 0.036
913 230 10 13 0.035
682 339 12 15 0.033
975 351 10 13 0.032
562 424 11 14 0.029
592 328 10 13 0.029
356 375 9 14 0.029
746 299 11 15 0.028
1018 241 6 14 0.028
871 314 9 13 0.027
919 236 11 14 0.027
402 346 12 15 0.027
969 359 10 16 0.027
835 284 9 13 0.027
289 335 9 15 0.026
818 335 11 13 0.026
469 380 10 17 0.026
625 320 10 14 0.024
783 334 11 15 0.022
438 305 9 13 0.022
838 346 11 14 0.021
765 387 11 17 0.021
637 319 13 15 0.021
282 401 7 9 0.021
719 281 11 14 0.021
768 383 11 19 0.020
779 329 11 15 0.020
822 131 12 14 0.020
961 239 11 13 0.020
960 325 11 14 0.019
476 379 11 15 0.017
806 445 15 14 0.017
964 238 10 11 0.017
550 387 11 13 0.016
871 238 9 12 0.016
27 119 8 10 0.015
347 374 11 14 0.015
660 303 9 13 0.015
519 297 11 12 0.014
415 346 13 16 0.013
531 425 8 11 0.012
651 280 10 13 0.011
797 377 10 16 0.011
958 238 11 12 0.011
888 237 10 14 0.011
623 327 10 13 0.011
569 391 10 12 0.011
785 255 11 13 0.010
917 249 11 14 0.010
895 299 10 15 0.010
