57_Angler_peoplefishing_57_661
62
105 427 13 19 0.671
205 415 14 15 0.625
363 410 11 13 0.593
404 407 11 13 0.571
499 402 9 11 0.567
243 386 11 11 0.505
283 416 10 12 0.427
236 408 9 12 0.415
451 411 9 12 0.315
783 317 6 8 0.199
785 317 6 7 0.120
753 317 6 7 0.118
57 387 6 7 0.087
806 327 5 7 0.087
502 402 9 10 0.077
175 382 6 8 0.074
572 355 27 36 0.069
20 390 7 8 0.061
751 318 6 7 0.060
1 394 7 10 0.049
634 317 6 7 0.048
148 383 7 8 0.047
88 385 6 7 0.041
946 330 5 6 0.040
755 315 5 6 0.032
3 392 9 11 0.029
110 429 13 16 0.028
970 330 5 6 0.028
0 383 6 9 0.026
178 381 6 8 0.022
1001 340 5 6 0.022
57 384 6 7 0.021
857 336 5 7 0.020
34 382 6 7 0.020
610 316 5 6 0.019
685 310 5 6 0.019
454 410 7 10 0.019
695 403 6 7 0.019
242 384 10 11 0.018
203 381 6 8 0.018
285 394 9 11 0.017
15 459 8 9 0.017
685 312 5 7 0.016
949 332 5 6 0.015
37 384 7 7 0.015
43 388 6 8 0.014
864 322 5 6 0.014
300 429 10 14 0.014
729 318 5 6 0.014
150 383 7 8 0.013
784 315 6 7 0.013
172 381 8 10 0.013
697 402 6 7 0.013
11 391 9 10 0.012
406 410 10 12 0.011
448 408 8 11 0.011
838 332 6 7 0.011
633 316 7 9 0.011
857 333 6 6 0.011
235 447 9 10 0.011
880 334 5 6 0.010
306 378 6 7 0.010
