57_Angler_peoplefishing_57_206
40
285 803 38 40 0.763
924 708 20 23 0.424
617 678 14 16 0.422
986 614 11 14 0.336
173 719 19 21 0.283
170 486 16 20 0.255
1 494 13 17 0.229
746 682 12 16 0.195
469 693 15 18 0.182
742 680 13 16 0.158
820 694 16 19 0.134
462 694 18 19 0.097
482 576 10 13 0.088
736 656 8 10 0.076
622 678 14 15 0.074
796 672 17 20 0.062
925 697 20 23 0.050
641 705 10 13 0.045
827 760 43 37 0.041
799 666 12 18 0.040
917 692 18 23 0.039
456 692 14 16 0.037
798 659 13 16 0.034
-2 495 11 16 0.030
800 657 8 11 0.030
131 298 18 24 0.029
479 577 10 12 0.024
127 387 23 29 0.024
748 679 12 15 0.024
805 684 17 21 0.023
234 418 21 25 0.022
618 722 11 13 0.019
472 697 16 18 0.016
348 547 12 15 0.014
462 739 32 26 0.013
988 612 14 19 0.012
611 677 13 16 0.012
315 487 11 12 0.011
132 690 18 20 0.011
825 699 17 19 0.010
