6_Funeral_Funeral_6_759
85
898 283 41 54 0.835
267 161 37 48 0.821
652 183 37 49 0.815
70 164 37 49 0.814
948 144 36 44 0.810
498 258 40 49 0.804
717 137 32 38 0.799
109 271 39 53 0.798
327 92 31 35 0.797
850 273 29 38 0.796
744 349 34 43 0.795
17 89 32 44 0.792
317 274 40 50 0.792
380 116 33 40 0.791
170 64 31 45 0.787
337 178 31 41 0.787
957 215 34 43 0.787
797 97 30 37 0.784
364 53 30 42 0.783
655 133 34 40 0.783
566 12 31 38 0.781
691 49 30 41 0.781
128 91 31 42 0.777
315 -1 29 33 0.775
604 80 30 37 0.775
728 64 33 39 0.773
462 94 31 38 0.773
196 0 29 37 0.772
124 7 32 45 0.766
96 75 31 36 0.761
435 70 29 40 0.761
497 29 32 39 0.760
911 45 31 38 0.759
452 1 27 32 0.759
965 96 25 36 0.756
263 115 33 39 0.752
46 143 33 46 0.744
802 27 27 38 0.741
867 120 33 41 0.739
956 61 26 33 0.730
201 158 30 39 0.729
778 212 33 42 0.728
633 22 29 36 0.725
444 158 35 48 0.720
976 332 34 37 0.705
683 10 30 38 0.700
364 9 24 35 0.680
204 89 27 34 0.647
386 15 28 35 0.628
891 0 28 23 0.593
233 59 30 41 0.587
785 11 25 37 0.580
660 99 29 36 0.578
548 172 37 41 0.557
274 63 25 31 0.512
180 156 27 34 0.506
918 -1 25 15 0.454
493 6 24 28 0.422
545 49 29 34 0.407
878 91 27 33 0.379
251 84 29 35 0.337
776 12 24 36 0.312
238 70 31 40 0.274
772 19 20 28 0.264
449 81 32 44 0.247
710 54 35 44 0.183
424 144 38 47 0.170
788 226 35 45 0.121
650 0 20 15 0.104
277 301 36 40 0.096
60 308 36 42 0.080
794 17 31 43 0.071
370 10 27 35 0.038
184 152 34 43 0.037
225 5 23 31 0.031
269 51 21 27 0.026
631 3 30 29 0.025
538 54 30 33 0.023
529 7 20 24 0.022
430 143 26 33 0.018
853 0 24 10 0.016
413 20 19 27 0.014
898 39 30 37 0.014
878 64 27 32 0.013
647 -1 20 23 0.010
