6_Funeral_Funeral_6_77
131
85 354 20 23 0.727
111 365 19 22 0.642
585 362 20 23 0.636
550 359 16 19 0.629
335 339 22 23 0.611
945 505 18 23 0.604
609 353 18 20 0.589
181 366 17 20 0.570
493 351 18 20 0.561
427 363 18 20 0.545
363 353 19 21 0.537
798 374 11 14 0.515
219 363 17 18 0.501
854 361 11 14 0.496
281 374 16 18 0.487
918 356 10 13 0.470
10 371 17 19 0.450
38 373 18 20 0.430
925 497 17 21 0.425
305 366 18 20 0.425
989 430 10 12 0.420
444 352 14 20 0.400
927 541 16 17 0.321
914 465 13 17 0.295
818 372 11 12 0.280
910 436 11 13 0.277
822 372 11 12 0.274
827 372 10 12 0.265
638 374 14 17 0.264
769 360 11 12 0.260
475 372 16 19 0.231
671 364 10 12 0.213
742 370 16 17 0.212
690 370 13 14 0.200
1005 564 18 32 0.183
535 375 14 17 0.159
894 444 9 12 0.159
737 366 15 18 0.143
941 442 9 11 0.138
766 359 10 12 0.133
925 525 17 21 0.132
246 376 17 20 0.120
976 520 18 27 0.112
899 430 10 13 0.108
910 507 17 23 0.103
995 540 17 23 0.096
144 366 16 17 0.093
699 382 16 20 0.093
212 363 16 18 0.084
670 379 10 12 0.073
746 374 14 16 0.073
508 366 16 18 0.068
546 363 16 19 0.068
718 363 15 18 0.067
674 362 11 14 0.067
37 367 17 20 0.066
642 370 13 15 0.066
982 393 7 9 0.065
911 515 16 22 0.063
953 381 9 11 0.057
152 365 14 18 0.057
1003 559 18 24 0.056
405 353 15 18 0.055
450 354 13 17 0.053
616 354 16 17 0.053
736 373 17 20 0.050
635 367 13 17 0.050
138 364 15 19 0.050
975 537 18 24 0.049
602 106 13 15 0.046
773 364 11 12 0.043
484 357 16 21 0.043
117 357 17 20 0.042
943 440 9 11 0.041
124 347 13 16 0.039
498 352 18 21 0.037
988 621 18 21 0.036
664 385 10 13 0.036
1006 454 10 13 0.035
825 375 10 11 0.034
738 382 16 17 0.033
928 440 10 12 0.030
205 363 14 15 0.029
558 359 14 18 0.029
252 373 17 19 0.027
439 349 15 18 0.026
63 363 14 17 0.025
905 416 9 11 0.024
903 402 8 9 0.024
515 366 14 17 0.024
402 362 15 17 0.024
904 410 9 11 0.023
44 374 17 18 0.023
369 360 18 18 0.022
1003 386 8 11 0.022
905 404 7 10 0.022
405 349 14 17 0.022
740 363 14 18 0.021
729 363 15 17 0.021
902 513 18 23 0.021
632 357 11 14 0.020
546 356 15 19 0.020
689 364 14 16 0.020
661 388 11 13 0.020
477 356 13 16 0.019
709 376 14 19 0.019
223 365 16 19 0.018
734 383 15 17 0.017
574 357 14 18 0.016
277 370 15 18 0.016
630 376 14 15 0.016
312 367 16 20 0.015
62 370 14 18 0.014
897 506 16 21 0.014
958 384 8 9 0.014
65 359 17 18 0.013
965 515 16 22 0.013
386 361 13 15 0.013
127 344 13 15 0.013
964 610 16 20 0.012
480 373 16 18 0.012
947 381 9 11 0.012
889 379 9 12 0.012
37 361 16 18 0.011
525 374 16 17 0.011
254 367 16 16 0.011
894 506 14 18 0.011
970 613 20 21 0.011
470 374 15 17 0.010
917 468 12 19 0.010
186 345 11 13 0.010
