6_Funeral_Funeral_6_760
29
210 126 101 128 0.845
673 427 19 23 0.717
665 358 28 35 0.695
962 161 15 18 0.675
633 157 21 26 0.597
759 162 16 24 0.541
577 356 10 12 0.479
905 159 14 20 0.429
924 164 11 15 0.393
865 328 12 14 0.372
603 357 9 10 0.267
413 319 25 31 0.263
911 161 14 17 0.135
857 155 17 22 0.126
605 355 9 11 0.059
562 354 9 11 0.048
920 150 11 13 0.043
922 155 11 14 0.039
594 357 9 10 0.034
560 171 15 23 0.027
916 148 10 14 0.023
980 165 9 15 0.021
549 363 8 12 0.018
792 373 10 12 0.018
854 162 19 20 0.015
831 158 19 21 0.012
553 362 9 12 0.010
862 160 16 20 0.010
885 161 13 15 0.010
