58_Hockey_icehockey_puck_58_212
211
595 74 57 79 0.853
179 155 24 33 0.740
141 159 25 33 0.727
943 154 21 26 0.700
854 157 18 24 0.694
514 82 22 27 0.684
498 39 22 27 0.682
379 73 20 27 0.679
991 157 21 26 0.678
63 171 23 31 0.669
649 49 19 23 0.668
914 118 18 23 0.664
139 75 24 29 0.659
238 28 22 27 0.654
773 49 19 23 0.646
219 72 24 30 0.645
255 116 25 31 0.641
288 34 20 25 0.631
963 55 18 23 0.629
430 82 21 25 0.627
877 16 18 23 0.626
37 33 23 28 0.599
970 112 19 24 0.589
401 7 20 23 0.587
204 32 21 27 0.584
957 90 19 23 0.579
0 173 12 30 0.574
431 7 19 25 0.566
64 83 21 31 0.551
373 46 19 24 0.551
868 52 18 23 0.549
256 12 19 23 0.549
990 18 18 21 0.531
419 54 19 21 0.529
795 51 16 20 0.525
929 86 19 23 0.493
434 121 21 26 0.493
826 62 18 21 0.492
789 96 17 21 0.490
506 131 21 25 0.482
842 30 15 16 0.468
130 40 20 23 0.462
832 87 20 23 0.451
359 132 20 26 0.442
936 13 15 20 0.419
601 7 15 21 0.400
165 37 19 24 0.398
320 33 17 24 0.385
997 42 17 22 0.371
14 75 26 32 0.366
379 192 23 25 0.363
269 86 22 25 0.349
456 145 20 24 0.348
717 46 15 19 0.345
997 101 15 18 0.314
935 61 16 19 0.312
733 53 16 20 0.301
61 59 22 29 0.277
353 30 18 20 0.273
350 76 19 24 0.247
470 69 19 26 0.234
105 38 18 25 0.213
191 -1 17 16 0.204
28 -2 18 19 0.180
787 48 18 22 0.173
772 9 16 18 0.162
260 107 26 33 0.157
855 87 15 19 0.135
798 38 15 18 0.135
971 24 16 20 0.133
329 56 14 20 0.122
216 5 17 20 0.119
885 81 17 20 0.113
753 75 17 20 0.109
944 36 17 20 0.108
667 41 16 20 0.108
690 45 16 19 0.105
331 105 20 26 0.103
145 4 20 22 0.101
116 23 16 20 0.100
818 12 17 20 0.100
808 168 19 23 0.096
820 131 17 21 0.095
942 12 13 19 0.091
349 134 20 24 0.090
744 93 19 23 0.089
719 71 17 22 0.084
267 94 22 27 0.084
1015 109 10 20 0.082
10 78 21 27 0.081
2 80 16 25 0.080
153 3 18 19 0.077
991 77 14 18 0.070
121 31 18 22 0.069
985 3 13 15 0.066
640 34 16 19 0.064
336 64 17 23 0.062
1006 77 16 20 0.062
533 3 18 20 0.060
998 77 17 20 0.059
750 85 17 22 0.056
346 7 15 17 0.055
909 57 16 20 0.051
684 74 18 22 0.050
334 113 19 23 0.049
1011 107 12 21 0.048
818 35 16 18 0.048
811 173 20 24 0.044
441 118 20 26 0.044
33 2 18 21 0.042
20 83 23 27 0.041
788 87 17 21 0.041
81 2 16 18 0.040
909 185 15 19 0.040
875 152 16 21 0.038
911 53 16 20 0.037
799 58 17 21 0.037
805 109 17 22 0.037
185 0 17 19 0.036
995 49 16 21 0.035
428 165 19 24 0.035
10 36 16 20 0.034
331 96 20 25 0.034
0 32 7 21 0.033
1 3 10 21 0.033
1 34 10 21 0.033
907 104 14 19 0.033
168 6 16 20 0.032
65 55 18 22 0.031
799 104 18 22 0.031
390 177 21 25 0.028
262 89 20 25 0.028
823 73 18 23 0.028
175 7 16 19 0.028
5 34 14 23 0.028
826 33 16 19 0.027
808 162 17 21 0.027
738 92 16 20 0.026
1012 21 11 20 0.026
199 28 20 25 0.024
171 35 20 28 0.023
330 -3 15 17 0.023
929 63 17 21 0.022
350 18 18 21 0.022
257 100 21 26 0.022
266 73 20 28 0.022
270 50 15 20 0.021
250 117 21 28 0.021
123 132 18 20 0.021
341 4 15 17 0.021
914 42 17 20 0.021
235 173 27 32 0.021
162 2 16 15 0.020
998 128 16 20 0.020
37 15 17 21 0.020
879 47 15 22 0.019
949 40 16 20 0.019
190 3 17 20 0.019
808 104 17 21 0.019
817 7 16 17 0.019
741 100 19 22 0.018
810 157 19 21 0.017
325 18 16 21 0.017
708 13 15 19 0.017
957 4 15 17 0.016
327 101 19 25 0.016
675 44 17 21 0.015
981 92 16 20 0.015
335 227 26 32 0.015
170 29 18 23 0.015
332 119 17 23 0.015
275 0 16 19 0.015
261 22 17 23 0.015
803 168 16 21 0.015
880 125 17 21 0.015
768 19 15 18 0.015
270 3 17 21 0.014
876 83 15 20 0.014
574 2 16 18 0.014
636 37 14 18 0.014
872 2 13 15 0.014
319 2 16 17 0.014
882 102 14 19 0.013
997 107 15 21 0.013
42 18 17 21 0.013
267 17 19 23 0.013
411 61 17 21 0.013
376 31 15 19 0.013
324 -2 16 15 0.013
499 -2 16 14 0.012
843 109 16 20 0.012
696 10 15 19 0.012
877 3 15 19 0.012
641 25 16 19 0.012
265 61 17 22 0.012
644 4 16 14 0.012
914 109 17 22 0.011
328 113 18 23 0.011
1008 85 14 21 0.011
29 7 18 22 0.011
311 1 17 20 0.011
354 123 20 25 0.011
905 64 15 19 0.011
879 139 16 22 0.011
34 -5 17 18 0.011
823 137 19 23 0.011
145 70 21 26 0.011
366 31 17 20 0.010
684 4 15 17 0.010
811 115 17 22 0.010
905 55 15 19 0.010
