58_Hockey_icehockey_puck_58_17
45
28 325 80 104 0.795
73 80 61 78 0.791
167 497 37 47 0.786
444 491 29 35 0.759
274 452 25 28 0.667
849 65 58 82 0.607
662 307 30 29 0.536
542 449 18 22 0.274
507 451 20 21 0.230
300 351 27 29 0.115
376 235 24 25 0.075
269 353 24 29 0.055
412 473 25 30 0.054
224 344 25 31 0.052
367 482 27 33 0.047
594 251 15 14 0.039
253 443 23 28 0.038
414 430 20 25 0.033
203 492 22 30 0.033
280 499 33 37 0.033
375 480 26 32 0.033
215 479 23 27 0.031
115 368 66 92 0.028
55 341 73 103 0.028
39 499 39 51 0.028
926 339 50 65 0.028
227 356 17 22 0.025
256 449 28 31 0.025
592 251 13 11 0.022
200 501 22 29 0.020
220 337 40 48 0.020
331 488 26 32 0.019
274 431 32 39 0.018
1008 299 15 46 0.018
1007 432 17 61 0.017
201 367 12 14 0.017
310 494 30 35 0.016
315 52 74 93 0.015
856 202 72 98 0.014
88 524 31 33 0.013
224 479 20 23 0.013
657 293 42 48 0.012
593 244 19 18 0.011
267 495 34 37 0.011
368 475 21 26 0.010
