58_Hockey_icehockey_puck_58_753
59
883 376 59 94 0.719
766 158 14 18 0.527
895 186 19 28 0.408
249 82 7 8 0.371
710 323 40 50 0.365
172 110 9 11 0.344
523 154 12 17 0.336
335 481 32 52 0.303
452 121 10 12 0.298
747 232 28 31 0.280
1003 156 16 23 0.279
559 294 23 29 0.216
819 242 25 26 0.184
126 76 7 8 0.172
934 135 21 26 0.104
522 368 40 44 0.063
661 305 39 51 0.060
902 194 21 27 0.048
340 491 37 50 0.045
355 150 11 12 0.043
935 98 12 15 0.041
448 122 10 12 0.040
176 110 8 11 0.036
741 232 24 29 0.035
447 119 10 12 0.032
519 353 32 47 0.028
668 316 42 52 0.027
331 152 11 12 0.026
124 75 6 8 0.026
250 85 6 7 0.025
167 111 9 10 0.023
1009 163 14 24 0.023
521 387 42 41 0.023
926 145 16 20 0.022
707 340 35 43 0.021
540 364 39 44 0.020
931 98 13 16 0.019
556 290 20 27 0.019
170 106 8 11 0.019
746 223 26 32 0.018
324 475 35 52 0.017
554 288 35 48 0.016
353 60 7 8 0.015
507 364 40 51 0.015
814 236 39 46 0.014
348 60 9 11 0.013
565 297 27 32 0.013
965 180 20 25 0.012
470 391 31 37 0.012
528 343 38 50 0.012
819 236 20 21 0.011
943 154 16 21 0.011
105 76 6 7 0.011
514 156 12 18 0.011
522 158 14 19 0.011
129 79 6 7 0.011
910 195 19 23 0.010
811 247 21 27 0.010
755 161 13 17 0.010
