58_Hockey_icehockey_puck_58_245
26
353 207 29 36 0.831
280 78 31 38 0.830
437 194 32 41 0.829
253 204 31 39 0.828
199 225 34 42 0.828
103 95 32 39 0.827
812 53 29 38 0.827
381 104 30 37 0.825
409 81 32 42 0.823
199 120 30 37 0.821
613 196 29 37 0.821
841 199 28 37 0.815
677 54 31 39 0.815
530 99 29 39 0.814
474 116 31 37 0.809
734 63 28 39 0.808
611 72 30 36 0.807
154 76 30 34 0.807
902 167 32 42 0.806
883 46 29 37 0.798
612 365 30 40 0.795
679 290 30 39 0.794
100 189 33 36 0.792
398 92 31 41 0.243
776 248 17 24 0.018
344 111 19 24 0.013
