58_Hockey_icehockey_puck_58_680
282
369 319 37 45 0.834
892 365 39 46 0.833
563 330 34 42 0.831
562 243 36 41 0.824
839 207 35 42 0.821
670 353 37 43 0.818
774 342 37 43 0.818
750 215 37 41 0.818
471 321 36 44 0.811
435 227 34 40 0.805
621 250 36 41 0.804
331 238 36 44 0.796
223 198 38 44 0.778
693 238 37 40 0.769
256 343 34 47 0.759
550 192 33 38 0.750
287 328 31 42 0.748
1001 43 15 18 0.705
804 150 15 19 0.701
790 125 14 18 0.690
740 119 14 17 0.687
702 151 14 16 0.681
371 105 14 16 0.678
890 135 13 17 0.676
947 225 29 31 0.675
513 112 14 17 0.667
544 147 15 18 0.665
704 119 14 17 0.663
834 126 15 17 0.661
625 139 13 15 0.656
688 188 16 19 0.654
644 142 14 18 0.653
791 50 12 16 0.653
639 189 17 19 0.647
771 21 12 15 0.644
675 59 13 16 0.640
579 94 13 16 0.639
984 173 15 18 0.639
230 80 14 18 0.636
626 57 14 17 0.632
955 127 13 15 0.632
833 40 13 16 0.627
116 78 13 16 0.627
247 133 14 17 0.624
467 112 13 17 0.622
301 139 14 15 0.622
982 25 12 16 0.622
703 25 11 14 0.618
377 131 14 17 0.612
22 103 11 15 0.609
937 165 13 16 0.609
336 142 12 15 0.608
731 64 12 14 0.607
560 26 11 15 0.603
484 153 15 16 0.602
435 132 13 16 0.598
836 26 12 13 0.589
927 78 13 17 0.588
670 4 12 15 0.586
580 131 13 16 0.583
868 154 15 17 0.582
425 113 13 15 0.572
259 177 27 35 0.563
451 17 12 14 0.559
342 32 12 14 0.556
216 128 12 15 0.546
446 95 12 15 0.545
950 60 12 14 0.530
734 191 13 19 0.530
175 51 13 15 0.517
581 2 13 14 0.513
625 -1 12 11 0.506
272 134 11 12 0.506
538 112 15 16 0.505
897 59 11 15 0.498
402 76 13 14 0.497
503 25 12 14 0.497
418 36 12 15 0.490
363 25 11 14 0.485
301 79 13 16 0.482
519 0 11 14 0.479
526 46 11 14 0.472
107 44 13 18 0.449
918 21 13 15 0.441
51 40 12 15 0.433
319 -2 11 11 0.430
926 9 11 13 0.419
487 324 40 46 0.419
599 -2 12 11 0.417
393 21 11 14 0.409
22 -1 10 9 0.401
974 138 13 17 0.398
307 19 13 15 0.360
307 103 11 15 0.353
284 155 14 17 0.335
888 103 12 16 0.334
225 -1 11 9 0.334
470 63 13 15 0.326
591 58 11 14 0.320
736 141 12 15 0.297
100 172 35 56 0.288
147 255 47 46 0.278
730 21 11 14 0.271
924 11 11 15 0.270
317 190 21 24 0.263
850 164 12 16 0.248
675 105 13 15 0.233
855 -1 13 11 0.195
0 37 6 16 0.192
252 162 15 16 0.186
394 93 12 15 0.165
246 64 11 13 0.164
547 129 11 15 0.163
232 150 14 16 0.158
407 4 11 14 0.157
322 -1 12 10 0.153
351 134 13 16 0.146
313 9 12 14 0.145
754 139 15 18 0.137
114 72 12 20 0.129
233 13 11 14 0.125
276 266 34 38 0.122
589 46 12 16 0.116
668 80 11 13 0.111
873 152 14 17 0.105
58 6 9 12 0.105
565 112 11 13 0.103
214 13 10 14 0.099
78 87 10 13 0.099
873 40 11 15 0.095
835 35 13 17 0.090
912 19 12 14 0.086
703 82 12 17 0.085
749 140 14 16 0.082
525 66 12 16 0.082
628 -1 13 10 0.081
23 0 11 11 0.078
197 123 9 13 0.078
996 -1 10 9 0.075
19 0 10 10 0.071
723 14 11 14 0.071
734 0 11 9 0.070
451 98 12 16 0.069
560 58 11 15 0.068
483 84 11 15 0.067
398 235 29 37 0.067
943 101 11 13 0.066
1009 10 10 15 0.063
54 67 11 14 0.063
505 28 12 16 0.062
468 35 10 14 0.062
727 19 10 14 0.062
947 61 10 13 0.059
560 50 11 17 0.058
968 124 10 14 0.057
428 166 13 16 0.056
404 2 11 12 0.055
851 169 15 17 0.052
886 180 15 19 0.052
867 26 10 13 0.052
506 0 11 10 0.049
366 27 11 15 0.046
278 159 15 18 0.046
466 65 13 16 0.045
476 165 12 14 0.044
923 22 13 15 0.044
361 32 11 14 0.043
861 -1 12 9 0.043
527 72 12 16 0.043
405 113 11 14 0.043
475 192 15 17 0.041
305 23 13 15 0.040
465 38 11 14 0.039
223 29 11 14 0.039
98 10 11 14 0.038
68 78 12 14 0.038
447 117 11 14 0.037
686 132 11 16 0.037
476 287 31 33 0.036
420 112 13 16 0.035
679 109 13 16 0.035
732 1 11 12 0.035
1012 -1 10 10 0.035
164 0 9 10 0.035
793 176 12 17 0.034
683 131 11 14 0.034
362 227 20 29 0.033
481 158 14 17 0.033
77 56 10 14 0.032
969 3 9 11 0.032
703 50 12 16 0.032
391 135 11 14 0.032
104 196 34 51 0.032
807 13 11 13 0.031
311 4 12 14 0.031
627 157 11 16 0.031
976 25 11 16 0.030
499 24 11 14 0.030
426 38 11 14 0.030
557 44 12 17 0.029
367 238 19 27 0.028
890 179 15 17 0.028
908 -1 9 7 0.027
561 -1 10 9 0.027
78 26 8 12 0.026
424 167 13 17 0.026
688 135 11 15 0.026
248 180 31 38 0.025
198 128 9 13 0.024
911 0 9 7 0.023
777 148 12 16 0.023
523 62 12 16 0.023
243 63 10 14 0.023
704 55 12 16 0.022
527 82 12 16 0.022
640 82 13 17 0.022
406 97 11 13 0.022
358 210 21 24 0.021
494 173 15 20 0.021
413 8 10 13 0.020
703 72 11 14 0.020
532 119 12 16 0.020
355 231 26 36 0.019
447 16 12 15 0.019
476 179 14 18 0.019
702 210 19 21 0.019
29 0 10 10 0.019
354 222 21 26 0.018
687 36 12 15 0.018
960 119 11 14 0.018
327 104 12 15 0.017
313 104 12 17 0.017
99 164 31 45 0.017
709 50 11 14 0.017
616 147 10 14 0.017
839 128 13 16 0.017
5 72 12 13 0.017
996 108 11 15 0.016
301 29 10 14 0.016
875 44 11 15 0.016
228 309 24 33 0.016
252 166 24 26 0.016
940 167 13 16 0.016
267 266 31 33 0.016
470 56 12 15 0.015
279 153 12 15 0.015
180 51 13 16 0.015
343 162 12 17 0.015
761 187 16 18 0.015
918 57 11 15 0.015
744 359 31 31 0.014
485 163 15 20 0.014
449 161 13 17 0.014
976 166 11 16 0.014
32 66 11 14 0.014
810 11 10 13 0.014
831 27 12 14 0.014
474 195 19 22 0.014
699 48 12 14 0.014
147 275 44 37 0.014
623 160 12 17 0.013
776 198 18 23 0.013
331 111 11 15 0.013
484 95 12 16 0.013
957 32 12 17 0.013
109 49 13 15 0.013
500 37 11 16 0.013
141 0 11 12 0.012
963 172 13 16 0.012
652 89 12 16 0.012
358 43 12 15 0.012
475 61 13 15 0.012
744 164 14 16 0.012
847 170 15 18 0.012
51 34 13 15 0.012
776 20 12 15 0.012
545 -1 12 9 0.011
479 0 11 11 0.011
60 64 11 14 0.011
986 116 12 15 0.011
805 12 11 12 0.011
212 130 11 16 0.010
