58_Hockey_icehockey_puck_58_469
132
550 211 37 42 0.793
370 236 38 45 0.778
215 57 20 24 0.713
397 84 21 24 0.712
647 113 17 21 0.691
305 54 17 21 0.691
100 82 21 25 0.685
414 25 17 21 0.682
67 92 21 26 0.678
23 82 22 26 0.668
499 21 14 17 0.666
89 1 17 20 0.663
480 86 18 22 0.659
164 81 18 22 0.652
623 111 17 22 0.646
784 155 15 21 0.644
360 61 15 18 0.636
335 72 18 21 0.616
338 111 17 20 0.616
889 65 15 19 0.575
573 104 19 22 0.573
466 12 15 18 0.564
550 140 19 21 0.559
259 45 16 20 0.546
133 12 16 19 0.543
722 20 15 21 0.541
839 159 13 19 0.528
902 167 14 17 0.501
952 74 14 18 0.500
623 -3 13 13 0.499
683 22 15 19 0.499
869 114 15 19 0.483
521 161 16 21 0.450
830 117 16 19 0.433
739 136 15 19 0.404
865 157 12 19 0.376
8 43 16 22 0.347
925 151 16 20 0.337
536 148 19 23 0.196
161 26 15 18 0.191
810 165 10 14 0.187
712 6 12 15 0.182
740 129 14 18 0.175
905 106 14 19 0.154
923 119 13 16 0.139
218 22 14 17 0.132
288 124 13 15 0.122
856 184 14 17 0.098
237 31 13 16 0.098
605 18 15 18 0.092
659 -2 11 12 0.088
918 114 15 17 0.088
804 161 14 19 0.071
745 -3 13 14 0.070
265 69 13 16 0.069
950 175 13 16 0.068
541 38 14 15 0.066
281 131 12 15 0.064
727 303 19 21 0.064
308 112 20 23 0.062
909 112 14 17 0.057
929 148 15 19 0.057
481 0 12 17 0.054
161 32 18 23 0.054
547 -2 11 10 0.050
599 19 13 17 0.048
879 91 13 16 0.044
820 115 14 18 0.042
743 140 14 20 0.041
269 89 20 22 0.040
111 6 14 17 0.038
934 160 15 19 0.037
268 78 17 22 0.036
1 68 12 21 0.036
272 97 17 22 0.035
855 12 12 15 0.035
853 17 10 12 0.035
612 18 14 18 0.033
709 4 12 14 0.033
235 34 13 17 0.030
689 153 15 18 0.028
171 240 27 45 0.028
302 93 17 20 0.027
210 15 16 20 0.027
762 11 12 14 0.027
440 28 10 14 0.025
202 9 16 19 0.025
272 68 13 16 0.025
547 17 14 17 0.024
584 -3 13 14 0.024
979 168 14 16 0.024
546 36 14 16 0.023
241 51 12 16 0.023
524 163 18 22 0.023
601 16 13 16 0.022
238 103 16 23 0.021
548 6 12 15 0.020
569 5 12 15 0.020
130 94 15 18 0.019
606 -5 14 13 0.019
785 88 13 16 0.019
241 44 15 19 0.018
856 3 13 15 0.018
917 179 14 18 0.018
573 2 12 15 0.017
949 113 14 18 0.016
544 -1 11 12 0.016
796 -3 10 11 0.015
428 172 13 17 0.015
744 123 14 18 0.015
581 101 16 21 0.014
860 167 14 20 0.014
556 11 13 16 0.013
558 1 12 13 0.013
721 306 18 21 0.013
623 21 13 18 0.013
708 8 12 16 0.013
837 115 14 18 0.013
904 116 14 19 0.012
115 89 17 22 0.012
178 15 13 16 0.012
715 307 21 27 0.012
630 178 16 17 0.012
816 116 12 16 0.012
130 2 13 17 0.011
515 159 16 21 0.011
913 175 14 18 0.011
737 -2 15 14 0.011
30 1 16 18 0.010
997 175 16 18 0.010
853 20 12 14 0.010
755 28 13 17 0.010
