58_Hockey_icehockey_puck_58_290
50
491 62 23 31 0.796
660 37 23 29 0.796
743 31 23 30 0.776
359 71 24 32 0.773
560 44 25 29 0.771
422 63 26 33 0.766
863 0 24 28 0.764
362 0 24 27 0.761
807 18 25 28 0.759
301 81 23 33 0.752
100 113 23 27 0.742
180 14 21 25 0.735
603 42 19 27 0.726
44 180 20 23 0.723
123 22 23 28 0.717
324 343 33 36 0.700
491 468 26 42 0.681
62 17 25 35 0.668
31 34 20 31 0.601
245 10 22 26 0.591
916 0 21 22 0.547
4 125 23 30 0.534
741 2 19 24 0.343
908 235 24 22 0.250
176 101 17 24 0.151
209 77 22 24 0.121
246 24 21 26 0.107
50 136 20 23 0.068
915 239 21 21 0.060
108 177 20 25 0.056
152 23 18 22 0.055
900 230 21 23 0.041
169 91 21 27 0.040
237 51 23 26 0.040
893 220 22 26 0.037
730 250 20 31 0.031
11 9 19 28 0.030
173 156 18 23 0.029
18 37 21 26 0.023
159 22 16 20 0.022
1013 239 11 26 0.022
916 244 23 24 0.020
180 96 17 24 0.019
737 251 24 29 0.019
162 86 20 26 0.018
74 93 17 20 0.017
753 249 19 26 0.015
102 187 19 23 0.012
311 333 26 31 0.011
1008 244 15 32 0.010
