58_Hockey_icehockey_puck_58_262
428
269 320 14 17 0.720
349 248 13 15 0.717
51 329 13 17 0.701
205 331 15 20 0.700
551 227 12 15 0.688
347 273 13 17 0.672
385 238 12 16 0.668
539 248 13 17 0.665
469 255 13 15 0.661
323 237 12 15 0.646
469 187 12 15 0.645
322 410 13 18 0.636
430 202 11 14 0.630
324 352 12 17 0.614
323 328 13 16 0.610
567 213 12 15 0.607
779 488 14 21 0.593
207 237 11 14 0.580
632 70 9 10 0.547
776 85 9 11 0.539
747 72 10 12 0.528
446 74 10 11 0.520
857 29 9 11 0.515
696 51 8 11 0.507
718 82 9 11 0.506
836 6 8 10 0.504
866 91 10 12 0.501
495 50 9 11 0.491
790 47 9 12 0.489
721 45 10 11 0.487
662 66 10 11 0.479
800 80 9 12 0.478
558 45 8 11 0.473
626 39 9 11 0.473
184 52 8 10 0.470
967 94 9 10 0.468
834 73 10 12 0.464
52 51 8 10 0.462
23 49 9 12 0.453
881 72 9 12 0.448
787 235 11 13 0.443
764 46 9 12 0.443
605 68 8 10 0.441
530 30 8 9 0.440
100 309 12 13 0.434
755 21 9 12 0.428
367 36 8 10 0.424
217 35 8 10 0.406
266 56 8 9 0.386
501 21 7 10 0.378
651 41 9 10 0.377
869 0 7 9 0.375
307 16 8 9 0.374
809 -1 8 8 0.374
334 41 8 10 0.372
912 34 9 11 0.365
669 18 7 9 0.364
778 24 8 11 0.362
207 23 8 9 0.360
641 13 8 10 0.352
511 32 7 9 0.350
182 15 8 9 0.347
536 8 8 9 0.332
4 31 8 10 0.332
241 44 7 10 0.331
260 12 7 9 0.310
703 -1 8 8 0.304
43 40 8 10 0.304
33 17 8 9 0.291
611 18 8 10 0.279
946 0 7 7 0.267
590 24 7 10 0.259
155 40 7 9 0.255
729 0 8 9 0.254
592 47 8 10 0.253
559 24 8 9 0.248
232 24 7 9 0.245
981 2 9 10 0.237
743 1 7 8 0.234
5 627 9 11 0.224
770 6 8 9 0.221
842 25 8 10 0.221
676 41 9 11 0.220
0 9 6 10 0.219
203 2 7 8 0.211
674 44 8 10 0.211
219 5 7 9 0.206
536 49 9 11 0.202
243 46 8 9 0.201
907 73 9 11 0.197
725 103 9 11 0.196
340 5 8 10 0.195
895 38 8 10 0.191
578 32 7 9 0.189
329 352 13 17 0.188
568 2 7 8 0.172
250 52 7 9 0.172
670 313 7 9 0.168
295 2 6 8 0.160
760 108 8 10 0.153
582 30 8 9 0.152
686 0 7 8 0.151
971 94 8 11 0.148
160 59 7 10 0.144
783 10 7 9 0.144
0 5 6 10 0.138
561 48 8 11 0.136
1016 12 7 9 0.133
326 0 8 8 0.130
733 0 8 9 0.129
450 42 8 10 0.129
51 49 8 10 0.128
665 20 8 10 0.127
310 14 8 11 0.125
562 23 8 10 0.123
781 0 7 7 0.123
906 80 9 12 0.122
426 43 8 9 0.121
255 51 8 9 0.118
48 8 7 9 0.118
447 23 8 10 0.118
426 47 8 11 0.116
569 10 7 9 0.115
908 86 8 11 0.112
733 56 8 10 0.111
905 87 9 11 0.110
701 26 7 10 0.108
892 15 8 11 0.108
698 27 8 10 0.108
440 92 10 12 0.106
833 6 9 10 0.105
342 2 7 9 0.105
899 89 9 11 0.104
752 3 7 8 0.104
449 44 7 9 0.101
1007 0 6 7 0.101
668 1 7 8 0.101
470 0 7 8 0.101
599 0 6 7 0.100
970 91 8 12 0.099
121 55 7 8 0.099
849 26 9 11 0.099
861 27 8 11 0.097
589 47 7 9 0.096
809 27 8 10 0.095
811 25 8 10 0.095
576 62 9 10 0.095
639 1 7 9 0.093
1018 14 6 10 0.093
785 68 9 11 0.093
563 65 8 11 0.092
131 622 8 9 0.091
602 69 8 10 0.091
235 26 7 9 0.090
838 25 8 11 0.090
865 5 9 11 0.090
1016 52 7 9 0.090
284 19 7 9 0.090
337 40 7 10 0.089
101 54 8 9 0.088
926 28 9 11 0.088
123 53 7 9 0.087
101 22 8 9 0.086
442 46 7 9 0.086
20 49 9 12 0.086
369 37 8 11 0.086
878 71 9 12 0.086
658 0 7 8 0.085
80 50 8 10 0.085
572 216 11 14 0.085
287 35 8 9 0.085
608 1 7 8 0.084
230 307 9 12 0.083
179 51 8 9 0.082
287 79 8 10 0.081
570 7 6 10 0.080
45 7 7 9 0.080
34 14 8 10 0.079
614 2 7 8 0.078
453 46 8 9 0.078
808 20 7 10 0.078
719 61 9 11 0.078
866 0 7 9 0.077
793 51 9 11 0.075
785 10 8 10 0.074
448 19 8 10 0.073
481 0 6 7 0.073
555 4 7 8 0.072
123 57 7 8 0.071
50 8 7 8 0.071
125 1 7 9 0.070
319 353 13 17 0.070
629 0 7 8 0.070
338 3 8 9 0.069
694 -1 6 7 0.069
720 0 7 9 0.068
800 58 8 10 0.067
494 47 8 10 0.067
158 39 8 9 0.064
242 637 11 13 0.064
556 6 7 9 0.063
466 189 11 14 0.063
473 0 8 9 0.063
269 50 8 10 0.062
511 0 7 6 0.062
720 -1 7 7 0.062
1018 27 7 10 0.062
344 22 8 9 0.061
569 65 9 10 0.060
868 94 9 12 0.060
1004 3 7 9 0.060
792 11 9 10 0.058
595 -1 6 5 0.057
682 1 8 9 0.057
476 2 7 9 0.057
648 12 7 10 0.056
901 -1 7 6 0.056
558 66 8 9 0.054
753 57 9 10 0.054
147 32 7 9 0.054
333 44 8 10 0.053
863 -1 7 7 0.053
743 75 10 13 0.053
806 22 7 9 0.052
603 36 8 10 0.052
931 0 7 6 0.051
477 0 8 9 0.051
141 75 7 8 0.051
692 4 8 10 0.050
535 5 7 9 0.049
452 39 8 9 0.049
80 53 8 9 0.048
717 60 8 10 0.048
855 0 7 8 0.048
344 1 8 9 0.048
808 8 7 10 0.047
579 231 12 14 0.047
1011 51 7 9 0.047
615 3 8 10 0.047
41 12 9 10 0.046
119 619 8 9 0.046
337 31 9 12 0.045
953 0 7 6 0.045
658 -1 6 6 0.045
98 54 8 10 0.044
966 21 7 9 0.044
94 58 7 9 0.043
603 -1 6 6 0.043
35 0 6 8 0.043
432 9 8 9 0.043
82 51 9 10 0.042
684 -1 7 6 0.042
367 657 12 17 0.042
1002 -1 6 6 0.041
626 22 8 10 0.041
726 45 8 10 0.041
669 -1 6 6 0.040
783 269 9 10 0.040
267 32 7 10 0.040
743 -1 6 7 0.039
278 20 7 10 0.039
618 -1 6 6 0.039
940 0 7 9 0.039
427 50 8 12 0.039
323 5 7 9 0.038
1006 47 7 10 0.038
428 8 8 9 0.037
892 0 7 8 0.037
91 64 7 9 0.036
152 47 7 9 0.036
862 97 9 12 0.035
630 -1 6 6 0.035
1007 74 8 11 0.035
7 30 7 10 0.035
26 0 7 6 0.035
336 45 8 11 0.034
116 55 9 9 0.034
126 621 11 12 0.034
861 32 9 11 0.034
597 66 8 10 0.034
484 9 7 8 0.033
223 2 6 8 0.033
1010 5 8 10 0.033
513 -1 6 6 0.033
160 64 8 9 0.032
642 -1 7 6 0.032
736 19 8 10 0.032
471 4 7 9 0.032
667 314 7 8 0.032
607 3 8 10 0.032
895 0 8 7 0.032
705 36 8 10 0.032
754 102 8 10 0.031
990 15 7 9 0.031
348 83 9 10 0.031
276 71 8 11 0.031
466 312 10 12 0.030
64 9 8 8 0.030
111 54 9 9 0.029
774 -1 7 6 0.029
66 6 7 9 0.029
263 40 7 9 0.029
234 41 9 11 0.029
505 236 9 12 0.029
536 15 9 11 0.029
337 -1 6 6 0.029
895 3 9 10 0.028
1004 45 8 9 0.028
25 43 8 10 0.028
689 308 12 13 0.028
940 -1 7 6 0.028
438 7 8 9 0.027
889 39 8 11 0.027
496 85 7 9 0.027
424 40 6 9 0.027
900 -2 6 7 0.027
39 52 7 10 0.026
912 40 8 11 0.026
575 218 11 15 0.026
162 5 7 8 0.026
785 265 9 12 0.025
444 43 9 11 0.025
352 84 8 9 0.025
82 45 7 10 0.025
990 2 8 10 0.024
883 76 9 12 0.024
624 40 9 11 0.024
288 46 7 10 0.024
508 239 8 11 0.023
9 628 8 13 0.023
246 638 11 12 0.023
182 9 7 8 0.023
912 85 10 12 0.023
153 57 8 10 0.023
1012 -1 6 6 0.022
513 4 7 9 0.022
451 191 10 12 0.022
568 0 6 6 0.022
654 79 8 10 0.022
663 70 9 11 0.021
471 24 7 9 0.021
295 -1 6 7 0.021
287 53 7 9 0.021
180 20 8 9 0.021
28 -1 6 6 0.020
55 67 8 9 0.020
305 649 9 13 0.020
541 -1 6 6 0.020
160 1 7 8 0.020
986 39 8 9 0.020
850 103 10 13 0.020
403 45 7 9 0.019
453 194 10 12 0.019
795 -2 6 7 0.019
301 326 11 14 0.019
902 71 9 11 0.019
577 228 11 14 0.019
770 51 9 11 0.019
908 92 9 11 0.018
3 42 7 10 0.018
436 89 8 10 0.018
314 6 7 8 0.018
1010 54 9 12 0.018
510 45 8 10 0.018
473 28 8 9 0.018
580 -1 6 5 0.018
165 685 51 16 0.018
220 106 8 11 0.018
250 65 7 10 0.017
4 12 7 9 0.017
715 80 9 10 0.017
1 -2 6 7 0.017
654 71 9 10 0.017
116 618 7 8 0.017
716 288 10 11 0.017
57 18 8 9 0.017
344 84 8 9 0.017
914 100 9 10 0.017
448 7 7 7 0.017
370 56 8 9 0.016
999 43 8 11 0.016
433 199 11 15 0.016
692 289 7 8 0.016
340 46 7 10 0.016
151 31 6 8 0.015
801 113 10 11 0.015
582 228 10 13 0.015
929 30 8 11 0.015
713 289 9 10 0.015
312 19 7 9 0.015
88 4 8 9 0.014
525 5 8 9 0.014
566 72 9 10 0.014
774 88 10 11 0.014
327 326 12 16 0.014
710 287 9 10 0.014
460 222 9 12 0.014
277 83 9 11 0.014
949 120 10 12 0.014
64 17 8 9 0.014
427 665 11 13 0.013
922 53 8 10 0.013
450 73 10 12 0.013
758 85 8 10 0.013
744 31 8 11 0.013
141 23 8 11 0.013
289 222 8 11 0.013
505 -1 6 6 0.013
731 72 8 11 0.012
533 52 8 10 0.012
115 621 9 10 0.012
756 108 8 10 0.012
909 98 9 12 0.012
825 67 8 10 0.012
468 -1 6 6 0.012
424 662 12 13 0.012
1010 47 8 11 0.012
104 310 12 14 0.012
553 -1 6 6 0.011
314 45 7 9 0.011
205 -1 7 6 0.011
307 328 13 15 0.011
281 84 8 10 0.011
255 2 7 8 0.011
351 0 6 6 0.010
76 17 7 9 0.010
443 67 8 11 0.010
849 99 9 12 0.010
