58_Hockey_icehockey_puck_58_785
27
374 338 37 49 0.848
130 326 40 47 0.835
684 335 33 38 0.815
284 362 35 42 0.814
423 292 33 44 0.810
244 357 35 43 0.808
447 354 35 41 0.808
327 331 36 43 0.805
625 359 31 38 0.802
919 309 35 46 0.798
657 304 31 39 0.794
793 309 33 38 0.790
478 337 36 42 0.781
730 337 32 40 0.777
281 306 35 43 0.760
524 337 32 39 0.741
606 328 30 37 0.664
258 343 36 46 0.348
58 367 8 9 0.108
637 323 34 44 0.107
872 340 6 8 0.046
600 321 24 34 0.028
888 363 13 17 0.017
105 373 10 12 0.016
27 491 9 11 0.014
56 364 11 14 0.011
724 320 27 31 0.011
