58_Hockey_icehockey_puck_58_507
42
725 115 57 71 0.841
852 214 61 76 0.809
412 106 39 43 0.758
463 69 34 39 0.720
289 46 20 24 0.441
653 215 46 69 0.233
521 88 36 43 0.185
494 134 53 59 0.079
504 111 49 58 0.072
354 56 18 21 0.066
217 365 51 57 0.050
365 73 26 30 0.043
175 70 17 27 0.041
370 36 13 15 0.038
303 99 22 36 0.037
356 59 20 25 0.037
144 15 20 24 0.036
408 57 20 25 0.034
270 113 42 52 0.032
533 100 38 47 0.032
359 27 13 14 0.026
633 226 57 76 0.024
433 92 32 36 0.023
469 18 16 18 0.023
348 53 17 22 0.022
395 57 15 20 0.021
519 81 30 38 0.020
284 103 39 51 0.020
443 91 19 25 0.019
170 256 39 37 0.019
365 33 14 16 0.019
316 16 12 15 0.018
320 407 54 78 0.017
496 30 12 15 0.016
208 14 14 17 0.015
370 41 16 20 0.015
170 21 12 16 0.015
272 20 11 14 0.014
153 17 17 20 0.013
346 171 55 63 0.013
467 14 16 17 0.011
471 27 15 17 0.010
