58_Hockey_icehockey_puck_58_926
31
569 104 58 71 0.834
352 18 54 65 0.821
218 217 61 72 0.816
881 48 53 71 0.809
938 268 57 76 0.809
394 319 61 71 0.775
608 377 63 69 0.746
463 197 47 67 0.663
816 391 51 70 0.593
795 293 53 58 0.395
437 405 70 77 0.138
181 309 50 65 0.129
613 253 50 56 0.087
91 266 50 54 0.083
705 332 55 72 0.061
107 267 50 61 0.047
707 608 45 60 0.034
954 134 63 90 0.030
82 253 46 53 0.027
21 238 68 67 0.024
477 191 53 68 0.022
775 294 48 65 0.018
475 395 49 61 0.017
580 443 60 71 0.017
694 339 48 70 0.016
717 424 54 66 0.016
125 267 46 65 0.015
801 278 57 61 0.014
607 581 60 83 0.013
641 482 62 74 0.012
617 476 63 73 0.011
