58_Hockey_icehockey_puck_58_384
86
530 438 33 38 0.773
607 225 26 31 0.762
424 492 30 37 0.756
225 204 34 32 0.717
543 253 25 28 0.717
348 571 35 43 0.707
601 192 19 29 0.697
773 60 21 24 0.691
554 300 26 33 0.666
508 335 27 34 0.471
656 180 24 29 0.464
828 56 21 27 0.459
739 126 25 27 0.456
847 22 20 22 0.448
240 489 35 32 0.444
630 74 25 23 0.392
1 496 23 31 0.360
149 531 32 28 0.282
140 535 34 27 0.196
432 361 27 28 0.192
450 242 25 25 0.178
638 123 23 20 0.163
929 18 13 14 0.163
158 525 28 30 0.134
300 449 24 27 0.134
735 117 22 27 0.120
2 500 31 35 0.095
469 205 21 24 0.084
631 126 19 22 0.081
410 293 27 27 0.079
440 360 28 28 0.074
247 480 30 32 0.069
722 109 21 24 0.056
821 138 20 23 0.049
517 342 33 35 0.043
533 148 25 29 0.043
502 163 23 26 0.042
836 70 20 22 0.041
744 133 25 24 0.041
561 100 20 22 0.039
419 289 20 25 0.038
678 69 19 22 0.038
848 -2 12 13 0.032
329 609 21 28 0.031
519 130 19 24 0.031
525 133 19 26 0.028
836 82 19 21 0.028
688 70 21 21 0.027
454 356 25 28 0.025
534 143 20 25 0.024
840 25 17 22 0.024
291 454 26 28 0.023
402 300 28 25 0.022
926 21 13 15 0.021
355 478 26 28 0.021
715 108 21 25 0.019
701 64 19 23 0.019
451 221 27 29 0.018
394 413 30 24 0.018
638 70 21 23 0.018
230 495 34 28 0.017
536 304 18 25 0.017
780 184 19 25 0.017
674 64 18 21 0.015
437 245 21 25 0.015
456 248 21 25 0.015
543 174 25 24 0.014
427 341 21 27 0.014
550 112 21 23 0.014
664 190 21 25 0.014
532 131 18 22 0.013
779 13 18 21 0.013
622 70 17 22 0.013
464 199 21 24 0.013
555 179 20 23 0.012
471 303 26 33 0.012
532 164 21 25 0.012
661 197 20 23 0.012
537 142 27 29 0.012
251 612 21 28 0.012
757 105 22 25 0.011
425 286 20 25 0.011
505 340 21 29 0.011
12 503 22 25 0.011
423 335 18 23 0.011
400 295 22 25 0.010
