53_Raid_policeraid_53_543
45
583 189 96 119 0.852
0 176 41 89 0.799
76 260 43 45 0.775
733 222 52 67 0.759
799 219 51 84 0.724
51 166 20 23 0.714
529 285 19 24 0.681
167 163 18 23 0.665
486 294 17 20 0.606
397 254 24 42 0.605
153 299 26 28 0.599
293 281 17 20 0.594
87 197 17 17 0.454
453 285 20 28 0.352
48 236 24 31 0.277
217 230 29 48 0.261
547 288 13 15 0.250
336 264 20 26 0.247
561 280 15 18 0.132
462 289 15 23 0.119
448 283 19 28 0.106
706 246 17 22 0.102
561 305 12 13 0.100
923 276 52 63 0.093
126 198 17 22 0.082
558 283 13 17 0.066
431 285 16 19 0.043
538 345 17 20 0.039
142 217 11 14 0.031
542 347 17 23 0.029
93 214 12 15 0.026
417 320 8 10 0.025
90 202 14 17 0.023
9 197 41 69 0.021
182 209 11 13 0.017
567 303 12 17 0.016
541 341 13 18 0.015
170 262 27 34 0.015
711 240 20 37 0.014
145 213 12 15 0.014
556 306 9 12 0.013
177 189 14 21 0.012
275 274 10 13 0.011
87 267 44 46 0.010
955 232 8 9 0.010
