53_Raid_policeraid_53_770
36
199 57 51 72 0.835
394 91 51 70 0.772
821 214 43 56 0.352
942 176 6 7 0.298
659 177 6 7 0.160
712 187 6 7 0.127
735 178 7 9 0.078
904 194 5 7 0.057
710 185 8 9 0.054
676 184 6 6 0.051
557 187 6 7 0.051
906 193 5 6 0.037
945 176 6 7 0.034
737 175 7 9 0.033
678 183 5 6 0.032
770 175 7 8 0.032
900 203 5 7 0.029
979 196 6 7 0.028
737 179 7 9 0.027
914 206 6 7 0.024
716 183 9 10 0.023
768 174 6 8 0.022
901 199 5 7 0.021
835 376 44 58 0.021
898 201 5 7 0.020
743 168 6 7 0.020
16 257 19 22 0.018
776 175 7 8 0.015
903 196 7 9 0.014
716 187 5 7 0.013
14 263 18 20 0.013
550 172 5 6 0.012
898 199 8 10 0.012
975 195 6 7 0.012
804 162 6 8 0.012
740 167 5 7 0.011
