53_Raid_policeraid_53_368
46
757 147 35 37 0.774
821 68 104 137 0.766
549 129 36 46 0.744
30 108 19 23 0.667
56 98 17 19 0.606
363 121 11 12 0.509
217 99 13 16 0.479
303 116 11 13 0.457
721 146 14 15 0.373
527 129 9 11 0.355
678 137 9 12 0.316
208 100 13 15 0.224
300 116 10 13 0.198
718 146 12 14 0.137
529 126 10 15 0.130
596 292 26 49 0.098
711 144 12 14 0.079
286 401 16 18 0.073
525 125 12 18 0.056
542 117 8 13 0.050
450 413 19 21 0.047
513 438 17 22 0.046
681 136 10 13 0.040
385 454 18 22 0.039
391 406 20 25 0.036
432 367 13 15 0.033
392 138 7 9 0.026
388 402 18 23 0.024
287 395 16 18 0.023
204 101 11 13 0.023
731 148 19 21 0.022
450 149 7 9 0.020
394 413 21 25 0.018
369 122 9 11 0.018
390 452 22 24 0.016
719 149 13 16 0.016
281 406 17 20 0.015
426 184 9 11 0.015
366 118 9 11 0.015
510 424 20 26 0.015
708 147 12 14 0.012
468 149 5 7 0.012
639 224 14 17 0.012
392 133 9 13 0.012
441 124 7 10 0.011
439 122 7 10 0.010
