53_Raid_policeraid_53_599
41
357 306 27 31 0.768
136 139 67 113 0.754
821 310 19 24 0.745
836 269 16 20 0.688
582 267 17 22 0.680
622 264 15 20 0.641
639 328 21 24 0.641
665 254 15 18 0.636
506 298 20 21 0.624
242 324 26 30 0.623
722 239 15 17 0.591
484 285 17 19 0.444
524 272 15 18 0.396
767 327 20 20 0.271
854 297 16 19 0.250
545 199 11 14 0.205
875 282 11 13 0.146
844 300 18 21 0.118
681 320 16 21 0.096
703 313 18 22 0.094
620 253 13 17 0.071
885 330 19 24 0.068
762 332 22 20 0.053
467 293 17 23 0.052
351 185 10 13 0.050
873 311 17 22 0.040
546 202 12 15 0.038
777 322 15 21 0.038
732 267 13 17 0.029
858 300 18 19 0.024
95 524 20 25 0.023
688 317 17 22 0.022
545 225 13 19 0.018
848 297 15 18 0.015
521 264 15 20 0.014
473 287 18 21 0.013
880 280 11 15 0.013
489 279 17 21 0.012
576 240 13 18 0.011
892 300 13 16 0.010
581 260 15 21 0.010
