53_Raid_policeraid_53_696
80
268 206 28 38 0.695
492 248 24 29 0.567
555 250 23 30 0.508
368 233 26 31 0.423
422 214 26 34 0.416
216 393 16 21 0.392
868 280 19 23 0.363
123 223 20 23 0.349
731 242 30 33 0.347
345 225 25 32 0.343
648 266 21 25 0.319
892 281 18 22 0.214
198 216 24 29 0.197
354 392 17 22 0.188
453 244 21 27 0.167
832 289 17 19 0.159
195 364 16 21 0.140
60 267 16 19 0.135
341 362 15 21 0.129
337 206 20 25 0.107
836 286 19 22 0.094
163 115 25 32 0.093
650 275 19 23 0.086
951 239 56 68 0.086
417 230 22 28 0.085
346 199 19 23 0.075
733 255 29 27 0.062
788 286 14 17 0.058
437 280 23 25 0.057
70 258 19 22 0.055
588 303 22 27 0.055
43 384 12 12 0.054
898 278 18 22 0.050
189 396 18 21 0.047
608 269 19 23 0.042
68 339 21 26 0.036
864 264 18 21 0.036
784 274 22 26 0.035
669 364 17 19 0.035
561 247 21 27 0.035
869 288 19 23 0.035
318 239 24 29 0.030
370 224 26 31 0.029
349 221 33 42 0.029
648 259 19 23 0.028
808 295 16 19 0.027
64 260 18 20 0.026
410 237 19 23 0.025
350 204 19 25 0.023
199 367 15 21 0.022
55 268 14 17 0.022
737 263 22 25 0.022
813 32 51 61 0.021
491 237 24 27 0.021
678 4 39 49 0.021
78 258 19 22 0.021
927 255 26 35 0.019
64 337 19 22 0.018
678 273 27 28 0.018
898 55 18 22 0.018
78 348 20 24 0.017
164 184 30 41 0.016
64 271 18 20 0.016
774 257 25 31 0.016
159 388 16 19 0.015
225 209 23 27 0.015
615 273 19 22 0.013
603 264 19 24 0.013
966 257 40 55 0.013
448 250 21 25 0.013
117 225 19 23 0.012
460 246 19 25 0.012
530 348 24 26 0.012
205 212 21 26 0.012
927 247 8 10 0.011
608 262 23 25 0.010
333 202 19 22 0.010
345 236 21 26 0.010
935 222 58 78 0.010
721 225 35 41 0.010
