45_Balloonist_Balloonist_45_273
25
109 316 71 80 0.861
708 202 62 80 0.857
726 323 107 126 0.834
624 195 52 62 0.827
377 157 31 37 0.803
465 161 39 43 0.796
167 206 35 48 0.789
428 40 32 37 0.787
121 170 58 72 0.780
867 103 14 22 0.664
820 122 14 14 0.641
200 117 20 17 0.550
746 100 11 18 0.386
138 185 51 62 0.287
1017 121 7 20 0.188
545 215 12 16 0.145
670 155 9 11 0.098
609 228 14 21 0.078
950 151 19 20 0.031
1017 128 6 22 0.017
945 149 18 20 0.015
751 101 11 17 0.014
609 234 20 25 0.014
666 155 9 11 0.011
607 219 24 35 0.011
