45_Balloonist_Balloonist_45_838
40
727 371 38 48 0.836
459 378 34 49 0.833
787 313 31 40 0.832
125 369 38 50 0.829
831 351 36 43 0.828
609 375 37 51 0.824
907 360 35 39 0.823
189 382 33 40 0.817
492 348 32 38 0.814
186 309 34 37 0.810
276 333 33 38 0.810
526 384 32 38 0.802
408 348 30 36 0.800
538 237 27 35 0.799
590 237 25 30 0.798
235 381 41 52 0.795
641 346 30 35 0.790
488 284 29 37 0.785
652 251 28 30 0.784
462 221 30 36 0.783
352 391 34 43 0.782
712 338 32 40 0.779
839 304 31 34 0.774
763 280 29 31 0.767
732 234 25 30 0.762
181 244 33 41 0.761
690 227 26 31 0.752
817 238 30 34 0.745
277 211 28 32 0.742
567 369 29 34 0.734
458 281 28 32 0.732
281 300 29 32 0.693
33 223 20 22 0.674
204 233 24 31 0.498
858 274 21 26 0.223
849 287 26 30 0.168
719 347 36 45 0.095
240 345 26 32 0.043
823 255 33 44 0.023
847 308 36 43 0.015
