45_Balloonist_Balloonist_45_692
108
816 735 33 33 0.773
682 739 12 15 0.584
949 720 11 14 0.538
703 721 10 14 0.402
932 714 9 12 0.386
908 723 8 10 0.357
194 721 11 13 0.322
881 721 8 11 0.255
979 732 10 13 0.236
383 728 9 11 0.214
41 722 8 9 0.184
108 734 9 11 0.173
925 716 7 9 0.168
986 756 14 12 0.165
555 723 9 11 0.155
488 725 6 7 0.144
286 725 9 12 0.137
769 725 8 10 0.123
336 719 11 13 0.106
981 731 12 17 0.095
764 726 9 10 0.082
617 733 9 12 0.078
403 731 8 10 0.068
351 724 10 12 0.064
357 722 10 13 0.059
583 737 9 11 0.055
878 722 8 11 0.055
126 727 7 9 0.054
620 731 9 11 0.054
637 716 7 10 0.054
364 720 9 11 0.054
360 720 10 12 0.053
988 751 16 16 0.050
761 726 8 10 0.049
706 721 11 13 0.048
783 718 8 10 0.045
898 725 8 10 0.040
913 707 8 9 0.040
694 723 9 11 0.039
994 745 14 18 0.037
644 730 10 12 0.036
613 733 9 10 0.036
586 737 10 12 0.036
402 729 7 10 0.036
619 160 20 20 0.036
420 144 60 80 0.035
776 722 7 10 0.031
882 706 7 10 0.031
532 731 7 9 0.031
124 726 7 9 0.030
192 725 12 12 0.030
877 718 8 12 0.030
1005 714 7 9 0.029
662 727 7 9 0.029
442 725 6 7 0.027
619 727 8 11 0.027
883 705 8 9 0.027
940 692 7 8 0.027
786 718 8 11 0.027
634 715 8 10 0.026
1006 715 8 11 0.026
1003 727 11 14 0.025
289 724 8 11 0.024
359 726 10 11 0.024
506 705 7 9 0.023
887 703 7 8 0.022
672 760 12 10 0.022
660 179 22 22 0.022
14 727 7 9 0.021
906 726 9 10 0.020
914 704 8 9 0.020
705 178 21 23 0.020
685 727 8 9 0.020
284 723 10 11 0.019
309 728 10 12 0.019
241 752 15 14 0.018
246 755 12 13 0.018
625 733 9 12 0.018
638 719 10 12 0.017
660 725 8 9 0.017
412 739 10 15 0.016
530 729 7 8 0.015
111 733 10 13 0.015
979 729 8 12 0.015
238 730 10 10 0.015
197 724 10 12 0.014
491 724 7 8 0.014
974 733 13 14 0.014
313 728 10 12 0.014
475 726 7 7 0.014
250 758 14 10 0.014
530 733 9 11 0.014
754 714 8 10 0.013
797 706 9 12 0.013
333 720 9 12 0.013
414 740 12 17 0.013
397 715 6 8 0.012
629 761 9 7 0.012
657 714 7 9 0.012
126 728 11 12 0.012
595 727 8 9 0.012
74 722 7 9 0.012
674 756 11 11 0.011
280 726 8 9 0.011
236 731 10 11 0.011
664 187 19 19 0.011
92 736 8 11 0.010
767 724 12 14 0.010
