51_Dresses_wearingdress_51_727
51
608 44 59 77 0.860
794 27 61 91 0.816
280 78 100 176 0.794
542 65 20 28 0.458
497 51 21 25 0.438
640 2 30 33 0.214
760 23 17 20 0.193
566 54 14 20 0.186
688 59 15 20 0.153
909 68 15 20 0.150
936 75 20 26 0.142
661 5 15 18 0.139
692 2 15 17 0.127
698 71 20 23 0.115
706 44 14 17 0.102
893 6 13 15 0.092
464 243 25 83 0.092
964 0 15 12 0.087
651 5 21 22 0.084
696 66 17 22 0.080
792 5 23 27 0.075
753 40 18 23 0.073
586 63 16 25 0.072
501 19 14 19 0.064
767 111 22 26 0.059
702 9 16 19 0.052
536 69 20 27 0.048
778 12 21 22 0.047
134 44 113 149 0.046
519 66 15 18 0.043
582 19 13 16 0.035
922 13 15 19 0.032
594 0 11 8 0.029
528 31 17 21 0.025
703 73 20 25 0.024
677 59 13 19 0.021
663 55 15 24 0.019
936 70 17 22 0.018
789 7 18 22 0.018
593 22 15 17 0.018
919 12 14 17 0.017
683 57 15 19 0.016
925 20 13 17 0.016
599 21 18 21 0.016
884 86 17 23 0.013
639 5 22 22 0.013
497 20 14 20 0.013
1011 39 14 29 0.012
923 89 18 22 0.012
661 66 13 21 0.011
982 12 18 23 0.011
