51_Dresses_wearingdress_51_140
26
449 82 103 136 0.867
139 353 35 63 0.681
182 295 43 58 0.662
255 316 37 46 0.626
616 149 24 30 0.487
977 278 34 41 0.242
320 281 31 40 0.102
706 139 23 29 0.069
926 272 26 35 0.064
945 351 31 40 0.057
549 142 19 27 0.045
930 263 28 36 0.031
1000 450 22 35 0.020
887 367 25 29 0.020
343 267 34 39 0.019
933 348 28 36 0.019
269 311 31 39 0.019
262 283 32 41 0.018
357 260 31 35 0.017
553 145 20 30 0.015
846 264 23 29 0.014
975 259 30 38 0.012
948 246 26 32 0.012
155 306 27 46 0.012
921 258 27 37 0.012
990 281 29 37 0.010
