51_Dresses_wearingdress_51_739
39
436 114 132 180 0.851
724 215 76 97 0.837
905 277 35 43 0.794
267 293 35 42 0.775
253 169 29 37 0.760
571 289 55 70 0.756
637 259 32 39 0.753
865 240 33 41 0.737
223 237 30 38 0.732
681 180 34 40 0.689
999 251 27 42 0.645
356 225 29 38 0.579
46 240 52 113 0.552
546 261 29 42 0.221
555 221 31 45 0.215
328 246 32 42 0.192
845 296 31 34 0.190
953 280 20 25 0.075
431 238 21 37 0.044
197 207 28 33 0.038
421 249 24 32 0.028
959 285 20 28 0.025
729 239 55 66 0.024
681 252 31 44 0.022
413 258 25 31 0.021
321 242 31 39 0.017
549 241 35 44 0.016
695 248 29 40 0.016
867 282 25 31 0.015
992 300 14 19 0.015
382 273 28 35 0.015
403 263 28 31 0.015
328 289 28 40 0.015
217 303 26 34 0.014
650 307 24 35 0.014
663 158 14 18 0.012
339 255 30 38 0.012
32 252 52 93 0.011
210 308 28 41 0.011
