9_Press_Conference_Press_Conference_9_31
60
443 205 15 20 0.662
588 209 15 18 0.642
47 283 14 19 0.629
19 309 15 17 0.559
124 370 13 22 0.559
860 429 17 26 0.549
84 377 14 22 0.540
958 433 16 27 0.531
196 376 16 25 0.479
84 482 18 33 0.450
959 219 12 16 0.437
810 376 14 22 0.379
80 434 15 26 0.372
920 229 13 16 0.356
970 496 16 25 0.350
928 361 14 20 0.350
796 443 14 25 0.306
83 594 17 31 0.301
1016 308 8 22 0.297
8 414 20 29 0.237
168 428 15 26 0.213
877 518 16 27 0.150
744 387 15 21 0.142
658 387 12 19 0.106
921 233 13 17 0.106
3 576 28 61 0.084
314 594 21 36 0.083
981 356 17 19 0.071
0 479 8 31 0.061
878 390 17 22 0.060
413 446 14 21 0.057
924 237 14 16 0.056
344 388 16 20 0.045
495 108 7 8 0.033
272 377 15 21 0.032
21 360 15 18 0.032
497 108 7 8 0.031
439 203 14 19 0.031
0 309 9 17 0.028
462 635 16 27 0.024
9 403 20 27 0.022
1018 406 6 20 0.020
84 429 15 25 0.018
782 496 14 24 0.018
7 427 19 25 0.017
975 350 16 20 0.017
473 132 6 7 0.017
418 443 13 21 0.016
679 531 15 25 0.016
872 388 16 22 0.015
558 133 5 7 0.015
8 566 26 54 0.015
408 456 15 19 0.014
729 627 15 37 0.013
74 438 16 24 0.012
319 447 14 21 0.012
792 441 13 24 0.012
91 480 14 26 0.012
540 108 7 9 0.011
748 384 16 22 0.010
