9_Press_Conference_Press_Conference_9_40
43
220 230 37 53 0.832
751 116 28 37 0.771
51 224 18 24 0.746
896 171 38 39 0.732
460 156 18 21 0.731
716 158 31 40 0.722
528 167 21 28 0.722
464 177 19 23 0.719
12 169 18 21 0.718
368 234 21 26 0.718
109 186 17 19 0.717
423 165 17 22 0.710
246 169 15 16 0.696
405 161 16 22 0.694
187 178 16 20 0.693
333 179 13 16 0.692
513 167 15 21 0.689
373 177 14 16 0.667
299 177 15 17 0.667
206 171 15 19 0.665
592 125 24 31 0.662
262 216 18 23 0.640
694 159 20 27 0.638
354 168 13 17 0.628
321 229 22 45 0.541
975 171 45 42 0.529
664 173 18 25 0.503
565 168 17 21 0.140
596 167 17 22 0.120
323 213 19 36 0.120
914 134 30 31 0.100
907 140 34 37 0.054
464 231 25 25 0.053
565 159 17 23 0.048
562 152 16 21 0.035
664 184 18 24 0.030
993 175 31 38 0.027
545 203 16 23 0.022
418 277 16 38 0.019
260 212 17 21 0.014
985 183 37 39 0.013
923 131 26 30 0.013
590 154 20 25 0.012
