1_Handshaking_Handshaking_1_602
64
247 345 32 27 0.650
841 236 12 15 0.623
377 240 13 20 0.606
610 228 10 12 0.601
509 223 9 11 0.570
753 245 9 11 0.570
916 269 11 15 0.568
137 197 9 11 0.541
645 221 10 14 0.508
191 187 9 12 0.506
723 258 12 16 0.478
688 226 10 12 0.471
438 232 9 11 0.469
476 217 8 11 0.450
677 301 14 22 0.447
546 225 9 10 0.429
719 237 10 13 0.429
640 244 10 13 0.418
577 218 9 11 0.413
119 303 18 18 0.355
289 284 18 19 0.293
678 230 8 11 0.251
681 229 10 11 0.232
685 227 10 12 0.227
615 294 14 20 0.213
135 197 8 10 0.208
613 291 12 20 0.118
674 245 11 14 0.117
717 236 9 12 0.099
923 246 13 18 0.090
284 283 17 17 0.076
668 247 10 12 0.075
675 242 11 13 0.069
577 222 8 11 0.069
887 261 10 11 0.057
617 300 15 18 0.049
580 238 8 12 0.047
839 239 9 12 0.046
683 246 10 12 0.043
926 251 16 18 0.041
581 245 8 11 0.040
473 258 13 16 0.036
111 300 15 20 0.035
399 323 16 20 0.032
559 246 7 10 0.031
774 256 8 11 0.027
921 243 10 14 0.027
38 157 8 9 0.025
945 245 14 20 0.023
295 283 14 18 0.022
258 342 26 25 0.019
641 222 9 13 0.019
40 160 8 9 0.019
749 246 10 11 0.018
561 248 8 10 0.018
671 299 14 21 0.017
580 233 9 11 0.015
129 302 18 20 0.015
449 235 8 10 0.013
913 264 18 24 0.012
47 165 8 9 0.011
109 296 14 20 0.011
612 299 14 19 0.011
751 243 8 10 0.010
