1_Handshaking_Handshaking_1_579
520
595 418 35 43 0.810
585 249 29 38 0.803
677 363 34 45 0.797
584 319 33 40 0.797
530 311 30 37 0.794
749 303 30 36 0.794
440 307 27 37 0.789
940 427 35 43 0.789
471 349 28 38 0.783
789 410 32 41 0.783
1004 230 20 36 0.780
860 343 34 44 0.780
650 278 31 39 0.777
499 406 32 43 0.777
530 237 22 29 0.772
625 234 27 36 0.770
776 354 29 39 0.768
493 284 27 32 0.761
587 204 21 27 0.760
306 259 24 28 0.748
395 380 33 39 0.742
415 332 34 42 0.742
145 312 33 40 0.739
79 360 30 34 0.732
498 200 21 27 0.731
34 162 20 24 0.730
891 173 26 33 0.723
174 242 23 27 0.722
883 273 30 39 0.720
860 257 26 34 0.718
133 151 18 23 0.718
151 205 21 26 0.716
272 213 26 34 0.715
484 159 21 23 0.714
376 176 21 26 0.713
5 258 20 26 0.710
362 197 23 31 0.707
88 211 23 27 0.707
569 187 20 25 0.706
237 197 25 30 0.702
839 137 18 24 0.700
265 144 18 23 0.696
328 206 18 27 0.696
384 278 24 31 0.696
243 146 19 24 0.694
679 94 13 17 0.692
734 144 19 23 0.690
191 150 17 21 0.689
36 118 15 18 0.684
907 146 20 25 0.684
647 126 15 18 0.682
797 136 16 21 0.682
24 202 25 30 0.680
719 159 19 24 0.678
400 209 19 24 0.677
662 187 20 26 0.671
275 309 25 30 0.671
73 189 20 23 0.668
781 202 16 23 0.664
1007 133 17 26 0.664
522 128 17 20 0.663
323 346 34 38 0.662
643 171 20 23 0.661
119 253 24 28 0.657
318 294 28 36 0.657
302 100 13 17 0.657
509 115 13 17 0.655
838 508 27 46 0.654
530 193 24 30 0.654
949 160 19 23 0.652
871 181 18 24 0.650
826 111 16 18 0.647
144 85 13 16 0.646
126 129 16 21 0.645
872 236 26 29 0.641
730 110 14 18 0.639
648 143 16 20 0.638
562 141 18 21 0.636
455 164 19 22 0.633
636 197 24 30 0.633
199 231 20 26 0.630
244 123 13 16 0.624
961 108 15 19 0.622
272 115 14 16 0.621
426 96 13 17 0.621
677 127 17 21 0.620
738 189 25 29 0.618
990 105 13 17 0.617
828 241 25 30 0.615
255 392 23 32 0.614
661 65 12 16 0.614
10 116 12 15 0.614
614 97 14 18 0.611
474 79 12 14 0.610
575 76 12 16 0.605
613 71 12 14 0.603
304 76 11 15 0.602
641 81 13 16 0.601
172 282 23 28 0.597
968 164 15 21 0.596
886 142 18 23 0.593
443 131 16 20 0.593
476 133 14 16 0.591
903 95 14 18 0.588
374 92 13 17 0.588
760 255 26 31 0.585
867 82 13 17 0.584
308 151 17 20 0.579
396 97 12 14 0.578
221 179 20 25 0.578
976 191 22 28 0.575
639 101 14 16 0.573
27 251 19 28 0.573
764 151 17 24 0.572
388 123 14 17 0.567
709 128 12 15 0.566
779 122 15 19 0.565
388 74 12 15 0.564
202 79 12 15 0.562
356 99 13 18 0.560
537 59 10 13 0.557
131 107 14 17 0.551
1001 81 14 16 0.551
622 119 13 19 0.550
552 159 19 21 0.549
698 77 13 16 0.547
465 226 20 25 0.545
180 315 28 32 0.543
418 66 11 13 0.543
792 79 13 15 0.537
845 118 16 19 0.536
228 97 13 16 0.535
22 130 12 16 0.532
868 152 16 20 0.528
171 117 15 18 0.526
334 94 14 16 0.521
520 77 11 14 0.519
926 106 15 19 0.516
745 68 12 14 0.516
829 176 18 24 0.514
102 180 18 24 0.512
338 72 12 14 0.512
250 106 12 15 0.509
293 59 10 13 0.505
454 80 10 12 0.503
371 75 11 14 0.490
402 150 18 23 0.489
362 137 15 19 0.486
449 218 19 26 0.477
65 215 18 24 0.468
10 386 34 36 0.464
73 153 17 18 0.457
972 85 12 15 0.455
230 250 23 31 0.453
547 92 14 15 0.452
251 283 21 26 0.448
800 227 24 29 0.446
602 165 16 20 0.441
163 191 19 23 0.437
589 96 13 17 0.435
456 119 14 16 0.433
359 131 15 19 0.424
229 142 14 19 0.417
443 278 23 31 0.414
425 148 14 19 0.408
543 110 14 17 0.408
348 71 11 14 0.400
473 62 10 12 0.397
5 294 20 29 0.390
102 117 14 17 0.388
321 128 15 18 0.380
0 184 12 18 0.378
945 141 18 20 0.378
387 32 10 11 0.377
805 202 19 23 0.372
478 110 13 16 0.367
593 100 12 15 0.359
500 57 9 12 0.352
790 105 13 16 0.351
851 65 11 13 0.341
29 107 12 15 0.339
445 93 11 15 0.337
785 103 14 17 0.333
87 257 19 24 0.320
499 87 11 14 0.317
669 130 17 19 0.312
864 247 27 33 0.312
0 324 14 32 0.312
73 159 19 22 0.308
835 68 12 14 0.306
956 160 18 23 0.304
1003 354 20 38 0.299
90 83 11 13 0.296
380 51 10 12 0.295
297 132 15 19 0.291
422 54 10 12 0.288
507 156 14 18 0.285
889 65 10 14 0.284
74 168 18 20 0.281
832 205 19 24 0.280
265 89 12 15 0.276
756 46 11 13 0.270
314 56 10 11 0.261
764 137 14 20 0.260
559 146 18 22 0.257
894 479 33 41 0.256
244 51 10 13 0.252
82 119 12 16 0.249
530 147 15 19 0.238
322 156 16 19 0.235
312 30 10 11 0.235
916 131 15 17 0.233
176 89 10 15 0.224
369 188 22 29 0.221
277 133 15 18 0.210
778 102 14 16 0.209
130 145 18 24 0.208
871 266 29 38 0.208
108 299 23 32 0.207
728 148 20 24 0.201
950 210 19 23 0.201
919 179 16 23 0.188
781 53 11 12 0.178
451 83 11 14 0.178
250 90 11 13 0.177
117 85 13 15 0.174
357 128 12 16 0.172
3 186 15 20 0.172
372 255 19 25 0.167
381 410 18 38 0.163
86 80 11 14 0.156
869 431 28 38 0.156
688 151 16 20 0.155
320 310 30 38 0.154
915 79 11 13 0.152
323 115 14 16 0.152
819 174 19 24 0.150
325 159 17 19 0.150
888 471 31 39 0.149
409 341 36 45 0.146
137 97 13 17 0.146
73 328 25 30 0.142
694 78 13 18 0.139
634 45 11 12 0.135
740 210 20 25 0.135
259 69 10 11 0.135
609 143 12 16 0.133
108 255 23 26 0.132
145 150 16 20 0.131
662 443 21 36 0.125
694 115 13 17 0.125
745 73 12 17 0.125
781 72 11 15 0.121
184 119 13 16 0.120
59 275 17 23 0.119
670 218 18 23 0.117
922 292 24 28 0.116
620 202 17 22 0.115
330 116 14 16 0.115
132 50 10 12 0.114
967 262 21 30 0.114
193 195 21 24 0.114
385 37 10 13 0.112
96 259 18 24 0.112
351 70 11 13 0.111
364 127 15 19 0.109
96 117 14 17 0.107
1017 184 7 25 0.106
130 133 17 20 0.104
734 97 11 15 0.104
712 47 10 13 0.101
331 93 13 15 0.101
377 49 10 13 0.098
270 67 11 14 0.098
78 254 20 25 0.095
558 166 16 20 0.092
542 80 12 14 0.092
526 85 12 15 0.091
267 95 13 14 0.089
829 112 18 21 0.088
346 163 15 20 0.088
593 115 12 17 0.088
181 408 18 41 0.087
336 116 12 15 0.087
624 196 23 30 0.085
960 82 11 15 0.085
247 86 11 13 0.083
686 145 15 19 0.082
696 150 15 19 0.081
458 138 12 15 0.080
650 45 11 13 0.079
174 85 11 13 0.077
322 331 28 33 0.077
916 83 12 14 0.075
265 183 19 23 0.072
819 142 14 18 0.072
605 158 15 19 0.071
699 120 13 16 0.071
408 83 10 14 0.071
744 80 12 17 0.071
227 124 12 15 0.070
310 168 15 20 0.068
313 44 10 14 0.067
708 189 18 22 0.067
954 183 16 20 0.063
171 81 9 12 0.063
709 93 12 15 0.062
811 568 27 28 0.062
426 54 10 11 0.062
538 62 12 15 0.061
770 159 16 22 0.060
431 282 27 28 0.060
27 33 11 14 0.058
371 80 13 16 0.058
622 192 17 23 0.058
942 211 22 27 0.057
359 306 21 27 0.056
365 140 16 19 0.056
330 99 13 16 0.055
934 89 11 14 0.055
139 193 18 22 0.054
807 207 21 27 0.054
926 199 20 25 0.053
617 176 16 19 0.053
775 66 11 14 0.052
144 199 21 25 0.052
533 158 15 19 0.052
33 363 38 45 0.052
525 96 12 15 0.050
82 78 11 14 0.049
758 109 12 16 0.049
62 216 15 21 0.048
345 68 11 13 0.048
413 105 10 15 0.048
161 105 11 13 0.047
503 56 10 13 0.046
553 91 11 14 0.046
893 88 12 16 0.045
217 385 19 34 0.044
899 492 37 40 0.044
701 72 10 14 0.043
93 81 12 14 0.043
633 17 11 14 0.042
590 255 33 43 0.042
780 89 14 16 0.042
954 104 13 15 0.042
444 220 18 24 0.041
61 280 18 24 0.041
622 165 15 18 0.040
123 223 17 22 0.040
254 140 19 25 0.040
103 133 12 15 0.040
382 127 15 20 0.039
1012 178 11 25 0.039
598 99 12 16 0.039
990 126 16 19 0.037
32 290 21 27 0.036
497 91 13 17 0.036
714 95 12 15 0.036
54 268 18 24 0.036
272 102 12 15 0.035
846 143 17 22 0.035
754 44 10 12 0.034
69 274 20 24 0.034
105 112 13 16 0.034
956 80 12 14 0.034
295 384 16 29 0.033
231 18 8 9 0.033
831 65 12 16 0.033
619 185 17 22 0.032
198 323 25 33 0.032
168 196 18 22 0.032
859 152 16 21 0.031
561 113 11 14 0.030
454 206 20 26 0.030
758 43 11 13 0.029
206 80 12 15 0.029
85 172 19 23 0.029
6 394 31 38 0.029
446 274 20 24 0.028
79 282 23 30 0.028
268 389 19 33 0.028
971 255 20 32 0.028
998 80 12 16 0.028
371 122 13 17 0.028
340 310 21 26 0.027
545 115 15 18 0.027
937 224 21 25 0.027
777 117 14 18 0.026
393 234 19 24 0.026
158 22 8 10 0.026
119 79 11 14 0.026
807 236 25 31 0.025
1 191 11 22 0.025
273 185 18 22 0.025
341 56 10 12 0.025
552 21 9 11 0.024
72 253 17 21 0.024
947 137 15 17 0.024
854 63 10 12 0.024
62 30 8 9 0.024
927 188 18 23 0.024
360 60 10 12 0.023
1012 384 12 43 0.023
323 132 15 18 0.023
122 105 13 17 0.023
666 114 13 16 0.023
996 345 24 37 0.023
189 315 28 34 0.022
427 343 28 34 0.022
151 156 15 19 0.022
9 152 12 16 0.022
965 101 14 19 0.022
30 31 10 10 0.022
22 285 27 34 0.022
720 212 20 24 0.022
822 287 23 31 0.021
14 292 26 31 0.021
250 23 7 9 0.021
325 41 9 12 0.021
1011 163 10 19 0.021
427 284 19 23 0.021
22 192 19 25 0.021
116 74 10 11 0.021
351 170 18 23 0.021
617 68 11 15 0.020
103 292 20 27 0.020
886 483 33 43 0.020
395 244 19 24 0.020
846 510 27 48 0.019
916 72 10 14 0.019
0 125 9 15 0.019
760 133 14 18 0.019
118 19 8 10 0.019
289 4 9 11 0.018
248 22 8 8 0.018
801 103 12 16 0.018
83 268 20 25 0.018
218 42 10 11 0.018
562 120 13 14 0.018
751 276 31 42 0.018
195 207 20 23 0.018
318 74 10 12 0.018
221 122 12 15 0.017
149 85 11 15 0.017
597 170 17 20 0.017
92 299 19 26 0.017
472 283 19 24 0.017
827 53 11 13 0.017
379 397 24 38 0.017
466 95 11 14 0.016
263 177 17 22 0.016
683 70 9 12 0.016
264 24 8 10 0.016
846 166 15 22 0.015
155 178 18 23 0.015
119 218 17 21 0.015
864 410 35 48 0.015
393 73 11 14 0.015
396 216 19 24 0.015
41 255 16 22 0.015
149 123 13 17 0.015
926 245 22 30 0.015
368 297 18 23 0.015
495 61 10 13 0.014
583 128 14 17 0.014
636 16 12 13 0.014
271 59 9 12 0.014
174 114 18 24 0.014
161 111 13 17 0.014
3 381 18 26 0.014
232 14 9 11 0.014
156 165 15 18 0.014
436 59 9 12 0.014
117 312 18 25 0.014
274 12 8 10 0.014
987 130 15 21 0.014
452 159 16 20 0.014
100 267 18 24 0.014
654 146 15 18 0.014
928 124 14 16 0.013
1008 365 14 38 0.013
740 73 13 17 0.013
63 29 9 11 0.013
338 14 9 10 0.013
265 193 19 25 0.013
255 24 9 10 0.013
135 190 16 21 0.013
413 48 10 12 0.013
366 261 19 25 0.013
26 31 9 11 0.013
681 153 15 20 0.012
951 69 11 13 0.012
469 234 20 25 0.012
517 111 13 17 0.012
79 32 9 10 0.012
71 280 20 26 0.012
948 230 22 30 0.012
227 18 10 11 0.012
922 261 19 25 0.012
705 124 18 23 0.011
1017 99 9 16 0.011
667 444 26 37 0.011
1014 403 10 38 0.011
23 389 23 27 0.011
2 137 7 15 0.011
505 197 22 29 0.011
700 153 15 20 0.011
308 29 9 12 0.011
976 198 26 30 0.011
955 84 12 15 0.011
42 296 19 26 0.011
954 242 20 25 0.010
0 364 12 25 0.010
920 66 10 13 0.010
282 9 8 10 0.010
81 29 9 11 0.010
623 160 16 19 0.010
557 108 12 16 0.010
401 252 17 24 0.010
