50_Celebration_Or_Party_houseparty_50_432
121
718 37 52 80 0.853
627 72 40 53 0.845
720 838 39 49 0.824
512 839 37 47 0.815
402 600 25 35 0.813
629 824 31 41 0.813
567 827 31 38 0.803
335 283 30 45 0.802
497 64 39 72 0.799
313 612 26 33 0.792
394 319 17 24 0.788
253 612 23 39 0.767
470 319 25 34 0.751
417 63 25 35 0.748
618 279 22 28 0.743
696 270 21 33 0.720
253 318 17 29 0.720
375 56 19 26 0.689
541 287 20 32 0.687
569 86 21 36 0.685
315 58 23 38 0.676
149 564 13 17 0.660
480 596 24 36 0.659
889 350 10 13 0.609
986 321 12 15 0.602
444 71 22 36 0.593
143 853 11 13 0.591
355 75 18 27 0.588
15 826 11 15 0.581
182 99 9 11 0.565
396 863 9 12 0.524
158 97 8 11 0.520
493 61 17 23 0.496
296 869 15 22 0.492
836 327 12 16 0.492
410 863 9 10 0.443
107 99 7 9 0.411
177 562 10 17 0.402
674 606 6 8 0.384
129 100 8 11 0.377
474 861 11 14 0.373
127 572 10 14 0.324
740 605 7 9 0.311
821 307 9 11 0.283
493 60 23 45 0.256
499 854 8 12 0.236
625 600 8 10 0.235
271 860 13 20 0.221
840 325 10 16 0.216
199 560 11 17 0.194
654 607 6 8 0.189
402 863 10 11 0.182
286 327 23 36 0.175
346 868 8 11 0.175
777 106 7 7 0.168
30 810 9 12 0.120
99 119 7 9 0.116
473 587 20 27 0.104
436 857 7 9 0.099
676 606 6 8 0.094
741 601 6 9 0.093
437 858 9 11 0.092
105 100 6 8 0.088
299 842 11 15 0.085
475 858 8 11 0.076
477 865 10 13 0.071
291 869 15 21 0.064
442 860 8 10 0.064
629 598 9 10 0.058
481 860 10 13 0.054
617 599 9 10 0.053
4 571 7 11 0.052
600 606 6 7 0.051
155 97 8 10 0.050
220 838 10 13 0.048
376 860 8 12 0.048
740 598 6 7 0.047
607 594 6 7 0.043
28 814 10 13 0.040
137 569 11 15 0.038
349 869 9 11 0.038
604 600 6 8 0.034
832 103 4 5 0.033
832 327 12 16 0.030
124 570 11 14 0.029
96 118 8 10 0.028
472 865 12 14 0.028
265 862 15 22 0.027
429 856 7 9 0.027
612 595 8 9 0.027
449 863 8 11 0.027
332 878 9 12 0.026
659 62 13 16 0.025
779 105 7 10 0.025
930 358 6 8 0.025
489 58 16 22 0.025
301 838 9 13 0.024
421 61 32 42 0.021
332 873 8 11 0.021
468 593 19 25 0.018
597 606 6 8 0.017
5 570 8 10 0.017
292 841 12 16 0.017
495 855 7 10 0.016
371 859 9 13 0.016
173 560 10 15 0.016
180 79 6 7 0.016
298 853 12 20 0.016
375 858 8 10 0.015
39 107 6 8 0.014
788 288 7 12 0.013
292 327 29 40 0.012
128 577 10 13 0.012
829 103 4 5 0.011
218 836 9 13 0.011
452 75 25 37 0.011
400 100 11 17 0.011
101 571 8 10 0.011
339 869 9 10 0.011
985 344 9 14 0.011
120 574 10 12 0.010
