50_Celebration_Or_Party_houseparty_50_609
179
214 346 68 81 0.859
287 243 44 56 0.837
144 256 42 49 0.816
996 254 28 51 0.779
890 174 20 26 0.720
601 252 28 44 0.712
128 236 31 41 0.703
413 232 26 38 0.674
313 322 44 69 0.671
843 191 23 29 0.652
637 166 13 19 0.631
212 211 34 46 0.629
799 208 23 33 0.606
539 279 43 50 0.604
473 178 26 36 0.600
820 166 12 16 0.570
872 170 14 19 0.570
767 186 23 31 0.565
329 203 20 30 0.559
994 121 13 17 0.559
678 191 18 29 0.559
930 126 12 15 0.525
532 123 11 14 0.523
787 157 14 18 0.517
832 133 12 14 0.506
714 189 14 23 0.489
193 179 17 20 0.485
446 163 15 19 0.477
89 220 21 39 0.467
741 155 13 18 0.458
84 346 27 55 0.456
833 170 13 17 0.436
892 133 11 13 0.404
873 276 24 45 0.394
359 174 17 20 0.372
226 193 20 24 0.365
882 154 10 13 0.359
482 127 9 11 0.342
186 212 19 29 0.306
176 166 10 14 0.281
156 187 16 18 0.274
807 188 19 25 0.270
223 149 10 11 0.262
579 121 8 11 0.257
823 167 13 16 0.225
280 189 20 24 0.216
949 198 24 30 0.213
853 228 23 29 0.202
270 181 18 22 0.187
589 168 13 17 0.185
571 146 12 15 0.181
796 169 15 19 0.179
273 185 20 24 0.178
985 136 12 16 0.174
600 186 17 23 0.172
1005 148 14 16 0.171
538 154 13 15 0.165
411 131 8 11 0.163
55 204 12 20 0.156
547 164 14 18 0.126
544 159 15 18 0.123
851 131 9 13 0.122
539 203 25 27 0.113
637 202 20 27 0.113
542 132 10 13 0.112
717 239 31 42 0.106
215 165 10 11 0.105
741 136 10 16 0.098
167 175 13 16 0.095
341 178 15 20 0.095
268 186 18 24 0.093
171 165 11 13 0.093
646 119 10 12 0.091
769 132 10 13 0.087
992 189 27 39 0.087
581 129 11 14 0.085
270 160 9 12 0.083
140 195 15 19 0.081
491 184 19 26 0.079
584 131 11 13 0.076
655 260 29 37 0.075
617 129 10 12 0.075
390 186 16 19 0.072
217 161 10 12 0.072
149 185 16 19 0.069
409 133 9 12 0.068
345 176 15 19 0.066
730 279 29 46 0.065
650 117 9 11 0.057
576 140 12 15 0.057
277 176 15 17 0.056
569 144 11 15 0.055
534 154 14 16 0.055
485 161 14 17 0.053
468 148 13 16 0.050
534 124 13 16 0.050
267 183 14 20 0.048
407 143 8 13 0.046
956 189 19 24 0.045
239 159 11 13 0.044
150 220 25 30 0.043
377 147 8 9 0.041
855 130 9 13 0.040
801 120 10 13 0.039
387 190 17 21 0.039
338 189 16 21 0.038
0 343 14 72 0.038
729 161 14 19 0.035
603 146 11 16 0.035
335 152 11 15 0.034
362 164 12 15 0.034
221 150 11 14 0.034
340 184 16 19 0.033
621 127 10 13 0.031
893 137 9 14 0.031
362 160 11 14 0.030
413 131 9 12 0.030
598 145 12 17 0.030
451 131 10 13 0.029
593 192 18 23 0.028
343 218 21 31 0.028
482 184 25 33 0.027
332 150 11 14 0.027
482 162 19 25 0.027
580 197 20 24 0.026
614 127 9 12 0.025
343 174 13 17 0.025
927 156 12 17 0.024
676 119 8 12 0.024
53 209 15 23 0.024
293 170 11 13 0.024
642 197 16 23 0.023
750 183 17 22 0.023
686 189 19 26 0.023
586 193 18 23 0.023
905 230 24 29 0.023
518 306 38 53 0.022
525 177 18 23 0.020
885 157 13 15 0.020
755 186 26 30 0.019
473 153 14 18 0.019
671 121 9 12 0.019
328 158 11 13 0.019
459 185 19 27 0.019
546 66 13 16 0.019
826 221 19 27 0.018
642 124 10 13 0.018
520 172 16 22 0.018
967 225 22 31 0.017
338 150 11 13 0.017
718 187 14 22 0.017
227 148 9 11 0.016
359 135 9 11 0.016
447 187 17 22 0.016
653 151 12 17 0.016
73 348 30 56 0.016
348 221 22 32 0.015
136 194 22 28 0.015
748 148 12 18 0.015
954 208 21 26 0.014
383 179 17 20 0.014
360 146 10 12 0.014
478 127 12 15 0.013
515 168 15 20 0.013
360 141 9 12 0.013
49 205 14 22 0.013
714 129 10 13 0.012
576 200 20 26 0.012
753 175 14 18 0.012
1011 121 8 13 0.012
516 162 13 18 0.011
144 184 13 16 0.011
654 271 29 37 0.011
667 126 9 13 0.011
397 171 15 18 0.011
756 225 27 27 0.010
191 213 25 35 0.010
705 116 8 11 0.010
614 168 11 16 0.010
