25_Soldier_Patrol_Soldier_Patrol_25_700
32
80 426 26 33 0.721
479 415 18 22 0.672
544 368 29 43 0.659
174 391 24 34 0.613
431 415 14 20 0.559
582 414 20 26 0.500
888 383 18 27 0.475
220 405 19 24 0.414
110 399 16 25 0.247
625 425 15 20 0.215
58 395 14 20 0.213
407 426 14 16 0.210
458 419 13 18 0.198
507 414 15 19 0.189
590 413 16 24 0.120
211 406 19 22 0.074
125 422 13 17 0.074
629 429 15 19 0.055
117 394 14 22 0.047
391 413 10 13 0.043
576 418 20 24 0.033
66 394 15 21 0.030
231 406 16 22 0.029
500 410 15 20 0.026
456 428 13 17 0.023
931 426 15 13 0.018
53 408 17 27 0.018
117 407 14 20 0.017
63 419 24 30 0.015
54 417 19 25 0.013
414 424 12 16 0.012
450 417 13 18 0.012
