33_Running_Running_33_266
48
483 248 52 60 0.837
611 122 44 53 0.833
362 256 49 64 0.830
769 269 50 61 0.830
94 255 51 66 0.829
874 195 46 57 0.829
239 217 45 60 0.823
794 92 43 55 0.821
0 162 39 54 0.802
184 172 42 47 0.782
663 196 47 40 0.780
748 214 42 47 0.775
807 202 48 49 0.773
282 204 45 43 0.732
393 131 42 47 0.728
511 173 46 51 0.726
251 157 45 50 0.716
992 203 32 47 0.695
885 126 43 52 0.689
920 102 32 51 0.638
378 215 44 42 0.633
68 220 42 39 0.626
639 319 52 34 0.607
127 194 39 37 0.598
47 135 40 52 0.577
481 145 31 39 0.489
34 165 32 41 0.483
228 150 24 34 0.386
356 151 34 40 0.350
333 163 34 39 0.244
427 132 28 32 0.208
150 143 30 30 0.158
264 127 32 37 0.157
115 150 33 37 0.154
94 204 44 47 0.142
256 141 40 50 0.111
991 177 33 57 0.093
339 154 40 45 0.093
633 311 41 40 0.051
127 177 38 41 0.032
480 146 23 28 0.030
440 133 22 29 0.027
67 150 29 39 0.018
248 197 44 58 0.016
995 161 31 54 0.016
124 146 31 33 0.016
84 139 19 28 0.014
485 155 33 44 0.013
