2_Demonstration_Demonstration_Or_Protest_2_173
202
847 291 52 69 0.846
168 313 45 59 0.825
110 248 38 53 0.823
0 302 24 50 0.819
363 294 39 56 0.810
584 234 39 54 0.798
775 187 32 46 0.797
273 277 35 46 0.795
672 277 46 65 0.793
870 209 39 55 0.791
51 354 47 53 0.789
505 215 38 59 0.787
654 206 34 46 0.774
460 228 32 45 0.763
355 229 25 37 0.746
256 251 31 43 0.728
673 154 17 25 0.727
320 208 17 23 0.716
742 161 19 27 0.696
576 187 17 21 0.690
206 239 23 27 0.688
830 165 20 28 0.686
175 225 20 26 0.674
360 191 16 21 0.661
4 216 13 18 0.650
548 169 13 16 0.649
185 273 30 30 0.620
641 169 18 24 0.594
252 222 18 20 0.593
17 240 16 19 0.586
493 163 11 14 0.573
101 219 17 20 0.557
439 192 14 19 0.549
517 156 10 13 0.515
288 196 13 17 0.504
5 249 18 22 0.486
225 207 15 18 0.482
136 210 12 15 0.473
453 207 21 25 0.464
376 174 11 12 0.415
440 175 10 12 0.408
157 194 8 9 0.399
383 198 16 22 0.369
515 192 21 23 0.368
40 218 9 10 0.356
586 158 10 12 0.348
472 190 13 18 0.341
883 145 9 10 0.328
399 180 11 14 0.323
215 198 10 12 0.322
336 179 10 12 0.289
116 202 9 11 0.280
236 188 7 9 0.278
895 177 21 25 0.271
174 192 7 8 0.255
719 155 10 11 0.253
180 208 11 12 0.233
108 220 13 17 0.232
93 219 15 19 0.224
664 147 9 12 0.198
263 181 8 10 0.196
331 183 10 12 0.188
512 188 27 38 0.185
709 126 11 14 0.173
968 120 11 12 0.156
242 208 10 13 0.147
155 195 7 9 0.143
114 219 14 16 0.137
51 203 6 8 0.137
250 189 8 9 0.135
480 166 6 8 0.133
669 153 13 18 0.130
63 220 11 14 0.124
191 191 8 9 0.124
701 180 13 19 0.119
178 192 7 8 0.115
814 109 9 11 0.115
327 186 10 12 0.114
176 215 18 23 0.110
54 263 18 23 0.107
409 162 6 8 0.106
167 218 12 17 0.105
675 192 19 24 0.103
869 161 12 17 0.099
428 168 8 11 0.092
345 171 7 8 0.088
1018 139 6 19 0.084
42 201 8 9 0.082
327 173 8 9 0.082
244 212 14 15 0.080
330 180 9 12 0.076
563 157 8 11 0.075
426 170 9 13 0.074
856 216 22 35 0.072
997 174 15 20 0.070
441 150 6 7 0.069
851 218 19 29 0.069
569 167 9 12 0.064
559 155 10 10 0.063
563 152 8 9 0.063
267 184 8 9 0.061
281 191 10 12 0.059
520 158 10 12 0.059
25 214 8 10 0.059
326 175 9 11 0.059
192 173 6 8 0.058
162 219 13 16 0.057
521 187 15 19 0.056
67 206 7 9 0.055
561 165 10 11 0.054
96 204 8 9 0.052
495 189 11 14 0.050
8 139 9 12 0.050
51 202 9 11 0.048
842 199 17 22 0.046
886 144 9 11 0.045
40 202 9 11 0.044
129 196 7 9 0.043
69 218 9 13 0.042
711 134 10 13 0.040
147 226 13 15 0.040
405 167 9 10 0.039
1008 169 13 23 0.039
1018 134 6 17 0.038
816 108 9 11 0.037
253 229 19 23 0.036
408 183 12 15 0.035
525 190 15 18 0.034
872 163 14 16 0.034
620 162 14 18 0.033
570 157 10 11 0.033
234 184 8 10 0.033
599 177 13 15 0.032
713 128 11 14 0.032
868 169 14 19 0.031
507 192 16 19 0.031
442 173 8 10 0.030
17 199 7 8 0.030
882 142 12 15 0.028
130 192 6 7 0.028
306 195 12 16 0.028
303 193 10 13 0.028
246 176 6 7 0.027
94 206 9 11 0.026
428 161 7 9 0.025
17 201 8 10 0.025
372 206 17 22 0.024
467 186 12 15 0.024
868 158 10 14 0.023
428 154 6 7 0.023
74 207 7 8 0.023
0 192 6 10 0.023
681 190 17 21 0.022
119 190 6 7 0.022
490 172 11 15 0.022
457 225 26 39 0.022
266 180 7 8 0.022
421 191 12 15 0.021
20 198 7 8 0.021
79 189 6 8 0.021
247 208 10 13 0.020
103 195 7 8 0.020
358 173 8 9 0.020
602 172 14 17 0.019
430 249 24 31 0.019
105 191 5 7 0.019
515 186 13 17 0.019
366 178 10 12 0.019
748 158 17 25 0.018
46 263 19 23 0.018
889 178 28 39 0.018
1013 205 11 41 0.018
450 162 6 7 0.017
1014 137 11 24 0.017
908 140 10 13 0.017
753 209 20 29 0.017
615 152 11 13 0.016
880 109 7 9 0.016
633 245 30 38 0.016
1 188 5 10 0.015
411 158 9 10 0.015
423 193 15 18 0.014
614 149 10 12 0.013
671 196 22 29 0.013
1017 121 6 14 0.013
1015 123 9 18 0.013
608 150 10 13 0.013
694 138 7 9 0.012
172 190 12 15 0.012
616 156 11 16 0.012
185 216 12 17 0.012
228 187 7 9 0.011
610 171 13 18 0.011
661 200 31 39 0.011
1016 197 8 35 0.011
911 145 11 13 0.011
347 168 7 7 0.011
354 191 12 15 0.011
102 171 6 6 0.010
212 192 6 8 0.010
16 193 5 7 0.010
790 159 13 14 0.010
