2_Demonstration_Demonstrators_2_499
44
259 356 24 29 0.788
814 348 20 28 0.761
454 363 21 25 0.759
977 320 42 55 0.758
603 364 20 23 0.756
360 364 21 25 0.743
635 365 19 23 0.724
760 341 25 28 0.723
551 358 17 23 0.708
516 388 18 22 0.696
426 360 18 25 0.661
697 379 17 21 0.639
830 324 22 30 0.627
961 347 18 25 0.586
906 352 26 42 0.559
485 384 17 18 0.557
654 370 15 19 0.517
713 377 12 16 0.335
526 367 14 15 0.169
590 372 11 15 0.077
852 324 15 22 0.061
685 416 20 18 0.048
580 370 14 19 0.046
400 391 15 18 0.041
735 353 8 9 0.041
522 369 14 17 0.037
967 341 18 26 0.035
969 339 28 34 0.032
866 306 12 14 0.032
362 353 17 23 0.032
905 370 13 25 0.030
718 376 12 16 0.030
857 321 14 19 0.030
657 365 11 15 0.027
691 363 12 15 0.027
469 392 13 16 0.023
225 366 17 21 0.021
251 361 22 25 0.020
578 376 12 16 0.020
963 342 15 22 0.020
875 327 15 22 0.018
695 360 9 12 0.018
904 360 19 28 0.017
688 365 12 16 0.017
