2_Demonstration_Demonstration_Or_Protest_2_242
24
18 486 29 36 0.769
271 502 33 44 0.657
178 528 47 79 0.592
263 591 33 40 0.562
803 339 63 89 0.562
0 561 20 44 0.166
0 503 12 25 0.087
237 222 6 7 0.058
489 72 12 15 0.041
10 509 13 23 0.040
1 496 10 21 0.035
990 428 20 32 0.034
427 543 40 54 0.030
1 509 13 28 0.029
1016 408 8 20 0.023
428 549 23 43 0.023
0 566 30 53 0.023
291 618 27 34 0.016
765 450 15 19 0.015
326 507 38 39 0.014
153 522 56 79 0.014
10 496 19 27 0.013
225 218 6 7 0.011
0 543 14 42 0.010
