2_Demonstration_Protesters_2_525
542
881 519 33 41 0.814
417 516 29 37 0.811
995 459 29 34 0.799
760 457 27 33 0.799
553 484 31 38 0.795
660 485 30 37 0.787
298 490 31 34 0.780
763 399 25 29 0.774
234 485 28 32 0.763
919 478 32 35 0.763
2 372 21 28 0.761
482 435 28 33 0.758
848 424 27 32 0.756
656 426 28 31 0.754
326 415 24 27 0.753
479 397 19 24 0.749
388 436 23 29 0.748
716 361 20 24 0.742
53 433 28 32 0.740
1000 397 22 28 0.739
920 375 21 26 0.733
672 321 16 19 0.730
766 302 14 18 0.724
579 403 24 28 0.721
524 394 20 25 0.720
338 348 18 22 0.715
80 379 21 25 0.714
833 339 16 19 0.713
951 348 21 25 0.711
948 431 25 28 0.707
717 331 16 18 0.701
311 384 20 26 0.700
249 310 13 15 0.697
783 317 16 19 0.692
250 368 21 24 0.685
713 308 15 17 0.679
850 366 16 20 0.678
1007 238 16 22 0.677
318 325 15 19 0.675
204 381 21 28 0.675
797 363 18 21 0.672
61 343 17 19 0.668
776 233 14 16 0.667
639 297 14 17 0.667
468 328 15 17 0.666
532 557 33 30 0.661
686 220 14 17 0.661
844 397 20 22 0.660
456 307 12 15 0.651
968 248 15 18 0.648
413 314 12 15 0.646
526 276 12 15 0.645
186 338 13 16 0.645
866 227 14 18 0.644
367 322 14 18 0.643
593 344 17 20 0.640
502 317 13 16 0.636
523 206 12 14 0.633
995 224 14 18 0.632
475 294 12 14 0.628
542 289 12 15 0.627
503 283 11 15 0.617
810 227 15 18 0.616
645 218 14 16 0.615
361 306 14 17 0.613
146 341 12 15 0.613
226 311 11 15 0.610
33 319 13 16 0.606
723 224 13 16 0.605
884 329 14 17 0.604
435 317 13 15 0.598
456 270 11 13 0.598
533 311 13 14 0.598
441 292 12 14 0.596
80 316 14 17 0.592
958 234 14 16 0.589
616 212 12 14 0.588
991 380 18 21 0.585
560 208 12 13 0.582
501 219 11 13 0.582
74 278 11 13 0.581
322 295 10 12 0.580
21 296 12 15 0.575
782 343 16 19 0.570
766 507 24 35 0.567
863 330 13 17 0.564
385 347 15 21 0.557
372 292 10 13 0.557
890 238 12 15 0.557
887 218 13 16 0.555
125 300 12 14 0.554
824 179 11 14 0.548
105 353 17 18 0.547
533 332 16 20 0.542
0 344 12 17 0.540
567 281 12 14 0.529
88 512 24 29 0.528
597 211 12 15 0.521
768 218 13 15 0.519
54 298 11 13 0.519
447 211 10 12 0.513
168 287 10 13 0.511
215 298 10 12 0.511
578 296 13 14 0.509
384 281 10 12 0.506
345 265 9 12 0.506
912 235 16 18 0.505
244 292 10 13 0.498
74 297 11 13 0.497
22 335 13 16 0.493
266 287 11 13 0.486
274 357 17 20 0.482
133 286 10 12 0.478
408 206 10 13 0.478
357 275 9 12 0.469
123 319 12 16 0.468
372 267 10 11 0.462
277 272 9 11 0.457
307 211 8 10 0.452
874 206 11 13 0.451
193 322 12 15 0.451
971 215 12 15 0.450
310 265 9 11 0.447
295 313 12 14 0.441
38 280 10 12 0.439
475 212 11 13 0.437
101 279 10 12 0.436
229 254 9 11 0.432
662 308 13 16 0.428
286 203 8 10 0.427
169 256 9 11 0.422
574 210 11 14 0.416
925 260 15 17 0.415
374 211 9 12 0.412
189 275 10 12 0.411
222 282 9 12 0.396
151 359 16 20 0.383
936 236 12 16 0.378
104 320 12 14 0.377
727 204 12 15 0.376
360 217 8 9 0.372
76 261 10 10 0.363
210 261 9 10 0.356
88 347 11 15 0.343
292 293 10 12 0.340
427 206 9 12 0.339
227 211 7 9 0.338
565 301 11 13 0.332
189 240 8 10 0.331
997 391 21 27 0.324
269 205 7 10 0.323
936 215 12 15 0.323
147 374 18 21 0.316
164 209 8 9 0.315
394 213 9 11 0.313
344 210 9 11 0.306
900 348 14 18 0.301
248 206 8 9 0.299
192 257 8 11 0.297
364 311 14 18 0.297
289 291 11 13 0.293
116 270 9 12 0.288
548 396 15 20 0.287
715 220 12 15 0.286
184 207 8 9 0.282
418 272 9 11 0.277
965 551 38 29 0.275
374 234 9 12 0.275
326 209 9 10 0.273
324 210 8 10 0.271
472 229 10 12 0.269
5 278 9 11 0.264
430 222 10 11 0.262
416 286 9 12 0.261
465 208 10 13 0.260
148 366 17 22 0.254
837 256 13 18 0.246
82 214 8 10 0.244
0 420 7 26 0.242
823 510 21 27 0.236
29 325 14 17 0.235
301 316 11 14 0.230
110 260 9 11 0.230
465 376 15 16 0.227
595 321 12 15 0.222
998 229 16 20 0.221
891 183 10 12 0.220
380 559 23 18 0.216
558 326 13 16 0.216
311 283 9 12 0.210
260 256 10 11 0.206
146 269 9 12 0.205
831 218 13 15 0.204
155 316 12 15 0.198
31 267 9 9 0.194
793 211 11 13 0.192
284 291 10 12 0.190
592 213 12 14 0.187
939 214 12 15 0.184
347 268 9 12 0.184
55 411 20 22 0.183
838 248 14 18 0.180
873 374 14 17 0.178
158 325 11 14 0.175
267 258 9 12 0.173
55 264 8 10 0.173
362 273 9 12 0.169
286 335 13 15 0.168
420 336 14 17 0.166
632 228 10 13 0.166
69 297 12 14 0.164
375 271 10 12 0.164
781 200 10 12 0.161
95 301 10 13 0.161
753 203 11 12 0.157
160 328 11 14 0.157
149 225 7 9 0.156
319 404 22 28 0.155
364 202 8 9 0.151
503 366 14 16 0.149
189 323 14 17 0.148
152 211 6 8 0.145
264 257 9 11 0.142
332 209 9 11 0.141
636 338 16 19 0.140
963 237 14 17 0.137
332 255 8 10 0.135
869 224 14 17 0.132
333 303 10 13 0.132
213 353 14 17 0.131
155 276 9 12 0.125
156 210 8 9 0.125
34 280 9 13 0.121
155 361 16 20 0.119
723 212 13 16 0.115
275 230 7 9 0.112
587 182 8 10 0.110
251 211 7 9 0.109
430 202 9 12 0.108
314 226 8 9 0.107
391 213 9 12 0.107
148 255 8 10 0.105
240 277 9 10 0.104
402 207 10 13 0.101
328 279 10 11 0.101
80 261 9 11 0.099
941 325 14 19 0.098
443 239 9 11 0.096
27 306 11 14 0.094
708 199 9 12 0.091
893 435 22 28 0.090
557 207 11 14 0.090
211 258 10 11 0.088
331 299 10 13 0.088
79 346 15 17 0.087
225 209 8 10 0.087
906 324 14 19 0.081
154 391 15 17 0.079
527 334 14 17 0.079
259 350 16 18 0.079
894 193 10 13 0.077
792 206 12 14 0.075
242 268 8 9 0.075
346 214 8 10 0.074
802 440 18 24 0.071
351 291 10 13 0.070
213 296 10 13 0.070
208 209 7 9 0.069
255 216 7 9 0.069
7 323 10 15 0.069
0 549 10 24 0.067
352 306 10 14 0.066
313 197 8 9 0.066
667 206 10 12 0.066
840 241 12 16 0.065
519 341 13 16 0.065
256 255 8 10 0.062
147 258 9 12 0.061
398 302 10 13 0.061
948 214 12 14 0.061
887 194 12 13 0.060
498 215 10 13 0.059
483 299 13 16 0.058
149 319 11 14 0.056
2 305 9 12 0.056
914 184 7 10 0.056
426 295 10 13 0.056
149 218 9 10 0.055
408 404 17 21 0.055
371 236 9 11 0.055
101 513 20 26 0.054
107 216 7 9 0.054
870 207 12 14 0.054
318 196 8 9 0.054
511 392 16 22 0.053
389 279 9 13 0.053
118 298 11 14 0.052
210 358 16 20 0.052
88 464 18 23 0.052
751 205 11 13 0.051
141 322 11 12 0.051
364 199 8 9 0.051
253 274 9 11 0.050
798 212 11 15 0.050
292 273 9 10 0.050
619 268 12 15 0.050
639 334 13 16 0.049
831 366 14 16 0.049
918 403 16 18 0.049
372 322 14 18 0.049
346 303 10 14 0.047
438 233 10 12 0.046
256 345 14 17 0.046
110 178 6 8 0.046
829 215 12 15 0.046
746 361 14 20 0.045
96 510 20 27 0.045
534 207 10 12 0.044
389 210 8 11 0.044
399 272 9 11 0.044
707 207 11 13 0.044
154 321 13 16 0.043
303 300 10 13 0.042
390 241 7 10 0.042
967 376 17 19 0.042
44 275 9 12 0.041
642 339 13 16 0.041
149 209 6 8 0.041
434 197 7 9 0.040
160 370 15 18 0.040
129 206 6 8 0.039
741 221 11 15 0.039
630 371 17 22 0.039
548 332 14 18 0.038
304 249 8 10 0.038
225 228 8 9 0.038
0 266 7 11 0.038
336 197 7 9 0.038
119 216 7 9 0.038
0 447 9 26 0.037
190 313 11 14 0.037
799 355 16 20 0.037
942 290 13 17 0.037
865 252 11 13 0.037
601 182 11 11 0.037
224 314 11 16 0.037
139 361 13 16 0.036
155 302 10 13 0.036
1000 220 14 18 0.036
924 228 13 17 0.036
45 220 6 8 0.036
516 344 11 16 0.036
1 448 14 27 0.035
220 229 7 9 0.035
774 361 16 20 0.034
501 357 13 18 0.034
664 202 9 11 0.034
223 351 15 16 0.033
0 421 10 32 0.033
71 260 9 11 0.032
394 354 15 19 0.032
211 227 7 9 0.032
761 491 32 45 0.031
836 223 12 15 0.031
436 358 14 18 0.031
895 321 12 16 0.031
353 235 8 10 0.031
871 406 14 17 0.030
745 212 11 14 0.030
469 229 10 12 0.030
933 345 13 18 0.029
113 215 7 9 0.029
869 252 10 13 0.029
835 215 12 14 0.029
99 235 7 9 0.028
127 464 22 27 0.028
503 198 9 11 0.028
704 199 9 11 0.028
829 179 11 12 0.028
224 233 7 10 0.028
394 301 11 13 0.027
66 227 7 8 0.027
110 215 8 10 0.026
911 254 15 18 0.026
905 330 15 19 0.026
634 342 16 20 0.026
483 234 10 12 0.026
934 337 14 19 0.025
804 435 15 18 0.025
306 259 9 11 0.025
566 324 13 15 0.025
0 428 7 34 0.024
102 236 8 9 0.024
888 390 14 18 0.024
938 322 12 17 0.024
778 359 16 20 0.024
432 379 17 20 0.024
206 372 17 21 0.023
961 543 33 33 0.023
502 195 9 11 0.023
830 184 13 14 0.023
541 209 9 11 0.023
992 550 26 28 0.023
12 222 6 7 0.023
342 392 16 18 0.023
684 191 7 9 0.022
183 306 9 12 0.022
108 337 14 16 0.022
400 304 11 14 0.022
410 198 8 10 0.021
25 492 17 22 0.021
170 484 22 28 0.021
336 245 7 10 0.021
389 345 14 19 0.021
114 180 6 8 0.021
206 195 7 8 0.021
430 196 8 9 0.021
255 221 7 10 0.021
523 244 11 14 0.020
226 239 8 10 0.020
343 321 11 14 0.020
225 197 6 8 0.020
541 313 12 15 0.020
66 230 8 9 0.020
53 208 6 7 0.019
124 207 7 8 0.019
441 356 12 15 0.019
316 174 9 10 0.019
545 391 16 20 0.019
132 301 10 12 0.018
6 453 16 24 0.018
0 550 18 23 0.018
65 291 10 13 0.018
201 185 7 9 0.018
11 222 5 7 0.018
683 193 8 11 0.017
875 368 13 18 0.017
522 238 10 14 0.017
197 317 11 15 0.017
429 373 16 22 0.017
925 405 19 22 0.017
868 280 14 19 0.017
185 304 10 13 0.017
291 343 13 17 0.017
159 357 13 16 0.017
372 248 8 9 0.017
275 256 9 12 0.016
4 207 6 7 0.016
221 331 12 16 0.016
798 201 9 13 0.016
508 391 15 18 0.016
145 208 8 10 0.016
898 427 20 24 0.016
801 342 13 17 0.016
112 204 6 8 0.016
904 352 14 16 0.016
69 208 6 7 0.016
83 212 7 8 0.015
1008 393 18 25 0.015
750 222 12 15 0.015
1014 214 9 14 0.015
918 390 20 21 0.015
948 210 10 13 0.015
296 380 16 22 0.015
227 355 14 18 0.015
76 315 12 15 0.015
51 212 6 8 0.015
430 362 15 20 0.015
36 237 7 8 0.015
1012 540 11 34 0.015
838 342 14 18 0.014
593 209 10 13 0.014
157 195 7 8 0.014
643 346 14 17 0.014
211 272 8 10 0.014
513 376 13 19 0.014
838 329 15 17 0.014
209 231 8 10 0.014
106 341 15 17 0.014
187 235 8 9 0.014
974 246 15 19 0.013
474 248 11 13 0.013
33 233 7 8 0.013
584 275 13 15 0.013
486 204 9 11 0.013
341 256 8 10 0.013
367 245 8 10 0.013
807 437 15 20 0.013
668 216 10 12 0.013
94 294 10 12 0.013
931 263 13 16 0.013
521 234 10 13 0.013
148 227 7 10 0.013
357 404 17 23 0.013
320 171 9 11 0.013
31 261 8 10 0.013
623 296 11 14 0.013
192 235 7 9 0.013
495 271 10 12 0.012
872 251 12 17 0.012
393 296 10 13 0.012
985 396 16 23 0.012
11 238 6 9 0.012
543 259 9 11 0.012
412 467 20 21 0.012
126 448 19 22 0.012
147 452 19 23 0.012
36 338 13 18 0.012
39 344 14 18 0.012
94 519 23 27 0.012
581 293 12 15 0.012
99 230 6 9 0.012
958 434 22 26 0.012
534 339 16 17 0.012
843 321 13 15 0.012
882 396 15 20 0.011
110 404 18 25 0.011
795 198 8 11 0.011
306 209 11 14 0.011
298 242 9 11 0.011
385 527 25 30 0.011
486 268 11 13 0.011
37 204 6 6 0.011
199 183 7 8 0.011
953 249 16 18 0.011
53 224 7 7 0.011
743 227 10 13 0.011
629 475 19 23 0.011
113 176 9 10 0.011
73 213 7 9 0.011
282 234 9 10 0.011
230 198 7 7 0.011
5 211 6 8 0.011
805 446 19 25 0.011
15 236 7 9 0.011
309 232 8 11 0.010
634 227 12 14 0.010
632 364 16 20 0.010
902 195 9 12 0.010
965 383 15 18 0.010
496 298 10 13 0.010
17 208 6 7 0.010
