2_Demonstration_Demonstration_Or_Protest_2_795
121
450 435 139 157 0.866
619 147 12 14 0.459
408 141 11 14 0.442
445 139 10 11 0.438
588 139 11 12 0.403
465 132 11 13 0.391
369 140 11 13 0.327
261 134 11 13 0.319
133 142 9 11 0.307
655 128 9 11 0.306
676 147 11 13 0.273
223 135 9 11 0.264
753 140 12 14 0.243
164 151 10 12 0.228
750 142 12 14 0.212
382 138 11 12 0.205
91 146 8 10 0.202
616 145 12 14 0.195
108 144 8 10 0.194
333 140 10 12 0.179
531 139 11 13 0.171
574 136 10 12 0.166
334 136 10 12 0.165
188 139 10 12 0.157
551 138 10 12 0.152
236 138 8 10 0.135
301 140 10 13 0.132
677 137 10 13 0.129
612 144 11 13 0.126
73 141 8 8 0.124
482 143 11 13 0.118
568 140 9 12 0.110
677 133 10 11 0.108
623 148 11 14 0.097
593 137 10 13 0.089
442 139 9 11 0.083
186 141 10 12 0.081
625 141 11 14 0.081
535 140 11 13 0.077
333 131 10 12 0.067
305 142 9 10 0.065
658 149 11 13 0.065
339 138 10 12 0.062
719 141 10 11 0.061
307 136 10 12 0.059
488 137 10 12 0.055
627 139 10 12 0.055
52 156 8 10 0.052
124 144 9 11 0.050
346 144 10 11 0.048
71 141 8 10 0.046
725 139 11 13 0.043
265 137 10 12 0.042
711 135 10 12 0.041
542 130 9 10 0.040
75 140 9 10 0.040
162 153 10 13 0.039
731 141 9 11 0.039
548 131 10 12 0.037
412 143 11 14 0.036
491 135 10 12 0.036
818 135 6 8 0.036
468 130 11 13 0.035
189 143 10 13 0.035
313 148 9 9 0.035
234 134 9 10 0.034
656 128 12 14 0.033
704 138 10 11 0.032
49 159 9 11 0.031
668 150 10 12 0.031
715 132 9 11 0.031
153 140 9 9 0.031
510 158 9 11 0.031
49 154 8 9 0.030
697 140 10 12 0.030
710 132 9 11 0.030
760 138 11 13 0.029
695 145 10 11 0.029
385 134 9 12 0.027
699 144 10 11 0.027
68 144 10 11 0.027
477 143 12 13 0.026
343 145 10 13 0.026
240 138 9 11 0.025
446 144 10 11 0.024
106 141 9 10 0.024
605 133 10 11 0.023
224 133 13 15 0.022
307 132 10 10 0.022
538 143 11 13 0.022
400 144 11 12 0.022
520 182 16 21 0.022
767 143 10 12 0.022
566 144 11 12 0.021
722 143 9 12 0.020
632 134 11 13 0.020
346 149 11 14 0.020
634 130 9 11 0.019
344 132 9 10 0.018
298 144 11 13 0.017
589 134 10 13 0.016
58 158 8 10 0.016
615 131 10 12 0.015
693 151 9 11 0.015
40 172 8 10 0.015
416 136 10 13 0.014
28 161 9 11 0.014
91 150 9 12 0.014
755 133 11 13 0.014
332 127 9 11 0.013
90 144 12 14 0.013
425 130 9 11 0.012
572 132 8 10 0.012
459 125 9 11 0.012
770 137 10 12 0.011
592 144 11 13 0.011
106 143 12 14 0.011
780 136 8 11 0.011
768 145 10 13 0.010
409 149 11 13 0.010
235 135 11 14 0.010
