2_Demonstration_Demonstration_Or_Protest_2_799
141
277 302 15 19 0.709
164 225 14 20 0.675
197 223 12 15 0.658
469 268 13 16 0.646
621 237 11 14 0.635
27 209 15 16 0.633
56 257 15 21 0.631
363 304 16 20 0.628
872 233 11 14 0.625
166 277 15 16 0.622
666 321 13 15 0.611
266 282 11 15 0.606
118 269 16 18 0.594
877 309 14 16 0.570
595 204 8 10 0.550
556 198 8 10 0.550
212 313 14 15 0.491
433 227 11 13 0.462
809 306 12 16 0.427
463 241 10 12 0.366
801 235 10 12 0.361
650 230 8 10 0.330
720 326 11 13 0.320
859 242 9 13 0.315
615 191 7 8 0.304
855 271 10 14 0.286
398 123 10 13 0.254
191 222 15 16 0.251
352 287 11 13 0.233
690 332 10 13 0.226
910 236 9 10 0.220
313 286 11 13 0.217
227 244 16 20 0.217
701 126 13 15 0.180
641 223 8 10 0.178
367 200 10 12 0.166
150 211 12 14 0.162
152 260 13 17 0.145
659 198 7 8 0.141
804 237 10 12 0.140
450 185 10 13 0.119
408 261 9 12 0.101
370 203 8 10 0.093
495 229 6 8 0.092
311 232 12 15 0.091
407 233 7 9 0.088
484 196 10 12 0.087
403 233 9 10 0.087
507 236 6 9 0.078
647 229 9 11 0.075
727 299 8 11 0.066
326 186 12 14 0.061
687 199 7 9 0.058
365 198 9 11 0.057
389 286 9 13 0.052
710 302 8 9 0.051
812 253 8 11 0.050
805 304 12 16 0.049
864 239 11 13 0.048
631 230 10 12 0.047
352 281 11 14 0.046
618 191 7 9 0.045
759 217 13 15 0.045
409 255 10 13 0.045
487 205 9 11 0.042
612 282 11 13 0.041
205 265 12 18 0.040
560 199 7 9 0.038
607 254 9 12 0.037
164 273 15 17 0.037
111 316 13 14 0.036
493 227 7 8 0.035
731 293 12 14 0.034
416 265 10 12 0.032
1010 240 9 11 0.032
349 270 10 13 0.032
724 301 8 10 0.031
946 230 9 10 0.031
495 228 9 10 0.030
790 234 9 10 0.030
689 198 6 9 0.029
640 216 7 9 0.029
478 237 8 9 0.029
660 197 9 10 0.028
146 210 11 13 0.028
489 232 8 10 0.027
430 229 10 13 0.027
113 218 7 9 0.026
327 265 11 13 0.026
250 229 8 11 0.026
758 221 12 14 0.025
917 309 12 16 0.025
665 199 7 8 0.024
685 204 7 9 0.023
259 196 9 12 0.023
910 239 10 13 0.022
60 253 14 18 0.021
809 300 11 14 0.020
207 261 12 17 0.020
743 286 12 16 0.020
576 241 7 9 0.019
640 212 7 8 0.019
329 188 10 14 0.019
106 266 14 16 0.019
202 262 13 18 0.018
764 218 11 15 0.018
500 232 8 10 0.018
689 336 10 13 0.018
351 290 11 17 0.018
324 184 11 14 0.018
132 217 8 9 0.017
870 297 9 12 0.017
764 303 13 14 0.017
646 309 8 12 0.017
882 305 13 16 0.017
422 348 20 24 0.016
867 233 10 13 0.016
438 226 10 12 0.016
364 207 10 12 0.016
208 256 10 16 0.016
260 286 13 16 0.015
208 271 11 17 0.015
411 265 10 13 0.015
482 195 9 11 0.014
251 212 10 14 0.014
202 272 13 16 0.014
148 254 15 18 0.013
706 125 11 15 0.012
295 262 7 10 0.012
289 217 9 12 0.012
498 227 6 7 0.012
915 307 11 16 0.012
923 264 13 16 0.012
917 302 12 16 0.012
420 266 9 12 0.011
307 227 11 14 0.011
241 236 12 16 0.011
741 292 11 14 0.011
381 296 11 14 0.011
855 244 10 13 0.010
146 215 10 13 0.010
