2_Demonstration_Demonstrators_2_244
62
427 114 50 62 0.798
728 155 56 84 0.798
250 174 28 31 0.703
204 170 16 17 0.618
843 141 25 29 0.600
711 185 25 39 0.538
615 133 21 24 0.446
941 118 27 30 0.348
303 166 10 13 0.342
714 176 33 53 0.336
71 152 15 18 0.325
337 173 10 15 0.273
166 178 16 20 0.242
111 223 36 41 0.232
541 135 26 32 0.231
28 191 7 8 0.215
361 174 10 12 0.168
95 169 23 27 0.150
905 134 18 21 0.138
411 171 22 27 0.116
331 175 12 13 0.109
49 188 7 9 0.106
383 173 10 14 0.104
305 169 10 11 0.100
1016 116 8 22 0.094
338 170 10 13 0.085
174 181 16 19 0.083
688 141 24 30 0.068
672 146 17 23 0.063
902 161 28 35 0.057
33 190 6 9 0.043
276 177 8 14 0.043
617 142 21 23 0.041
392 193 10 13 0.040
874 71 11 13 0.037
316 173 8 10 0.037
115 208 37 44 0.036
113 236 21 27 0.033
669 150 14 17 0.031
371 173 10 11 0.031
944 129 30 32 0.026
91 168 18 23 0.024
904 130 13 19 0.023
527 153 22 28 0.019
324 175 8 11 0.017
334 181 10 13 0.017
387 175 11 15 0.016
691 158 21 25 0.016
133 224 34 37 0.016
157 180 16 18 0.015
535 160 25 30 0.014
1 177 7 12 0.014
992 135 15 21 0.013
278 177 8 11 0.012
4 184 6 10 0.012
69 151 12 16 0.012
901 143 26 30 0.011
115 239 30 31 0.011
394 193 12 16 0.011
948 114 21 26 0.011
961 122 24 31 0.011
522 159 23 30 0.011
