2_Demonstration_Political_Rally_2_264
588
441 500 16 22 0.673
679 589 18 23 0.652
613 472 13 16 0.646
237 574 18 24 0.642
652 468 14 17 0.627
581 463 15 18 0.604
335 457 16 18 0.590
623 564 17 21 0.571
340 360 12 14 0.549
601 515 15 19 0.543
280 347 11 13 0.531
531 510 17 18 0.509
141 483 15 18 0.506
905 404 12 14 0.500
731 439 11 13 0.493
397 425 13 15 0.481
988 522 15 18 0.479
387 549 18 22 0.478
94 358 12 14 0.475
600 366 9 13 0.468
55 345 11 13 0.464
693 373 9 12 0.452
308 330 10 13 0.445
331 313 9 12 0.442
585 599 18 21 0.441
335 399 12 14 0.440
42 363 11 13 0.429
710 503 16 20 0.410
488 574 18 21 0.408
791 365 10 11 0.398
312 512 18 22 0.396
799 406 12 14 0.388
110 346 10 12 0.382
242 393 13 16 0.381
958 386 12 14 0.368
454 451 14 19 0.367
1004 397 11 15 0.364
787 457 12 15 0.359
49 378 12 14 0.353
28 459 14 17 0.352
101 503 19 24 0.349
321 389 11 14 0.347
362 405 12 16 0.342
154 335 11 13 0.339
512 409 13 16 0.329
447 350 10 12 0.327
480 517 15 18 0.325
666 406 13 15 0.323
453 425 11 15 0.288
465 347 11 13 0.278
641 354 9 10 0.265
332 396 12 15 0.258
360 525 15 20 0.258
496 331 10 13 0.237
338 416 14 15 0.233
860 411 12 14 0.231
269 450 15 20 0.231
235 548 17 21 0.229
170 531 13 16 0.227
499 511 14 17 0.218
409 318 9 11 0.217
620 366 9 11 0.216
524 331 10 12 0.212
422 330 10 12 0.210
58 291 9 11 0.208
486 312 9 12 0.207
142 449 14 18 0.207
97 415 14 18 0.206
613 419 12 14 0.203
215 366 12 15 0.199
616 417 12 14 0.192
335 404 13 16 0.190
669 366 9 11 0.188
457 326 10 11 0.186
739 600 17 21 0.185
219 546 17 22 0.184
723 423 10 12 0.179
477 481 14 19 0.176
212 329 11 13 0.173
334 416 14 17 0.172
205 305 8 9 0.169
814 422 10 13 0.164
920 386 9 12 0.164
384 344 10 12 0.160
211 370 12 14 0.159
416 347 11 13 0.159
45 368 11 15 0.156
165 548 19 25 0.155
417 390 12 15 0.155
803 406 11 13 0.151
193 365 12 14 0.151
456 303 8 10 0.149
551 338 9 11 0.149
962 452 16 19 0.149
419 394 13 17 0.147
214 333 11 12 0.146
278 412 14 17 0.141
491 401 11 14 0.139
677 339 8 10 0.139
194 371 12 15 0.139
23 299 9 11 0.136
107 506 16 22 0.133
786 329 9 10 0.131
87 475 14 20 0.130
3 330 9 12 0.130
743 339 8 10 0.129
1 365 8 13 0.126
78 327 10 11 0.122
346 325 9 11 0.117
36 432 13 18 0.117
283 410 13 16 0.115
376 534 18 22 0.111
165 487 15 18 0.111
843 418 9 11 0.107
197 291 8 10 0.106
752 360 9 11 0.106
810 349 9 10 0.106
813 539 12 14 0.106
81 326 9 11 0.105
230 546 17 21 0.105
390 318 8 10 0.104
721 336 9 12 0.104
39 354 11 12 0.103
371 427 13 16 0.103
235 350 11 14 0.102
372 432 13 17 0.102
933 589 17 22 0.102
279 304 8 10 0.098
1003 425 14 18 0.098
153 360 12 13 0.095
124 323 9 11 0.094
425 363 11 13 0.093
555 320 9 10 0.088
190 363 12 15 0.088
426 329 9 11 0.086
365 410 12 17 0.086
621 422 12 14 0.085
45 414 12 15 0.084
283 346 12 15 0.083
142 591 16 20 0.083
248 269 6 8 0.083
410 497 14 18 0.082
89 393 12 16 0.082
417 335 10 12 0.081
608 420 12 14 0.080
526 478 13 16 0.080
62 471 14 19 0.080
261 578 17 22 0.080
38 362 11 14 0.078
741 607 17 20 0.078
327 558 16 21 0.078
31 320 8 11 0.078
288 410 12 17 0.077
321 512 15 21 0.077
548 336 10 12 0.077
24 490 14 18 0.076
1 360 8 13 0.076
541 334 9 11 0.075
37 351 10 12 0.075
560 577 16 21 0.075
216 539 16 23 0.075
686 463 16 19 0.073
487 582 17 19 0.072
140 424 14 18 0.072
53 378 12 14 0.072
538 332 9 11 0.071
646 307 7 9 0.071
30 453 15 19 0.070
37 345 9 13 0.069
554 337 9 11 0.069
79 442 13 17 0.067
420 335 10 13 0.067
415 471 14 18 0.067
265 391 12 13 0.065
490 314 9 11 0.065
4 291 8 11 0.065
193 360 11 15 0.065
178 514 17 20 0.064
458 305 8 10 0.064
557 323 8 10 0.063
7 440 11 15 0.062
182 431 13 15 0.062
271 457 16 20 0.062
537 503 16 19 0.061
352 427 13 14 0.061
157 361 12 14 0.060
329 416 14 16 0.060
62 291 9 11 0.059
2 368 8 15 0.059
591 335 9 12 0.059
593 339 9 10 0.058
35 326 10 12 0.057
728 379 9 11 0.057
214 549 16 23 0.057
306 333 10 12 0.057
678 336 9 11 0.056
645 578 14 19 0.055
744 378 10 13 0.055
519 331 10 12 0.055
450 432 13 17 0.055
356 429 12 15 0.055
277 326 10 12 0.054
119 369 9 12 0.054
140 394 12 14 0.054
96 506 18 23 0.054
863 344 8 10 0.054
291 427 13 17 0.053
72 335 10 13 0.053
217 360 11 15 0.052
233 347 11 14 0.051
374 437 13 16 0.051
715 587 15 20 0.050
401 303 8 10 0.050
421 402 12 17 0.050
291 436 13 18 0.049
223 372 10 13 0.049
382 347 10 11 0.049
514 449 14 18 0.048
677 342 9 12 0.048
723 309 7 9 0.048
900 401 12 15 0.048
340 458 16 19 0.047
8 315 9 11 0.047
36 336 9 13 0.047
28 311 9 13 0.047
811 478 12 15 0.046
283 559 15 21 0.046
32 317 8 11 0.046
557 318 8 10 0.046
208 303 9 10 0.046
737 596 16 19 0.045
741 421 11 13 0.044
466 363 12 13 0.044
660 298 6 8 0.043
644 290 6 7 0.043
5 323 10 13 0.043
601 324 8 9 0.043
425 401 13 16 0.042
250 268 7 8 0.042
79 322 9 12 0.042
233 504 16 21 0.042
419 367 12 16 0.041
288 432 13 18 0.041
171 515 16 20 0.041
472 346 10 12 0.041
208 324 11 14 0.040
294 446 13 17 0.040
176 351 10 14 0.040
813 331 7 9 0.040
554 325 8 12 0.040
286 422 14 17 0.040
859 372 9 12 0.040
763 326 8 9 0.040
310 332 10 13 0.039
616 446 12 17 0.039
415 385 11 14 0.039
65 357 9 13 0.039
918 382 10 12 0.038
310 307 9 10 0.038
243 386 11 15 0.038
10 442 12 16 0.038
622 298 8 10 0.038
533 284 8 9 0.038
244 268 7 8 0.038
86 397 12 16 0.037
697 305 7 8 0.037
137 390 11 15 0.037
737 378 10 12 0.037
169 493 15 20 0.037
110 386 12 15 0.037
349 539 18 21 0.037
733 420 11 12 0.036
230 356 11 15 0.036
120 328 10 13 0.036
149 357 11 12 0.036
793 337 8 9 0.036
681 580 16 21 0.036
744 343 9 11 0.035
927 362 10 11 0.035
524 322 8 10 0.035
71 413 13 14 0.035
412 389 12 15 0.035
9 377 11 15 0.034
709 499 13 19 0.034
159 514 17 20 0.034
184 436 13 14 0.034
186 396 12 16 0.034
833 317 8 8 0.033
461 298 7 10 0.033
328 535 16 20 0.033
752 467 11 16 0.033
839 418 10 12 0.033
926 326 8 8 0.033
947 507 14 16 0.032
457 423 11 15 0.032
705 335 8 10 0.032
879 375 10 13 0.032
349 325 10 12 0.031
170 467 13 17 0.031
36 437 15 19 0.031
766 377 10 12 0.031
620 362 9 10 0.031
228 344 10 13 0.031
279 562 17 23 0.031
962 385 11 15 0.030
321 314 9 11 0.030
106 317 9 11 0.030
366 523 15 19 0.030
397 308 10 11 0.030
276 346 11 14 0.030
1010 428 11 18 0.030
109 300 8 11 0.030
829 471 11 16 0.030
542 322 9 10 0.029
237 509 16 21 0.029
157 410 13 16 0.029
366 529 16 20 0.029
167 527 19 24 0.029
378 345 9 10 0.029
6 376 11 15 0.029
214 265 7 9 0.029
733 355 8 10 0.029
275 319 11 13 0.029
621 295 8 10 0.028
362 344 9 11 0.028
391 489 15 17 0.028
100 288 8 10 0.028
265 461 15 19 0.028
515 406 12 16 0.028
594 490 13 17 0.028
258 526 16 21 0.027
421 361 11 14 0.027
721 341 8 11 0.027
281 374 12 14 0.027
738 419 11 13 0.027
568 404 11 13 0.027
102 456 14 18 0.027
370 530 17 22 0.027
865 391 11 13 0.027
105 383 11 13 0.027
512 489 15 17 0.027
19 480 14 18 0.027
192 379 13 16 0.026
48 527 17 22 0.026
27 487 16 20 0.026
246 480 15 19 0.026
73 439 14 19 0.026
35 384 12 15 0.026
555 314 9 12 0.026
521 483 14 18 0.025
102 287 9 11 0.025
929 326 8 9 0.025
134 395 12 15 0.025
445 435 12 16 0.025
807 479 12 16 0.025
814 337 8 9 0.024
297 424 12 17 0.024
155 407 13 16 0.024
567 486 11 15 0.024
4 362 9 13 0.024
251 303 8 10 0.024
5 334 9 11 0.024
61 467 13 17 0.024
290 316 9 10 0.024
250 271 7 8 0.024
155 365 12 14 0.024
309 482 13 16 0.023
401 483 15 19 0.023
344 331 10 12 0.023
374 526 16 19 0.023
649 574 14 19 0.022
745 370 10 12 0.022
718 505 14 18 0.022
814 326 9 11 0.022
466 383 12 14 0.022
235 424 12 15 0.022
594 342 9 11 0.022
208 452 15 20 0.022
393 319 9 12 0.022
173 559 17 24 0.021
921 406 11 15 0.021
173 575 16 23 0.021
597 366 9 12 0.021
487 512 15 18 0.021
659 294 7 8 0.020
237 307 8 9 0.020
755 302 7 7 0.020
190 375 12 15 0.020
47 417 13 16 0.020
342 337 10 12 0.020
916 406 11 15 0.020
274 310 10 12 0.020
761 324 7 9 0.020
844 360 9 11 0.020
246 394 12 16 0.020
485 589 17 20 0.020
53 524 17 22 0.020
354 544 17 20 0.020
866 407 12 15 0.019
748 338 8 10 0.019
19 241 7 8 0.019
144 391 13 15 0.019
396 381 11 13 0.019
589 493 13 16 0.019
172 538 16 21 0.019
811 435 11 15 0.019
79 356 10 13 0.019
43 382 12 16 0.019
622 301 10 12 0.019
519 317 8 10 0.019
483 291 8 9 0.019
565 577 17 21 0.018
859 415 11 14 0.018
859 495 11 16 0.018
30 387 12 14 0.018
1002 423 12 15 0.018
925 386 10 14 0.018
836 348 8 10 0.018
477 304 8 10 0.018
40 434 14 19 0.018
677 329 8 10 0.018
121 366 10 12 0.018
754 432 10 13 0.018
662 365 9 11 0.018
911 420 12 14 0.018
447 426 12 16 0.018
817 476 12 15 0.018
756 435 10 13 0.018
34 523 17 21 0.018
983 522 16 19 0.017
259 126 10 12 0.017
702 337 8 9 0.017
898 421 12 14 0.017
962 419 14 18 0.017
943 506 13 16 0.017
814 428 11 14 0.017
297 448 14 18 0.017
871 436 12 17 0.017
397 303 8 10 0.017
92 243 7 8 0.017
896 296 6 7 0.017
1017 345 7 13 0.017
22 463 15 18 0.017
331 492 15 18 0.017
158 544 18 23 0.016
921 374 10 13 0.016
23 525 16 21 0.016
625 366 10 12 0.016
18 244 8 9 0.016
733 302 7 9 0.016
807 459 10 13 0.016
475 523 15 20 0.016
328 421 14 16 0.016
284 293 8 10 0.016
685 301 7 9 0.016
672 359 8 12 0.016
356 383 11 14 0.016
384 346 12 15 0.016
47 404 12 16 0.016
392 380 11 14 0.016
10 438 11 13 0.015
272 415 14 18 0.015
197 323 10 13 0.015
764 498 13 17 0.015
746 398 10 13 0.015
150 551 18 22 0.015
330 458 15 19 0.015
243 489 16 22 0.015
749 420 10 12 0.015
170 475 14 19 0.015
1002 318 9 10 0.015
836 362 9 11 0.015
4 379 9 15 0.015
508 302 8 9 0.015
768 500 12 16 0.015
246 306 9 11 0.015
204 300 11 14 0.015
193 290 8 11 0.015
250 297 9 12 0.015
966 423 13 17 0.015
129 330 9 12 0.015
640 582 15 20 0.014
75 314 8 11 0.014
267 465 15 19 0.014
900 315 6 8 0.014
982 318 9 10 0.014
836 351 8 11 0.014
875 317 8 9 0.014
413 405 12 16 0.014
647 308 8 9 0.014
245 337 10 13 0.014
339 366 12 15 0.014
199 316 9 13 0.014
273 361 11 14 0.014
387 392 11 14 0.013
734 299 7 9 0.013
243 271 7 9 0.013
464 368 12 15 0.013
788 366 10 12 0.013
185 450 16 20 0.013
833 446 12 15 0.013
711 353 9 10 0.013
827 363 9 11 0.013
383 325 9 11 0.013
286 291 9 10 0.013
645 369 9 12 0.013
554 310 9 9 0.013
837 316 8 9 0.013
309 384 10 13 0.013
925 402 11 14 0.013
29 525 17 22 0.013
137 436 13 18 0.013
878 416 10 13 0.013
185 522 14 19 0.013
268 573 15 21 0.013
775 398 11 15 0.013
622 306 8 11 0.013
134 563 16 20 0.013
617 412 11 14 0.013
573 302 8 10 0.013
622 558 16 20 0.013
247 333 10 12 0.013
435 366 10 13 0.012
297 440 14 17 0.012
225 384 11 15 0.012
101 341 9 11 0.012
280 250 7 8 0.012
17 493 14 19 0.012
769 323 7 9 0.012
856 374 9 12 0.012
62 480 15 20 0.012
877 315 7 9 0.012
625 309 8 10 0.012
483 576 17 22 0.012
869 441 12 17 0.012
145 442 13 18 0.012
415 317 8 10 0.012
111 393 12 15 0.012
771 329 8 10 0.012
946 365 10 12 0.012
843 546 14 19 0.012
389 388 12 15 0.012
901 249 7 7 0.012
504 501 15 18 0.012
422 376 12 16 0.012
469 378 12 15 0.012
857 501 12 18 0.012
481 287 7 9 0.011
725 388 9 13 0.011
759 380 9 12 0.011
415 439 12 17 0.011
881 374 10 12 0.011
881 383 11 15 0.011
575 504 11 15 0.011
585 316 7 9 0.011
479 279 8 11 0.011
861 492 11 16 0.011
89 241 7 8 0.011
163 333 10 13 0.011
143 597 19 21 0.011
80 480 15 20 0.011
455 301 11 14 0.011
256 363 11 13 0.011
429 304 8 11 0.011
109 490 13 19 0.011
942 469 13 19 0.011
999 317 9 11 0.011
530 289 9 11 0.011
255 308 8 11 0.011
61 210 6 6 0.011
30 302 8 10 0.011
527 347 9 11 0.011
527 516 15 17 0.011
303 497 15 20 0.010
352 432 13 17 0.010
846 412 10 13 0.010
285 555 16 21 0.010
348 383 11 15 0.010
5 437 10 15 0.010
262 443 14 18 0.010
856 560 15 20 0.010
97 245 6 8 0.010
273 276 6 8 0.010
707 359 9 10 0.010
241 360 11 14 0.010
316 401 12 15 0.010
925 583 15 19 0.010
105 453 14 18 0.010
