2_Demonstration_Political_Rally_2_204
148
764 385 11 15 0.541
465 393 10 12 0.539
136 436 10 12 0.466
340 397 10 13 0.462
497 399 9 12 0.451
57 406 11 14 0.427
406 390 11 13 0.419
1002 386 8 11 0.409
384 394 10 12 0.389
421 392 9 11 0.379
226 436 11 14 0.306
924 390 8 10 0.297
277 400 10 13 0.283
446 398 8 10 0.267
168 431 8 11 0.265
413 391 10 13 0.250
528 401 9 11 0.238
203 429 9 12 0.235
279 401 11 13 0.215
659 389 10 13 0.206
60 406 11 12 0.174
118 428 8 10 0.171
139 434 10 13 0.158
130 433 10 11 0.133
579 392 10 12 0.131
838 393 8 11 0.127
25 403 10 11 0.123
493 399 9 12 0.110
483 392 8 10 0.104
320 395 9 11 0.102
518 322 5 5 0.101
825 404 8 9 0.099
941 385 8 10 0.099
191 359 5 6 0.099
403 390 10 11 0.097
526 399 8 11 0.096
676 392 8 11 0.095
832 398 9 11 0.087
839 384 9 12 0.086
549 398 10 11 0.081
811 396 7 8 0.075
690 410 8 10 0.075
125 366 6 6 0.074
247 434 7 8 0.072
173 427 8 9 0.069
532 401 10 11 0.069
152 430 8 10 0.066
247 418 7 8 0.065
477 392 9 11 0.062
171 432 9 11 0.061
750 409 8 10 0.061
249 432 8 9 0.060
712 411 7 9 0.058
870 370 6 7 0.058
252 417 7 8 0.056
980 409 8 10 0.054
235 362 5 6 0.052
205 421 9 9 0.051
896 378 7 10 0.049
657 392 10 13 0.047
1000 384 9 11 0.047
128 366 5 6 0.046
229 434 9 12 0.046
91 433 7 9 0.046
233 362 5 6 0.045
287 402 10 12 0.045
748 405 8 11 0.043
619 398 9 11 0.043
101 430 8 10 0.042
978 405 8 11 0.042
665 388 9 13 0.041
617 396 9 11 0.041
973 391 8 10 0.040
827 404 8 10 0.040
640 381 8 9 0.039
839 383 7 9 0.038
252 421 7 10 0.038
430 390 8 10 0.038
111 426 8 11 0.038
499 397 9 11 0.038
581 389 9 11 0.038
873 386 8 10 0.037
899 383 8 10 0.037
922 393 9 11 0.037
710 409 7 9 0.037
902 389 8 11 0.036
948 401 8 9 0.036
863 390 8 10 0.035
123 365 6 6 0.035
234 363 5 6 0.035
238 417 7 8 0.034
684 398 10 12 0.033
851 367 5 7 0.033
800 395 6 8 0.031
877 387 8 10 0.028
527 396 9 12 0.027
291 404 9 12 0.027
874 389 8 11 0.027
575 396 9 12 0.026
702 383 9 11 0.026
763 382 9 14 0.025
211 416 7 8 0.024
613 396 8 10 0.023
692 414 8 9 0.023
105 422 7 8 0.023
938 391 9 11 0.022
215 428 9 12 0.022
442 400 8 11 0.020
944 386 9 10 0.020
912 391 8 10 0.020
473 390 9 11 0.020
379 422 9 12 0.019
531 404 9 11 0.019
569 344 5 6 0.019
381 392 9 11 0.018
979 412 8 11 0.017
715 414 7 10 0.017
316 394 8 10 0.016
189 359 5 6 0.016
882 392 8 10 0.016
977 388 8 10 0.016
715 409 10 11 0.016
993 377 7 9 0.016
565 405 8 10 0.016
321 399 9 11 0.015
570 345 5 6 0.015
386 398 10 13 0.015
131 421 7 9 0.015
554 339 5 6 0.015
708 415 8 9 0.015
970 391 7 9 0.014
981 404 8 11 0.014
29 402 9 11 0.013
322 389 8 10 0.013
845 385 9 11 0.013
648 376 7 9 0.013
87 429 7 10 0.012
748 413 7 10 0.012
280 396 8 11 0.012
418 275 19 24 0.012
124 364 8 9 0.012
821 393 8 9 0.011
811 400 8 10 0.011
196 422 8 8 0.011
570 338 4 5 0.011
794 397 8 9 0.011
864 404 7 10 0.010
569 334 4 5 0.010
