2_Demonstration_Demonstrators_2_307
943
54 198 11 14 0.619
650 118 10 12 0.617
743 115 11 13 0.616
752 169 10 12 0.610
282 344 12 16 0.601
112 255 13 15 0.600
923 239 10 13 0.593
587 91 10 11 0.592
702 78 10 13 0.591
607 148 10 12 0.591
468 82 10 13 0.589
380 93 10 12 0.584
437 72 9 12 0.579
846 212 9 12 0.579
742 59 9 12 0.578
907 216 10 13 0.575
246 67 10 12 0.574
429 103 10 12 0.573
725 21 10 13 0.572
403 72 10 12 0.570
876 46 10 12 0.565
76 430 14 17 0.563
742 194 10 13 0.563
555 35 10 11 0.561
848 325 11 14 0.560
203 453 14 17 0.560
1012 81 9 11 0.558
610 59 9 12 0.554
195 593 15 18 0.552
872 269 12 14 0.551
389 393 15 18 0.551
856 16 9 12 0.550
880 231 9 12 0.549
476 127 9 11 0.548
257 96 10 13 0.546
89 118 10 12 0.545
676 122 10 12 0.541
817 220 10 12 0.539
191 4 9 10 0.538
642 187 10 13 0.536
331 156 9 11 0.533
333 307 12 15 0.531
809 151 10 12 0.529
198 89 10 13 0.528
617 104 10 13 0.526
32 160 11 12 0.523
618 169 10 12 0.521
178 151 11 13 0.520
280 17 9 11 0.520
344 220 10 13 0.518
101 502 12 17 0.517
124 48 9 11 0.513
974 390 11 13 0.513
153 18 9 11 0.510
826 303 10 13 0.510
798 6 9 13 0.499
620 31 9 11 0.499
357 123 9 12 0.497
861 308 11 13 0.496
65 23 9 11 0.494
355 9 10 13 0.492
912 307 11 13 0.489
928 196 10 13 0.489
683 39 9 11 0.488
450 143 10 12 0.487
646 87 9 12 0.485
848 270 10 13 0.485
120 184 12 14 0.480
114 27 8 10 0.475
686 94 9 12 0.473
707 9 9 10 0.472
191 382 12 15 0.471
319 140 9 11 0.467
250 168 10 12 0.465
797 39 10 12 0.462
938 97 8 11 0.462
492 587 15 20 0.462
997 247 9 12 0.451
101 58 9 11 0.448
1009 350 11 14 0.448
437 210 11 13 0.448
485 103 8 11 0.446
987 87 9 12 0.440
154 264 11 14 0.437
725 176 9 12 0.436
524 73 11 12 0.435
778 1 8 10 0.434
50 128 10 11 0.432
343 47 10 12 0.425
988 24 8 10 0.419
73 84 8 11 0.419
209 23 8 11 0.408
242 34 9 11 0.406
373 161 9 12 0.405
425 335 15 17 0.401
33 96 9 11 0.398
412 106 9 11 0.398
134 339 14 17 0.396
524 412 15 17 0.396
376 43 9 12 0.392
574 130 9 11 0.392
917 261 10 12 0.389
544 131 8 12 0.388
412 174 11 12 0.384
385 7 10 12 0.378
348 34 9 11 0.371
827 191 9 11 0.369
888 17 9 10 0.364
144 78 9 11 0.349
206 499 12 18 0.348
672 51 8 11 0.346
799 210 9 11 0.345
482 47 10 11 0.340
847 4 9 9 0.335
689 20 8 10 0.335
63 480 13 17 0.332
394 194 11 12 0.329
100 39 8 10 0.325
796 207 10 12 0.319
670 10 8 9 0.319
528 34 9 11 0.318
895 165 10 12 0.317
298 190 10 13 0.317
152 91 10 13 0.317
845 54 10 12 0.315
694 59 7 10 0.312
741 17 8 10 0.301
356 143 9 11 0.301
150 380 12 16 0.298
653 -1 8 9 0.292
553 86 10 12 0.285
939 113 8 10 0.282
428 48 9 11 0.280
893 5 9 10 0.279
120 283 11 15 0.278
556 60 10 12 0.277
748 0 9 9 0.277
193 20 7 10 0.275
918 284 9 12 0.272
23 53 8 10 0.270
886 479 16 17 0.270
269 151 11 14 0.269
714 58 8 10 0.269
24 68 9 11 0.265
729 21 9 12 0.257
423 103 10 12 0.254
134 4 8 10 0.254
948 265 10 12 0.252
338 290 11 14 0.248
586 112 9 10 0.243
485 319 10 17 0.240
993 379 11 12 0.237
450 412 11 16 0.231
153 233 12 15 0.230
728 55 8 10 0.230
715 133 8 11 0.227
290 548 15 18 0.221
293 438 12 17 0.220
962 0 8 9 0.219
260 26 9 11 0.213
451 573 14 19 0.210
33 100 8 12 0.208
394 169 9 11 0.207
346 37 10 13 0.205
790 200 9 11 0.200
871 176 10 12 0.200
906 63 8 11 0.200
852 60 9 10 0.199
455 49 9 12 0.197
530 73 10 12 0.197
146 410 12 16 0.196
394 552 14 18 0.196
943 146 8 11 0.196
108 301 11 14 0.195
877 76 9 12 0.195
850 80 9 10 0.195
222 71 9 11 0.193
389 596 15 18 0.192
508 481 13 19 0.191
357 219 9 13 0.190
174 232 11 14 0.189
871 396 11 14 0.186
323 209 9 13 0.184
325 441 15 17 0.184
842 146 9 13 0.183
878 304 9 10 0.182
367 6 9 11 0.181
842 453 13 16 0.176
945 325 10 13 0.174
649 44 8 10 0.173
958 219 11 12 0.173
916 330 10 12 0.172
125 185 10 14 0.171
301 34 8 11 0.171
223 27 8 9 0.170
392 585 15 19 0.169
35 34 9 10 0.167
308 105 10 12 0.166
258 406 14 17 0.165
983 22 9 11 0.165
987 334 11 13 0.163
889 13 8 11 0.163
719 58 9 10 0.162
839 491 14 17 0.162
148 86 9 12 0.160
550 604 16 20 0.155
602 621 16 22 0.155
428 0 8 8 0.153
745 221 10 13 0.153
714 144 9 11 0.152
473 19 9 11 0.151
1011 21 8 10 0.149
287 553 15 16 0.148
884 2 8 9 0.142
89 56 8 11 0.136
475 22 8 10 0.136
279 559 15 18 0.134
34 106 9 11 0.133
59 131 8 9 0.133
193 7 9 12 0.133
558 635 15 15 0.133
716 104 8 11 0.132
973 18 9 11 0.131
360 499 14 19 0.131
241 201 10 12 0.129
238 36 9 10 0.128
845 145 10 12 0.128
798 13 10 14 0.128
390 60 8 11 0.127
268 130 9 11 0.127
39 142 10 13 0.124
837 239 9 11 0.123
718 56 8 10 0.123
44 48 8 9 0.123
585 527 14 16 0.122
228 2 8 10 0.122
369 5 8 9 0.121
939 108 9 12 0.120
650 575 13 15 0.120
498 44 9 11 0.120
573 127 8 10 0.120
988 2 9 10 0.119
89 4 8 10 0.119
703 368 11 14 0.118
793 297 9 12 0.118
668 52 10 11 0.117
997 233 9 12 0.117
225 3 9 10 0.117
600 98 11 13 0.116
771 159 9 11 0.115
144 102 9 13 0.111
85 24 8 10 0.111
510 477 13 18 0.111
902 135 9 10 0.110
711 529 15 21 0.109
476 351 13 17 0.108
358 8 10 13 0.108
672 68 9 11 0.108
676 45 9 11 0.108
611 146 10 13 0.107
505 4 7 8 0.107
178 258 9 13 0.107
935 168 9 11 0.107
369 345 12 18 0.106
527 522 13 17 0.104
868 175 10 12 0.103
947 349 10 13 0.102
881 2 8 10 0.101
269 138 10 13 0.101
543 135 8 11 0.101
867 397 12 15 0.101
640 83 11 13 0.100
832 319 9 12 0.098
964 417 14 16 0.097
432 523 13 18 0.097
613 514 15 18 0.096
320 266 12 14 0.096
978 20 9 11 0.095
522 52 10 11 0.095
977 259 10 12 0.095
856 60 8 10 0.094
506 517 14 18 0.094
773 63 9 12 0.094
61 131 8 10 0.094
145 1 8 10 0.091
223 2 8 10 0.091
257 454 16 20 0.091
958 255 9 11 0.091
974 223 10 12 0.091
391 591 14 18 0.091
908 308 11 13 0.089
113 292 12 16 0.089
196 257 10 13 0.087
615 169 10 12 0.086
531 312 12 15 0.086
564 158 9 10 0.085
738 618 15 17 0.084
169 335 11 14 0.083
294 128 9 12 0.083
1007 21 9 11 0.083
914 225 11 15 0.082
295 143 10 12 0.082
96 85 9 10 0.081
262 401 13 16 0.081
471 85 10 13 0.081
506 375 14 16 0.081
262 29 9 11 0.080
952 260 10 13 0.079
836 345 10 12 0.079
547 130 8 11 0.079
487 45 10 13 0.079
104 555 13 18 0.078
42 582 15 17 0.078
202 17 10 12 0.078
932 367 11 15 0.078
141 160 10 12 0.078
587 602 16 19 0.077
430 337 14 18 0.077
562 570 15 21 0.076
745 59 9 12 0.075
222 281 12 15 0.074
589 594 15 18 0.074
260 463 14 18 0.074
294 188 11 13 0.074
982 197 9 12 0.074
962 21 7 10 0.073
816 408 12 16 0.072
901 129 9 12 0.072
267 405 13 17 0.072
971 153 10 12 0.071
358 61 8 11 0.071
974 228 10 13 0.071
293 131 9 12 0.070
141 79 9 12 0.070
473 3 7 8 0.070
753 0 8 9 0.069
846 99 9 11 0.069
842 353 11 13 0.069
352 142 10 12 0.069
845 269 11 14 0.069
150 370 13 16 0.069
35 157 10 13 0.069
964 0 9 9 0.068
331 199 10 12 0.068
447 415 12 15 0.068
972 21 9 10 0.067
147 301 11 13 0.067
645 41 7 9 0.067
968 223 11 13 0.067
833 92 9 11 0.067
553 539 17 20 0.067
944 157 9 12 0.067
1004 116 7 11 0.066
599 480 13 17 0.066
235 71 9 11 0.066
328 200 11 13 0.066
862 124 9 13 0.066
534 315 11 15 0.066
729 17 8 12 0.065
579 24 8 10 0.065
934 494 13 16 0.065
953 218 10 12 0.065
434 135 8 11 0.065
93 58 9 11 0.064
186 257 11 12 0.064
411 483 16 20 0.064
421 369 12 17 0.064
618 199 9 13 0.064
188 47 9 10 0.063
446 4 8 10 0.063
585 30 7 10 0.063
3 171 9 12 0.063
940 2 7 9 0.062
223 22 8 11 0.061
520 48 9 11 0.061
583 28 8 11 0.060
323 47 9 11 0.059
955 133 9 11 0.059
341 294 11 15 0.059
304 198 11 13 0.059
262 21 9 11 0.059
177 34 8 9 0.058
829 95 10 10 0.058
312 105 10 13 0.057
614 84 8 10 0.057
859 0 8 8 0.057
0 554 6 20 0.057
631 581 13 16 0.057
418 47 9 11 0.057
495 38 9 11 0.057
322 22 9 11 0.057
842 358 12 14 0.056
790 525 14 17 0.056
679 80 9 13 0.056
968 152 9 11 0.056
746 2 9 12 0.056
849 143 9 13 0.056
962 233 10 13 0.055
32 110 8 12 0.055
272 153 10 13 0.055
517 50 9 11 0.054
629 42 9 10 0.054
0 498 7 18 0.054
457 526 14 18 0.053
987 199 8 12 0.053
294 193 11 13 0.053
319 47 9 11 0.053
33 538 13 14 0.053
146 441 14 17 0.052
370 8 8 10 0.052
536 2 7 8 0.052
179 406 13 17 0.052
108 255 11 15 0.051
666 227 10 12 0.051
212 52 9 12 0.051
983 78 9 11 0.051
703 208 10 13 0.050
792 193 9 11 0.050
567 290 12 16 0.049
575 135 9 11 0.049
451 233 10 13 0.049
901 137 9 11 0.049
172 72 9 11 0.049
53 103 8 10 0.049
848 85 9 11 0.048
849 99 8 10 0.047
523 131 9 12 0.047
839 149 9 12 0.047
389 464 12 16 0.047
448 608 14 21 0.046
491 19 8 9 0.046
718 151 9 12 0.046
701 572 14 18 0.046
899 164 10 11 0.046
826 352 10 12 0.045
156 92 10 11 0.045
290 129 9 11 0.045
64 485 13 16 0.044
566 575 15 19 0.044
2 163 9 14 0.044
943 3 7 10 0.043
815 91 9 10 0.043
558 567 15 21 0.043
678 369 11 12 0.043
520 131 9 11 0.043
471 349 14 16 0.043
229 315 12 17 0.043
497 388 14 18 0.043
145 159 9 13 0.043
287 558 15 18 0.042
759 594 13 17 0.042
38 0 10 10 0.042
835 493 14 16 0.042
522 520 14 19 0.042
137 94 9 12 0.042
940 133 7 10 0.041
913 302 10 13 0.041
113 0 7 9 0.041
175 55 7 10 0.041
295 78 10 12 0.040
985 90 9 12 0.040
603 447 16 19 0.040
549 219 11 13 0.040
416 53 8 10 0.039
0 37 5 11 0.039
1 152 9 13 0.039
155 642 16 14 0.039
818 93 8 10 0.039
616 202 9 12 0.039
974 151 10 13 0.039
119 80 9 11 0.039
500 75 8 12 0.039
824 185 10 12 0.039
247 5 8 9 0.038
491 504 12 17 0.038
931 199 10 12 0.038
561 533 16 19 0.038
214 55 10 11 0.038
140 102 9 12 0.038
762 17 8 11 0.038
425 522 16 18 0.038
211 49 9 12 0.038
276 150 10 12 0.038
119 76 8 11 0.037
635 11 7 9 0.037
915 179 9 11 0.037
318 21 9 11 0.037
531 2 7 8 0.036
567 349 13 16 0.036
596 614 15 22 0.036
282 599 15 18 0.036
857 179 9 11 0.036
273 394 12 16 0.036
953 227 9 12 0.036
409 155 9 12 0.035
37 69 8 10 0.035
315 45 9 12 0.035
947 336 10 14 0.035
528 516 14 18 0.035
984 196 9 11 0.035
148 365 12 16 0.035
757 13 9 11 0.034
715 513 12 15 0.034
328 48 10 12 0.034
937 379 10 13 0.034
897 130 10 13 0.034
575 23 8 10 0.034
784 130 9 13 0.034
539 384 12 15 0.034
633 15 7 9 0.033
843 416 11 13 0.033
873 392 11 15 0.033
559 36 9 11 0.033
258 443 14 20 0.033
814 4 7 9 0.032
721 148 9 11 0.032
348 165 8 11 0.032
804 209 9 11 0.032
36 92 8 12 0.032
933 165 9 11 0.031
951 325 11 13 0.031
261 210 11 14 0.031
567 157 9 11 0.031
584 26 8 10 0.031
176 59 9 11 0.031
184 401 11 18 0.031
265 392 13 15 0.031
546 81 10 12 0.031
667 79 9 11 0.031
70 49 8 10 0.031
941 167 9 13 0.031
101 105 9 10 0.030
682 367 11 13 0.030
983 150 11 13 0.030
173 47 8 10 0.030
282 42 9 12 0.030
488 318 12 18 0.030
238 202 10 12 0.030
865 162 9 11 0.030
93 118 9 13 0.030
408 158 10 12 0.030
469 472 14 19 0.030
68 302 12 16 0.029
311 48 8 12 0.029
491 34 9 10 0.029
147 -1 8 8 0.029
339 124 8 11 0.029
529 2 7 8 0.029
870 380 10 13 0.029
257 202 11 14 0.029
933 562 15 18 0.029
175 66 10 12 0.028
950 118 8 11 0.028
115 162 11 12 0.028
483 358 13 15 0.028
117 91 9 12 0.028
843 265 10 13 0.028
944 138 8 10 0.027
127 348 14 17 0.027
243 30 9 12 0.027
175 410 14 17 0.027
204 503 11 17 0.027
488 19 8 9 0.027
71 45 7 11 0.027
319 239 10 11 0.027
522 23 8 9 0.027
828 212 9 11 0.027
748 47 9 10 0.027
854 182 9 12 0.027
591 588 13 18 0.027
762 513 14 17 0.027
900 120 9 12 0.027
523 28 9 10 0.026
922 0 8 7 0.026
924 132 8 9 0.026
990 374 11 13 0.026
767 562 14 18 0.026
320 335 12 15 0.026
110 1 8 9 0.026
913 60 10 12 0.026
216 5 8 10 0.026
942 194 9 12 0.026
924 59 9 12 0.025
937 254 10 12 0.025
362 465 13 18 0.025
297 1 9 10 0.025
347 600 13 16 0.025
791 189 9 12 0.025
420 333 14 18 0.025
233 311 12 17 0.025
742 27 8 11 0.025
226 320 12 15 0.025
579 131 9 12 0.025
629 538 14 17 0.025
296 73 10 13 0.024
539 46 7 10 0.024
654 48 8 10 0.024
561 352 13 17 0.024
690 360 11 13 0.024
968 113 8 10 0.024
333 194 9 13 0.024
4 81 7 11 0.024
955 118 9 11 0.024
441 170 9 12 0.024
710 55 9 11 0.024
124 350 12 17 0.024
152 269 11 14 0.024
223 288 12 18 0.024
190 49 9 11 0.024
490 16 7 9 0.024
811 60 9 12 0.024
185 4 8 9 0.023
603 299 12 13 0.023
564 394 13 18 0.023
327 539 12 19 0.023
72 300 12 16 0.023
439 167 10 12 0.023
422 418 10 13 0.023
155 375 13 18 0.023
64 102 8 11 0.023
797 59 8 12 0.023
252 5 8 10 0.023
351 124 9 12 0.022
857 303 10 13 0.022
330 301 14 18 0.022
217 256 11 14 0.022
636 8 8 10 0.022
492 306 12 19 0.022
786 309 10 13 0.022
123 296 12 16 0.022
223 405 14 18 0.022
368 342 11 16 0.022
647 19 8 10 0.022
374 583 14 17 0.022
418 366 13 17 0.022
503 48 9 11 0.022
224 315 13 17 0.022
171 11 9 10 0.021
280 457 14 18 0.021
633 543 13 16 0.021
689 98 9 11 0.021
645 48 9 12 0.021
799 300 8 11 0.021
907 305 10 13 0.021
327 134 8 12 0.021
895 135 9 11 0.021
983 75 9 10 0.021
990 200 9 12 0.021
163 16 8 10 0.021
251 457 13 17 0.021
302 3 9 11 0.021
638 17 8 10 0.021
355 46 9 10 0.020
662 70 9 11 0.020
961 469 12 14 0.020
64 305 12 15 0.020
799 38 10 11 0.020
943 183 9 13 0.020
706 367 12 15 0.020
736 411 12 17 0.020
295 548 14 19 0.020
487 537 14 18 0.020
624 179 9 12 0.020
183 311 12 17 0.020
326 22 9 11 0.020
275 16 9 11 0.020
937 99 10 14 0.020
391 492 13 18 0.019
904 139 9 11 0.019
41 25 9 12 0.019
934 113 9 12 0.019
677 372 10 12 0.019
271 505 15 18 0.019
254 409 13 16 0.019
844 209 10 12 0.019
425 372 13 17 0.019
77 78 8 11 0.019
552 374 13 16 0.019
188 477 14 18 0.019
722 160 9 11 0.019
968 174 10 12 0.019
188 65 9 11 0.019
51 83 8 10 0.019
665 91 9 11 0.019
284 455 13 18 0.019
398 551 14 19 0.019
155 52 7 10 0.019
305 63 8 11 0.019
124 282 10 16 0.019
625 532 12 15 0.019
352 602 15 18 0.019
95 96 9 12 0.019
532 500 11 15 0.018
268 434 13 15 0.018
308 88 10 12 0.018
103 101 8 12 0.018
778 413 11 14 0.018
298 62 9 12 0.018
313 617 15 21 0.018
729 415 14 19 0.018
194 482 14 18 0.018
543 380 13 16 0.018
519 129 8 11 0.018
2 176 9 14 0.018
840 459 15 18 0.018
835 100 9 11 0.018
217 71 9 11 0.018
449 580 13 20 0.018
880 479 14 17 0.018
535 499 12 15 0.018
818 610 15 18 0.018
971 109 9 11 0.018
905 360 10 14 0.018
318 614 15 20 0.017
614 198 9 13 0.017
946 222 9 11 0.017
152 207 10 13 0.017
599 625 15 21 0.017
431 49 9 10 0.017
638 62 9 11 0.017
371 588 14 16 0.017
1002 378 9 12 0.017
342 299 13 16 0.017
833 384 11 13 0.017
276 400 13 17 0.017
910 432 12 13 0.017
182 154 10 14 0.017
677 244 10 12 0.017
199 254 12 15 0.017
326 333 14 17 0.017
148 39 7 10 0.017
596 485 13 16 0.017
124 12 10 11 0.017
440 232 11 14 0.017
22 51 11 14 0.017
417 578 14 18 0.017
674 123 8 12 0.017
535 386 12 15 0.017
394 600 14 18 0.017
357 119 10 12 0.017
381 96 10 13 0.016
597 349 14 17 0.016
804 58 9 12 0.016
983 474 11 14 0.016
246 498 12 16 0.016
739 352 11 13 0.016
914 339 10 14 0.016
385 148 9 11 0.016
76 113 8 11 0.016
644 626 16 21 0.016
732 0 8 8 0.016
535 51 9 11 0.016
298 252 11 14 0.016
868 390 12 15 0.016
887 331 10 12 0.016
476 606 16 20 0.016
863 527 13 13 0.016
495 300 11 17 0.016
707 371 11 15 0.016
399 417 13 17 0.016
1003 245 9 14 0.016
362 218 11 14 0.016
904 124 8 11 0.016
443 611 16 22 0.016
380 602 16 17 0.015
815 1 7 10 0.015
244 136 9 11 0.015
331 537 13 17 0.015
232 295 12 16 0.015
120 31 8 9 0.015
913 115 9 11 0.015
787 518 14 18 0.015
706 78 10 13 0.015
611 185 9 12 0.015
314 170 9 13 0.015
3 76 6 13 0.015
883 22 8 11 0.015
712 132 8 10 0.015
914 392 10 12 0.015
47 49 7 10 0.015
266 216 10 14 0.015
852 178 9 13 0.015
704 561 14 19 0.015
277 391 12 17 0.015
460 582 12 17 0.015
715 154 10 12 0.015
849 354 9 12 0.015
470 1 8 9 0.015
920 -1 7 8 0.015
7 81 9 11 0.015
257 381 13 17 0.015
407 12 8 11 0.014
247 461 12 16 0.014
370 552 14 19 0.014
499 524 14 19 0.014
389 237 11 14 0.014
881 37 9 10 0.014
988 30 9 12 0.014
61 308 11 15 0.014
297 148 9 11 0.014
277 408 13 16 0.014
619 525 14 16 0.014
173 320 13 17 0.014
682 121 9 11 0.014
970 118 9 11 0.014
877 180 10 12 0.014
493 358 12 14 0.014
623 11 7 8 0.014
884 470 13 15 0.014
302 75 10 13 0.014
443 273 11 15 0.014
885 212 9 12 0.014
611 52 9 12 0.014
1008 53 8 11 0.014
363 494 14 19 0.014
761 489 13 17 0.014
182 408 13 18 0.014
701 202 9 13 0.014
696 150 8 12 0.014
784 112 10 13 0.014
799 61 9 11 0.014
497 71 9 12 0.014
912 175 9 11 0.014
572 2 6 8 0.014
712 199 9 11 0.014
839 4 7 8 0.014
808 396 11 13 0.013
847 463 14 18 0.013
733 625 19 18 0.013
452 28 9 12 0.013
73 80 9 11 0.013
560 389 14 18 0.013
1010 473 11 14 0.013
363 596 14 16 0.013
795 494 15 18 0.013
408 3 8 11 0.013
460 533 13 19 0.013
45 578 14 18 0.013
794 33 9 12 0.013
476 359 14 18 0.013
262 214 11 14 0.013
934 519 14 18 0.013
413 525 15 17 0.013
210 268 11 13 0.013
817 65 8 11 0.013
595 91 9 12 0.013
834 142 10 13 0.013
66 1 7 9 0.013
212 492 14 19 0.013
339 335 13 18 0.013
842 65 8 11 0.013
986 145 9 12 0.013
816 56 9 12 0.013
434 132 9 10 0.013
964 75 8 10 0.012
288 53 9 12 0.012
114 183 11 13 0.012
365 614 16 19 0.012
180 166 11 13 0.012
458 33 9 11 0.012
362 122 10 12 0.012
266 439 13 18 0.012
411 572 14 18 0.012
181 420 13 17 0.012
365 2 9 10 0.012
936 53 8 12 0.012
879 148 8 12 0.012
780 132 10 11 0.012
342 242 12 15 0.012
463 549 12 17 0.012
581 594 15 19 0.012
159 634 13 16 0.012
631 64 9 11 0.012
462 527 15 18 0.012
486 596 15 20 0.012
131 69 8 11 0.012
918 49 8 10 0.012
130 12 7 11 0.012
966 384 10 12 0.012
568 2 7 7 0.012
126 211 10 13 0.011
377 98 10 13 0.011
321 112 9 12 0.011
39 544 13 16 0.011
65 179 9 11 0.011
324 611 15 19 0.011
346 535 15 17 0.011
917 451 13 17 0.011
222 318 12 17 0.011
898 116 9 11 0.011
319 79 10 13 0.011
170 339 12 15 0.011
930 57 9 11 0.011
589 0 8 8 0.011
398 214 10 12 0.011
256 4 7 8 0.011
332 542 13 19 0.011
292 70 9 11 0.011
45 72 8 11 0.011
461 468 16 20 0.011
103 564 13 19 0.011
431 423 11 15 0.011
69 82 11 15 0.011
356 65 9 11 0.011
654 575 13 17 0.011
768 67 8 10 0.011
751 473 14 16 0.011
591 527 13 16 0.011
941 469 13 15 0.011
854 267 10 12 0.011
371 562 14 19 0.011
841 486 15 19 0.011
990 91 9 12 0.011
585 502 14 19 0.011
714 508 12 15 0.011
2 148 10 14 0.011
532 18 8 10 0.010
695 0 7 8 0.010
1000 446 11 15 0.010
521 74 9 11 0.010
932 466 13 17 0.010
151 238 12 15 0.010
529 307 11 16 0.010
824 500 12 16 0.010
187 554 15 18 0.010
453 405 14 18 0.010
41 541 13 15 0.010
622 139 9 12 0.010
71 129 8 11 0.010
401 195 10 13 0.010
352 268 10 13 0.010
901 274 9 12 0.010
329 546 13 19 0.010
702 582 13 17 0.010
220 165 11 14 0.010
758 23 9 11 0.010
494 576 14 22 0.010
991 0 8 10 0.010
406 0 7 9 0.010
434 548 14 20 0.010
627 138 9 11 0.010
344 392 13 16 0.010
332 434 15 18 0.010
