2_Demonstration_Political_Rally_2_816
44
509 30 93 124 0.826
797 554 62 75 0.815
230 426 70 85 0.810
700 494 53 64 0.808
584 108 70 95 0.693
935 446 44 53 0.678
944 578 68 74 0.664
152 396 53 67 0.636
93 439 91 142 0.622
829 488 53 69 0.562
763 433 32 40 0.560
688 463 34 46 0.551
947 486 51 58 0.516
719 431 29 34 0.480
790 428 28 36 0.298
694 427 19 22 0.266
48 290 66 99 0.224
663 494 35 61 0.217
877 440 31 34 0.095
690 424 27 33 0.068
830 480 41 51 0.065
947 464 38 42 0.057
996 463 19 27 0.055
998 400 22 28 0.039
554 562 85 120 0.037
924 398 14 17 0.033
1006 513 19 47 0.027
841 447 33 35 0.021
683 463 58 78 0.021
630 115 48 69 0.019
689 432 19 23 0.017
794 481 31 42 0.017
751 414 16 17 0.016
776 411 16 19 0.014
832 455 35 37 0.013
829 466 36 43 0.012
936 462 37 49 0.012
814 391 11 14 0.012
929 400 17 20 0.011
993 402 18 20 0.011
170 399 50 67 0.011
660 433 13 17 0.011
821 414 12 15 0.010
693 458 28 35 0.010
