2_Demonstration_Demonstration_Or_Protest_2_385
563
286 535 30 42 0.803
616 495 25 28 0.791
679 557 34 38 0.780
736 420 21 25 0.765
582 454 22 28 0.760
397 531 29 35 0.747
213 468 27 31 0.745
972 425 20 24 0.745
324 427 18 21 0.741
505 540 31 34 0.740
687 463 21 27 0.736
99 515 26 33 0.731
779 458 22 27 0.731
807 430 17 19 0.720
130 498 23 32 0.714
819 390 15 18 0.704
570 416 16 19 0.701
939 459 18 26 0.694
594 387 13 16 0.693
874 389 15 18 0.684
360 454 25 30 0.682
188 519 32 38 0.680
338 469 18 28 0.668
886 481 22 32 0.666
23 543 25 44 0.665
456 410 13 20 0.663
83 452 23 26 0.658
539 412 16 18 0.654
635 414 14 21 0.649
166 401 13 19 0.641
865 418 17 20 0.637
95 391 17 20 0.635
546 386 13 14 0.634
768 399 12 17 0.631
785 385 12 16 0.630
918 415 14 19 0.625
987 366 10 13 0.619
724 478 19 24 0.605
355 402 14 16 0.579
806 367 10 13 0.567
670 379 13 16 0.566
689 407 14 18 0.564
831 589 34 53 0.561
739 365 10 13 0.546
176 380 13 16 0.545
144 434 12 19 0.545
475 374 9 12 0.543
591 366 13 15 0.543
809 345 8 11 0.538
23 400 14 16 0.528
207 394 13 16 0.526
715 375 13 16 0.521
73 346 11 14 0.519
865 457 18 24 0.514
753 471 27 33 0.506
708 356 10 13 0.501
1012 367 11 14 0.500
26 377 10 12 0.495
295 364 9 11 0.486
699 378 13 15 0.484
25 359 10 12 0.467
294 403 12 13 0.452
515 361 7 9 0.452
622 405 13 19 0.448
612 391 12 16 0.427
555 342 7 10 0.425
847 358 8 10 0.411
458 391 11 14 0.411
959 355 8 9 0.410
396 488 20 23 0.398
209 356 8 9 0.385
876 351 8 10 0.379
373 352 8 9 0.358
3 345 8 10 0.343
0 423 12 20 0.340
533 350 9 10 0.340
976 352 9 11 0.337
984 340 8 10 0.334
786 347 8 10 0.320
465 354 9 11 0.318
527 336 8 10 0.307
1010 454 12 19 0.301
958 337 8 9 0.297
80 387 12 16 0.294
413 402 13 17 0.290
708 352 10 12 0.286
275 400 10 12 0.277
182 355 7 9 0.271
633 352 10 12 0.269
620 342 8 10 0.262
734 353 10 12 0.256
283 344 7 9 0.254
902 345 8 9 0.254
395 389 11 14 0.244
255 349 8 10 0.241
222 361 7 8 0.239
649 379 13 16 0.237
128 402 13 14 0.234
892 474 20 29 0.232
312 401 12 14 0.228
383 362 9 12 0.228
1010 329 6 8 0.224
308 402 11 14 0.223
209 375 10 12 0.222
454 371 9 10 0.220
731 398 15 16 0.220
626 410 14 20 0.218
849 345 7 9 0.217
443 362 8 10 0.217
472 332 6 7 0.213
956 339 8 9 0.213
403 356 8 10 0.211
733 325 7 7 0.209
1010 345 7 9 0.205
151 352 9 10 0.203
372 325 5 7 0.198
503 342 7 9 0.196
171 337 7 8 0.195
155 369 9 12 0.195
661 355 9 11 0.194
109 454 15 18 0.194
428 370 9 12 0.193
219 360 8 10 0.193
518 380 9 11 0.193
818 338 8 10 0.191
74 400 12 18 0.191
868 404 16 20 0.187
838 329 6 7 0.185
263 386 10 15 0.183
237 343 6 8 0.180
924 353 8 11 0.179
256 347 7 8 0.176
479 391 11 14 0.176
487 388 10 13 0.170
474 332 7 8 0.169
476 392 10 13 0.166
510 475 27 30 0.165
659 326 6 8 0.164
357 352 7 9 0.163
69 453 23 26 0.161
267 369 8 11 0.159
543 333 7 8 0.159
890 342 7 8 0.156
589 338 7 8 0.154
179 355 8 10 0.152
432 370 9 11 0.150
347 418 10 13 0.149
967 318 6 7 0.148
25 473 18 23 0.147
439 355 8 10 0.146
265 379 10 13 0.146
664 307 5 6 0.146
631 415 14 19 0.146
702 330 6 7 0.142
389 366 10 12 0.139
422 362 9 11 0.138
414 343 6 8 0.138
267 385 9 14 0.138
1016 336 6 9 0.137
718 333 7 9 0.135
302 324 5 7 0.135
271 394 10 13 0.135
407 380 11 12 0.133
849 348 6 9 0.133
420 361 8 9 0.132
515 366 10 12 0.131
1014 314 6 7 0.131
128 370 8 11 0.130
864 329 6 8 0.130
562 377 9 11 0.130
764 354 8 10 0.129
710 349 8 12 0.129
555 445 13 19 0.124
577 411 15 19 0.124
29 327 6 7 0.123
213 379 9 12 0.119
654 360 11 12 0.118
225 361 7 9 0.117
957 351 9 11 0.117
838 326 5 6 0.116
735 327 7 7 0.116
430 330 6 7 0.116
869 364 8 10 0.116
737 338 7 8 0.114
650 362 11 13 0.113
279 341 6 7 0.112
400 496 24 28 0.111
331 357 7 9 0.110
327 346 5 7 0.108
907 345 7 9 0.108
738 395 12 15 0.108
405 381 10 13 0.108
1000 317 6 8 0.107
445 340 6 8 0.106
760 337 7 9 0.104
664 288 5 6 0.104
815 341 9 11 0.104
141 412 12 15 0.103
225 449 18 21 0.100
393 340 6 8 0.098
679 352 9 11 0.098
292 379 10 13 0.098
996 329 7 8 0.097
272 336 5 7 0.096
662 307 6 6 0.096
519 325 5 7 0.096
102 351 8 10 0.096
985 349 9 11 0.094
929 329 6 7 0.093
721 373 11 15 0.093
359 351 8 10 0.092
1001 294 5 7 0.091
686 332 7 9 0.091
490 331 5 6 0.091
401 302 5 6 0.091
850 351 7 9 0.090
606 414 12 16 0.090
173 383 12 15 0.090
181 380 12 14 0.089
337 398 12 14 0.089
612 327 6 7 0.089
526 380 9 11 0.088
330 355 6 9 0.087
909 301 5 5 0.087
985 319 6 7 0.087
616 324 6 7 0.087
398 354 9 10 0.085
319 399 10 13 0.085
88 342 7 8 0.084
41 345 7 9 0.083
247 323 5 6 0.081
132 405 12 15 0.081
152 357 10 12 0.081
689 334 6 7 0.080
221 387 10 12 0.080
613 343 7 8 0.079
484 429 12 14 0.077
395 343 7 8 0.076
758 305 5 6 0.075
465 352 7 9 0.075
16 382 10 11 0.075
102 455 18 21 0.073
54 326 5 6 0.072
174 338 6 7 0.072
718 307 5 6 0.072
685 309 5 6 0.072
193 324 5 6 0.071
914 349 10 10 0.071
181 327 5 6 0.070
644 317 5 6 0.070
188 340 6 7 0.069
982 341 9 11 0.068
483 342 7 7 0.068
208 358 10 13 0.068
552 323 5 6 0.067
592 344 9 9 0.067
99 380 12 14 0.067
920 352 8 11 0.066
343 401 12 13 0.066
936 273 5 6 0.065
827 306 5 6 0.065
854 342 7 8 0.065
457 320 5 7 0.064
670 342 7 9 0.064
162 329 7 7 0.064
459 321 6 6 0.064
642 289 4 6 0.064
22 342 7 9 0.063
75 452 25 29 0.062
950 299 5 6 0.062
634 332 6 8 0.062
998 294 6 6 0.062
886 301 4 5 0.061
443 358 8 10 0.061
875 315 5 7 0.061
752 387 11 14 0.060
343 415 11 15 0.059
934 340 7 7 0.058
727 401 13 14 0.058
870 301 5 6 0.057
500 336 6 7 0.057
648 339 6 8 0.057
890 339 6 8 0.057
731 371 12 15 0.057
918 343 8 8 0.057
814 305 5 6 0.057
443 342 6 8 0.056
472 82 8 9 0.056
928 298 5 6 0.056
109 340 6 7 0.055
390 336 6 7 0.055
606 343 8 9 0.055
107 340 6 8 0.055
550 325 6 7 0.054
493 387 10 11 0.054
717 323 5 8 0.054
303 342 6 8 0.054
262 392 10 14 0.053
566 325 6 6 0.053
864 325 5 6 0.052
754 304 6 7 0.052
1006 341 7 9 0.052
593 296 5 6 0.051
781 304 5 6 0.051
685 329 6 8 0.051
1014 295 5 6 0.050
160 369 9 11 0.050
900 301 4 5 0.050
108 338 6 8 0.050
211 314 5 6 0.050
457 307 5 6 0.049
31 327 6 7 0.049
368 373 9 11 0.049
665 309 6 6 0.049
612 317 5 7 0.049
735 332 8 11 0.049
639 330 6 8 0.048
154 362 9 13 0.048
767 357 9 10 0.047
490 345 7 9 0.047
979 299 5 6 0.047
44 351 8 11 0.046
327 361 7 9 0.046
821 305 5 6 0.046
359 374 9 12 0.045
682 322 5 7 0.044
389 392 11 15 0.043
783 302 4 6 0.043
502 387 9 11 0.043
852 315 5 6 0.043
203 396 13 17 0.043
783 304 5 6 0.043
45 341 6 8 0.043
66 450 17 23 0.043
116 330 6 7 0.042
295 345 6 8 0.042
788 382 11 15 0.042
866 301 4 5 0.041
387 326 5 6 0.041
842 338 6 8 0.041
662 288 5 6 0.041
581 327 6 7 0.040
530 327 5 6 0.040
34 477 25 29 0.040
413 338 6 7 0.040
145 354 9 11 0.040
929 326 5 7 0.039
759 356 9 10 0.039
645 314 5 7 0.039
838 351 8 10 0.038
800 336 5 7 0.038
795 307 5 5 0.038
627 452 17 22 0.038
694 406 13 17 0.037
5 324 5 7 0.037
330 351 8 10 0.037
183 329 5 6 0.037
76 388 12 16 0.036
669 352 9 11 0.036
950 332 6 7 0.036
772 464 23 29 0.036
342 369 7 10 0.036
995 349 9 10 0.035
261 313 4 6 0.035
134 352 7 10 0.035
449 358 9 11 0.035
456 308 4 6 0.035
92 338 6 7 0.035
797 342 7 9 0.035
416 348 9 10 0.035
596 337 9 10 0.035
28 361 10 11 0.034
929 300 5 6 0.034
455 323 6 7 0.034
689 310 5 6 0.034
850 301 5 5 0.034
804 284 5 5 0.034
972 270 5 7 0.034
705 315 5 7 0.034
640 414 14 20 0.034
283 376 9 10 0.034
103 355 9 11 0.034
867 302 5 5 0.034
430 327 5 6 0.033
365 367 8 10 0.033
973 323 7 8 0.033
286 324 5 6 0.033
0 507 13 32 0.033
400 329 6 6 0.033
211 334 5 6 0.032
334 356 9 10 0.032
579 311 5 5 0.032
144 336 6 7 0.032
229 384 11 13 0.032
641 340 7 9 0.032
493 403 10 14 0.032
72 330 6 6 0.031
824 348 8 10 0.031
917 361 9 11 0.031
423 339 6 7 0.031
24 327 7 7 0.031
286 326 5 7 0.031
832 360 9 10 0.031
912 380 11 15 0.031
906 303 5 5 0.031
946 312 5 6 0.030
104 352 10 12 0.030
714 307 6 6 0.030
887 316 5 6 0.030
27 354 8 11 0.030
272 314 5 6 0.030
210 332 6 6 0.030
275 352 7 9 0.030
104 345 9 11 0.030
241 363 8 10 0.030
590 319 6 7 0.030
915 374 10 14 0.030
267 331 5 7 0.029
954 355 8 11 0.029
400 324 5 6 0.029
775 316 5 6 0.028
582 324 5 7 0.028
950 301 5 6 0.028
1012 459 11 25 0.028
1017 469 7 22 0.028
102 324 5 6 0.028
1001 281 4 6 0.028
851 311 4 6 0.028
145 411 13 17 0.028
612 388 10 14 0.028
193 465 16 24 0.027
359 401 13 15 0.027
633 316 6 6 0.027
521 329 8 9 0.027
353 350 6 7 0.027
811 310 5 6 0.026
355 328 5 6 0.026
894 334 6 8 0.026
746 300 4 6 0.026
546 330 8 9 0.026
742 302 5 6 0.026
353 375 9 10 0.026
218 336 6 7 0.025
189 294 5 7 0.025
418 312 5 5 0.025
75 330 5 7 0.025
491 398 11 14 0.025
595 295 5 5 0.025
908 314 6 6 0.024
148 434 13 20 0.024
765 327 7 7 0.024
340 373 8 11 0.024
258 431 16 20 0.023
13 326 6 6 0.023
305 318 5 6 0.023
297 313 5 6 0.023
166 342 9 11 0.023
810 328 5 6 0.023
631 313 5 6 0.022
870 452 18 23 0.022
987 297 5 6 0.022
823 317 5 7 0.022
489 331 7 9 0.022
875 311 5 6 0.021
550 321 5 6 0.021
796 310 5 6 0.021
223 313 5 6 0.021
143 340 7 9 0.021
610 312 5 6 0.021
780 311 5 6 0.020
273 403 11 14 0.020
679 363 11 13 0.020
1011 374 9 12 0.020
454 414 11 18 0.020
114 350 8 9 0.020
82 323 5 6 0.020
231 328 5 6 0.020
307 314 5 5 0.019
272 319 4 6 0.019
489 327 5 7 0.018
841 590 36 54 0.018
811 300 5 6 0.018
517 538 27 34 0.018
219 331 6 6 0.018
138 345 7 8 0.018
150 371 10 12 0.017
757 304 8 9 0.017
35 482 31 33 0.017
224 377 8 12 0.017
615 415 15 19 0.017
803 286 4 6 0.017
414 309 5 5 0.016
158 314 6 6 0.016
925 257 5 5 0.016
385 408 12 16 0.016
365 313 4 5 0.016
897 316 6 6 0.016
492 408 11 16 0.015
782 334 5 6 0.015
777 366 9 12 0.015
436 311 5 5 0.015
717 305 8 10 0.015
943 295 5 6 0.015
46 494 28 36 0.015
617 390 12 17 0.015
235 314 5 5 0.015
68 327 5 6 0.015
262 315 5 6 0.014
871 417 14 18 0.014
396 305 5 5 0.014
999 280 4 5 0.014
885 302 5 6 0.014
513 359 11 14 0.014
911 335 6 8 0.014
231 323 5 6 0.014
1011 285 5 6 0.014
600 392 13 16 0.014
961 310 5 6 0.014
160 323 5 7 0.014
611 467 20 23 0.014
855 423 14 17 0.014
496 410 11 17 0.013
657 330 9 10 0.013
386 430 14 20 0.013
254 347 11 14 0.013
424 311 4 6 0.013
390 496 20 23 0.013
417 404 13 16 0.013
139 427 14 21 0.013
824 302 4 6 0.013
12 378 9 12 0.013
574 401 13 16 0.013
567 443 16 19 0.013
995 400 10 15 0.012
932 304 5 6 0.012
371 384 10 13 0.012
328 329 5 7 0.012
222 396 11 15 0.012
306 346 6 9 0.012
0 511 17 38 0.012
663 399 13 16 0.012
494 372 8 10 0.012
693 321 5 7 0.012
41 323 5 6 0.012
116 325 5 7 0.012
329 331 5 7 0.011
747 286 5 5 0.011
614 312 5 6 0.011
172 324 5 6 0.011
705 351 9 13 0.011
991 400 11 15 0.011
691 286 4 6 0.011
482 309 5 6 0.011
618 449 19 23 0.011
938 360 8 10 0.010
559 381 10 13 0.010
54 327 8 9 0.010
111 509 24 30 0.010
540 543 25 29 0.010
224 322 5 5 0.010
571 375 10 13 0.010
846 350 11 14 0.010
99 324 5 6 0.010
