2_Demonstration_Demonstrators_2_170
62
736 141 64 80 0.854
930 171 80 86 0.851
866 191 57 63 0.802
318 115 61 93 0.796
592 105 48 62 0.774
5 121 20 24 0.696
722 119 35 42 0.657
191 113 38 43 0.556
90 126 16 21 0.538
42 116 25 32 0.530
997 98 26 36 0.259
69 116 18 24 0.236
100 189 27 47 0.177
303 135 6 9 0.170
535 145 23 28 0.156
74 121 15 21 0.138
840 147 32 42 0.097
79 123 18 21 0.082
0 111 10 18 0.080
301 134 9 14 0.076
256 129 23 24 0.065
239 100 24 27 0.062
250 111 20 24 0.051
286 132 8 9 0.050
591 71 32 37 0.045
687 169 38 45 0.045
940 111 23 29 0.043
547 150 17 23 0.041
40 114 16 24 0.040
305 136 6 8 0.039
258 128 15 18 0.035
845 158 39 51 0.029
66 112 17 21 0.028
681 166 31 41 0.027
505 147 42 54 0.027
506 124 28 42 0.026
849 129 34 47 0.026
496 166 36 51 0.023
811 92 28 39 0.022
39 125 19 24 0.022
507 130 39 51 0.021
525 143 33 43 0.021
263 129 14 16 0.019
97 121 14 19 0.018
642 139 34 57 0.018
188 115 29 32 0.017
699 119 19 28 0.017
496 132 31 46 0.017
57 121 21 27 0.017
697 116 17 25 0.017
554 157 12 16 0.016
572 95 8 11 0.015
840 156 20 27 0.015
697 132 30 41 0.014
3 109 17 20 0.014
594 77 20 24 0.013
735 127 45 55 0.012
940 106 19 25 0.011
713 129 27 35 0.011
574 93 8 10 0.010
573 90 13 16 0.010
1 107 8 15 0.010
