2_Demonstration_Protesters_2_57
40
72 222 39 45 0.824
386 233 37 49 0.823
223 228 39 42 0.811
710 191 33 41 0.807
29 237 33 45 0.798
515 259 32 38 0.733
931 261 24 35 0.655
654 241 25 34 0.635
362 262 21 30 0.576
899 230 17 32 0.428
485 267 25 33 0.390
569 295 33 39 0.344
798 262 25 30 0.233
824 234 26 39 0.217
58 225 39 48 0.178
579 301 30 40 0.148
454 274 14 17 0.086
441 275 21 24 0.073
432 276 21 26 0.051
480 271 18 24 0.044
791 266 20 25 0.035
814 240 34 45 0.032
460 271 15 20 0.029
818 249 19 25 0.026
473 273 19 24 0.026
772 276 15 19 0.023
576 297 24 27 0.021
569 296 23 26 0.021
0 283 9 31 0.020
976 275 19 27 0.017
545 279 18 24 0.016
777 268 18 23 0.015
459 277 19 26 0.015
888 224 25 40 0.013
832 241 31 40 0.012
993 261 15 31 0.012
357 258 33 44 0.012
498 261 16 22 0.012
988 263 15 26 0.012
571 223 6 9 0.011
