2_Demonstration_Protesters_2_583
34
810 233 60 89 0.747
904 126 12 16 0.683
998 117 10 13 0.612
817 127 10 13 0.572
866 117 8 11 0.561
896 111 8 9 0.547
930 110 7 8 0.489
832 114 10 12 0.459
958 110 7 9 0.416
793 111 8 10 0.380
800 126 9 12 0.291
586 205 34 34 0.179
835 115 9 11 0.175
794 113 9 11 0.143
959 131 7 9 0.086
864 120 9 11 0.076
955 112 7 8 0.072
802 124 9 12 0.071
831 112 9 11 0.065
595 210 38 32 0.040
958 126 8 11 0.033
930 107 6 8 0.024
587 206 23 26 0.023
984 125 7 9 0.022
864 116 12 15 0.021
584 209 46 49 0.021
982 124 6 9 0.020
901 111 7 9 0.018
3 149 15 20 0.018
569 218 41 48 0.016
837 113 8 10 0.013
968 125 9 11 0.013
788 110 8 11 0.012
997 142 8 10 0.012
