2_Demonstration_Demonstration_Or_Protest_2_586
168
471 147 25 32 0.783
836 200 30 38 0.779
691 145 30 37 0.764
139 145 24 31 0.756
383 184 27 39 0.753
638 165 23 35 0.726
761 119 18 22 0.706
175 125 15 19 0.655
962 103 15 23 0.652
995 144 20 29 0.643
524 121 14 18 0.642
578 156 20 25 0.603
132 118 13 17 0.600
28 104 12 15 0.597
384 135 17 24 0.588
789 113 12 14 0.587
287 159 17 27 0.583
109 129 15 18 0.577
802 222 20 33 0.573
438 125 14 17 0.539
410 106 13 15 0.519
346 94 10 12 0.518
282 121 13 18 0.503
128 101 11 13 0.490
169 103 9 10 0.437
383 103 9 11 0.433
26 131 17 19 0.429
433 98 10 12 0.419
599 116 11 15 0.417
247 120 16 19 0.403
288 102 9 11 0.396
216 113 10 12 0.354
1 97 10 10 0.306
198 122 10 13 0.293
540 96 9 11 0.292
400 99 8 10 0.288
49 113 11 13 0.275
10 3 11 14 0.255
67 109 9 11 0.254
70 93 7 9 0.247
89 113 11 15 0.247
361 89 8 10 0.217
294 88 6 7 0.215
98 91 7 8 0.213
326 140 15 18 0.209
3 113 11 14 0.203
764 101 10 11 0.202
516 38 10 12 0.194
571 123 14 17 0.191
722 126 10 12 0.180
262 121 17 18 0.180
292 89 7 9 0.173
453 116 16 20 0.172
107 107 9 10 0.168
695 93 10 13 0.164
307 94 7 10 0.159
13 91 9 11 0.143
185 103 9 11 0.142
101 91 6 7 0.138
397 164 15 22 0.134
417 109 12 15 0.126
148 105 9 9 0.120
457 94 9 10 0.119
72 134 14 19 0.110
431 83 8 10 0.107
118 147 16 23 0.105
428 99 11 14 0.103
406 91 8 8 0.100
625 138 9 11 0.096
528 102 10 13 0.090
146 102 9 11 0.086
15 89 8 10 0.084
538 94 9 11 0.084
126 104 12 15 0.082
333 106 12 14 0.078
248 143 13 15 0.077
146 97 7 9 0.070
774 121 13 16 0.069
429 96 9 12 0.067
60 97 7 9 0.064
668 134 10 12 0.062
215 116 11 15 0.060
595 139 10 13 0.055
291 88 5 8 0.053
524 103 10 14 0.050
149 95 7 9 0.049
3 119 12 18 0.049
152 106 9 10 0.048
331 103 9 11 0.048
327 135 17 19 0.048
37 93 7 8 0.046
968 104 12 17 0.045
361 92 8 11 0.043
671 129 13 17 0.040
299 98 11 11 0.040
48 116 11 15 0.039
111 112 9 13 0.039
288 111 11 15 0.039
2 74 7 8 0.038
186 98 7 9 0.037
726 124 9 10 0.037
572 129 13 16 0.037
312 170 19 23 0.036
33 92 8 10 0.033
490 36 7 9 0.033
631 141 14 20 0.032
3 131 9 16 0.032
308 91 6 7 0.028
221 116 11 14 0.027
124 144 17 23 0.026
449 96 9 11 0.026
795 222 20 34 0.026
69 91 7 8 0.026
472 228 20 29 0.026
185 84 6 7 0.025
277 120 11 15 0.025
235 123 13 16 0.025
993 100 8 11 0.024
492 118 10 11 0.024
575 163 18 23 0.024
469 126 14 17 0.024
718 130 11 16 0.023
504 133 9 11 0.023
432 81 10 11 0.022
522 117 13 18 0.022
658 142 10 13 0.020
56 88 7 7 0.019
89 11 66 84 0.019
684 124 15 19 0.018
215 109 8 11 0.018
368 144 14 21 0.018
242 93 7 8 0.018
39 89 7 8 0.017
654 143 13 16 0.017
428 81 8 10 0.017
245 93 7 9 0.017
649 363 28 44 0.017
340 114 11 13 0.016
623 136 13 16 0.016
635 139 12 14 0.016
251 143 15 19 0.015
362 115 8 11 0.015
568 122 20 24 0.015
662 144 16 21 0.015
171 128 14 18 0.015
605 117 9 14 0.014
10 128 14 16 0.014
622 135 10 13 0.014
364 146 14 18 0.014
280 125 16 21 0.014
390 136 13 17 0.014
665 135 8 11 0.013
738 104 8 10 0.013
997 95 8 11 0.013
405 108 12 14 0.012
442 127 15 18 0.012
568 73 6 8 0.011
433 123 13 16 0.011
317 98 8 8 0.011
626 142 12 16 0.011
121 92 6 7 0.011
529 116 12 17 0.011
178 80 6 7 0.010
182 82 8 10 0.010
509 133 10 14 0.010
22 133 17 20 0.010
194 128 12 15 0.010
738 118 8 11 0.010
