2_Demonstration_Political_Rally_2_18
114
316 438 20 24 0.794
380 436 20 25 0.781
166 332 21 25 0.775
171 450 21 27 0.771
864 447 20 25 0.768
314 260 19 24 0.764
486 361 17 22 0.764
67 338 18 22 0.762
242 421 21 26 0.761
223 274 20 25 0.760
623 455 19 24 0.758
24 258 17 20 0.754
529 395 19 25 0.752
27 312 17 22 0.751
480 403 18 22 0.751
264 205 18 22 0.749
22 460 20 24 0.749
12 352 20 27 0.742
98 447 20 25 0.740
186 305 17 22 0.739
767 418 19 25 0.738
238 309 18 23 0.734
82 287 18 22 0.732
500 448 19 24 0.726
159 408 17 22 0.724
452 294 17 21 0.722
914 434 18 22 0.720
423 427 17 21 0.719
103 239 18 21 0.719
364 428 17 22 0.718
354 343 20 24 0.718
148 384 19 25 0.715
272 394 20 27 0.714
133 295 19 23 0.713
367 300 18 24 0.709
88 264 20 22 0.706
40 240 18 21 0.705
43 448 18 23 0.704
443 457 21 28 0.702
154 300 18 22 0.684
461 489 19 23 0.680
76 321 17 20 0.671
331 199 17 22 0.670
171 258 18 24 0.667
298 331 20 26 0.652
188 229 16 18 0.637
228 251 16 20 0.628
1 209 11 20 0.621
435 411 18 21 0.615
429 357 18 22 0.590
299 317 19 22 0.576
43 425 18 21 0.560
1 464 10 23 0.491
369 346 16 20 0.487
338 390 17 23 0.466
129 431 16 21 0.399
398 385 15 20 0.372
57 257 13 18 0.328
1 259 9 20 0.308
230 363 18 24 0.275
249 343 17 23 0.274
28 252 16 21 0.266
231 374 20 28 0.264
545 431 19 22 0.261
511 489 17 23 0.210
165 225 16 19 0.165
0 265 10 21 0.148
39 453 20 24 0.144
39 339 14 17 0.143
278 265 17 22 0.118
441 317 15 17 0.115
403 475 17 21 0.113
126 248 11 15 0.113
20 436 16 18 0.112
299 442 16 21 0.080
384 398 17 21 0.069
339 382 16 23 0.067
236 383 17 23 0.063
29 297 14 16 0.061
120 246 14 19 0.059
186 280 14 19 0.058
411 274 13 18 0.052
98 312 13 17 0.049
373 374 14 19 0.043
342 274 12 15 0.036
132 427 14 18 0.036
91 301 17 20 0.034
106 288 13 17 0.034
150 322 15 18 0.033
895 556 15 17 0.029
241 346 18 24 0.026
373 273 15 19 0.025
306 437 20 25 0.024
712 529 15 33 0.024
310 570 27 37 0.020
35 340 15 20 0.019
314 356 14 20 0.018
125 433 15 20 0.018
37 182 9 14 0.017
286 569 24 37 0.016
542 741 123 27 0.016
186 285 17 20 0.014
66 467 14 18 0.014
145 568 33 39 0.014
380 396 16 19 0.013
153 389 17 22 0.012
406 276 15 19 0.012
35 242 14 17 0.012
41 332 14 19 0.012
23 204 14 18 0.011
365 664 46 57 0.011
476 566 15 17 0.011
436 358 15 21 0.010
355 456 16 19 0.010
