2_Demonstration_Political_Rally_2_171
26
103 623 44 55 0.819
851 654 55 88 0.785
47 710 40 55 0.781
125 568 17 23 0.754
150 708 32 54 0.742
406 702 45 66 0.738
619 662 49 88 0.725
735 728 49 40 0.720
948 620 20 22 0.662
1004 627 18 22 0.607
448 653 25 45 0.564
200 663 37 45 0.442
554 660 21 39 0.188
302 651 30 33 0.066
956 622 18 22 0.055
456 596 16 27 0.028
204 660 28 32 0.028
300 643 23 33 0.027
291 193 6 9 0.019
704 639 29 34 0.017
1000 631 17 21 0.014
1013 645 11 24 0.013
437 660 30 44 0.012
307 655 32 37 0.012
984 716 18 24 0.011
312 645 26 30 0.010
