2_Demonstration_Protesters_2_362
62
810 402 77 79 0.806
237 368 59 84 0.794
419 494 13 16 0.622
451 506 15 17 0.526
886 522 20 30 0.436
384 519 13 16 0.328
867 536 21 29 0.287
146 465 20 33 0.228
465 548 10 14 0.205
457 508 12 15 0.157
984 476 8 9 0.124
446 506 14 17 0.119
953 478 9 10 0.088
460 517 12 17 0.084
118 202 48 72 0.077
710 556 13 18 0.077
700 530 10 11 0.073
364 494 10 13 0.070
994 494 9 10 0.069
85 454 25 32 0.068
883 517 19 28 0.062
725 508 13 17 0.059
928 511 11 14 0.059
360 493 10 11 0.057
355 493 10 13 0.055
97 456 23 29 0.053
956 477 8 10 0.051
500 552 10 13 0.050
978 502 8 10 0.042
106 456 15 20 0.030
979 483 6 9 0.029
713 560 13 18 0.027
695 504 8 10 0.024
988 485 9 11 0.023
906 496 8 11 0.023
362 496 10 15 0.023
1 286 73 130 0.023
151 469 26 34 0.021
873 516 35 47 0.021
897 529 17 23 0.019
988 501 9 10 0.018
958 479 9 12 0.017
1015 500 7 9 0.017
461 548 10 13 0.017
401 494 10 13 0.017
707 561 14 17 0.017
80 448 37 46 0.015
688 506 10 14 0.014
322 525 32 52 0.014
415 496 12 15 0.014
716 536 11 13 0.014
368 493 10 12 0.013
466 543 9 14 0.013
714 543 12 17 0.013
1015 476 7 9 0.012
692 524 11 14 0.012
907 493 8 10 0.011
938 478 10 11 0.011
189 472 14 28 0.011
995 500 9 9 0.011
838 414 49 62 0.011
695 511 9 13 0.010
