2_Demonstration_Political_Rally_2_410
163
4 526 63 76 0.850
633 447 95 116 0.840
467 454 38 43 0.837
249 499 74 86 0.837
858 418 39 48 0.818
728 472 49 60 0.807
353 430 41 47 0.805
505 491 37 50 0.802
181 493 49 57 0.785
562 515 40 66 0.759
932 445 31 37 0.742
807 447 21 24 0.720
510 427 17 21 0.691
116 421 21 25 0.686
832 427 16 19 0.670
607 433 18 24 0.658
152 414 13 15 0.591
13 416 27 32 0.578
101 397 10 14 0.503
178 410 10 12 0.502
330 419 8 10 0.494
955 426 20 22 0.460
1012 547 12 66 0.459
407 420 9 14 0.444
532 419 9 12 0.419
288 416 9 11 0.406
564 420 14 20 0.404
211 416 12 15 0.384
150 394 8 10 0.371
545 419 9 10 0.344
608 418 16 18 0.310
744 416 17 19 0.308
122 402 10 12 0.306
66 409 13 20 0.292
1010 413 8 9 0.258
252 413 9 12 0.252
542 418 9 11 0.251
1007 427 9 12 0.244
179 395 7 9 0.230
218 413 10 13 0.209
123 399 9 11 0.190
252 411 7 10 0.170
125 398 9 10 0.164
256 420 11 14 0.162
916 412 7 9 0.160
538 419 9 10 0.160
319 429 9 11 0.156
461 421 10 12 0.153
50 383 8 11 0.146
900 454 14 17 0.145
390 415 9 11 0.130
56 407 11 15 0.115
318 459 15 17 0.113
43 415 17 22 0.112
52 408 13 18 0.110
465 420 10 12 0.109
955 438 21 27 0.105
292 437 12 18 0.103
460 421 8 10 0.102
404 421 10 14 0.100
277 416 11 13 0.096
71 409 14 19 0.092
217 420 12 15 0.089
269 437 15 19 0.087
1018 448 6 19 0.086
145 394 11 11 0.085
401 415 8 10 0.082
1 397 7 23 0.077
44 381 12 15 0.075
962 437 16 22 0.074
81 414 11 17 0.070
228 430 12 14 0.070
548 420 11 13 0.067
2 403 20 33 0.066
898 447 14 20 0.064
287 419 11 14 0.062
605 398 11 11 0.061
469 422 13 15 0.060
270 434 12 16 0.057
293 416 7 9 0.056
267 401 6 6 0.055
224 413 10 12 0.052
203 418 12 14 0.052
771 416 10 12 0.051
31 379 14 17 0.050
227 410 8 11 0.047
847 402 7 8 0.044
39 412 17 22 0.042
440 424 7 7 0.041
550 417 7 10 0.040
0 402 11 26 0.040
39 382 13 14 0.038
263 438 15 18 0.038
493 406 5 6 0.037
181 422 11 14 0.036
268 417 10 12 0.036
987 419 7 8 0.036
609 401 13 14 0.035
324 444 10 13 0.034
265 400 6 6 0.034
984 414 7 8 0.034
152 392 8 9 0.033
984 417 6 8 0.033
266 442 17 20 0.033
321 440 11 13 0.033
994 424 9 12 0.032
608 405 12 15 0.032
744 421 19 21 0.031
94 387 8 9 0.030
31 416 21 27 0.029
845 402 7 9 0.028
981 410 6 8 0.028
148 392 8 9 0.027
564 427 14 22 0.026
831 422 22 28 0.026
918 412 8 12 0.026
94 389 9 11 0.026
322 455 12 18 0.024
179 393 6 8 0.023
760 414 13 15 0.023
440 408 8 9 0.023
439 417 7 10 0.022
290 442 14 17 0.020
1015 454 8 24 0.020
531 417 7 8 0.019
303 417 6 8 0.019
131 496 25 30 0.019
268 401 7 9 0.018
66 401 9 12 0.018
328 417 7 8 0.018
388 414 13 15 0.017
803 475 16 22 0.017
997 435 12 16 0.017
961 446 16 21 0.017
89 431 14 17 0.017
314 457 23 30 0.016
519 412 7 8 0.016
812 429 14 17 0.016
935 413 7 8 0.016
457 424 8 10 0.015
186 408 9 11 0.015
49 405 13 17 0.015
994 439 13 14 0.015
401 449 12 21 0.014
189 422 11 14 0.014
849 402 8 9 0.014
384 415 10 11 0.013
0 434 7 23 0.013
222 73 15 19 0.013
781 433 16 19 0.013
116 494 29 32 0.013
209 412 18 23 0.013
24 378 17 22 0.013
209 397 6 8 0.013
430 408 6 8 0.013
793 426 11 14 0.013
898 436 13 17 0.012
462 417 7 10 0.012
353 387 6 9 0.012
258 443 17 18 0.012
210 387 5 7 0.012
1006 539 19 58 0.010
391 450 16 24 0.010
