2_Demonstration_Demonstrators_2_188
75
375 458 95 122 0.828
483 384 39 47 0.793
222 346 50 54 0.787
189 289 36 43 0.781
226 241 34 43 0.767
286 338 40 50 0.728
876 363 33 42 0.727
153 409 44 55 0.716
775 1086 103 107 0.680
4 422 36 46 0.675
854 222 23 27 0.547
304 275 27 37 0.464
21 395 27 30 0.425
390 347 32 39 0.327
1009 364 13 18 0.250
108 354 16 21 0.187
560 409 33 38 0.178
890 331 16 18 0.141
548 408 27 36 0.106
920 365 19 26 0.105
982 372 14 18 0.077
814 1194 118 77 0.071
359 358 20 25 0.069
958 378 14 17 0.066
47 378 22 27 0.061
631 372 22 26 0.059
1 396 15 21 0.058
148 259 28 37 0.053
537 406 25 35 0.051
1012 336 10 13 0.051
622 380 25 30 0.050
610 394 23 29 0.046
930 393 18 24 0.043
919 436 21 35 0.042
105 203 18 25 0.042
397 355 31 38 0.037
928 375 18 23 0.036
966 404 22 27 0.035
934 370 18 22 0.034
110 159 19 27 0.032
574 412 30 35 0.032
1012 365 13 21 0.032
924 392 18 25 0.032
1010 334 10 12 0.030
11 351 17 23 0.028
986 507 30 64 0.028
84 382 16 24 0.026
987 342 11 12 0.025
913 329 13 14 0.023
426 384 27 34 0.021
929 418 24 34 0.021
958 407 23 30 0.020
295 223 19 25 0.020
985 338 10 13 0.019
625 372 20 22 0.018
108 167 19 31 0.018
620 390 25 31 0.017
779 1125 77 73 0.016
138 351 17 24 0.015
939 410 24 32 0.014
1014 333 10 13 0.014
86 481 67 66 0.013
351 367 20 26 0.013
661 372 14 18 0.013
294 219 14 20 0.012
997 1056 27 110 0.012
789 1098 132 115 0.011
158 265 26 34 0.011
839 1383 88 151 0.011
863 220 20 26 0.011
2 396 22 28 0.011
13 342 17 22 0.010
519 330 18 24 0.010
158 278 26 34 0.010
104 213 25 35 0.010
