2_Demonstration_Demonstrators_2_712
36
889 423 38 48 0.791
649 528 42 61 0.788
767 480 36 47 0.771
702 536 28 29 0.725
995 370 29 54 0.650
904 63 22 26 0.332
703 195 11 13 0.150
177 634 18 20 0.117
918 187 13 15 0.078
642 192 13 14 0.057
0 595 10 63 0.054
684 518 21 25 0.053
735 18 52 64 0.050
813 512 43 61 0.046
358 221 99 122 0.040
853 57 6 8 0.037
116 572 24 30 0.035
493 557 28 35 0.031
954 437 34 51 0.031
434 530 31 43 0.027
286 408 41 47 0.026
865 431 20 25 0.025
707 196 11 13 0.023
830 668 81 32 0.020
688 540 19 23 0.019
996 347 29 54 0.019
672 608 45 45 0.018
871 424 26 35 0.018
694 193 11 13 0.013
159 537 9 10 0.013
676 504 24 30 0.013
855 56 6 7 0.012
123 524 12 15 0.012
352 637 23 33 0.012
958 202 12 13 0.012
1012 221 11 15 0.011
