2_Demonstration_Demonstration_Or_Protest_2_54
102
445 134 37 46 0.826
323 205 41 49 0.782
774 135 35 41 0.780
196 57 19 24 0.773
984 229 32 40 0.771
239 149 31 41 0.758
171 111 20 24 0.758
862 130 40 52 0.757
505 141 23 27 0.749
567 152 24 29 0.749
731 163 31 40 0.734
668 135 28 32 0.716
268 144 19 24 0.715
107 160 25 30 0.707
531 151 20 25 0.706
182 174 21 29 0.696
172 147 20 26 0.688
576 200 34 45 0.688
613 163 20 24 0.687
319 154 19 24 0.675
373 92 15 17 0.655
401 170 19 22 0.607
639 154 21 25 0.607
367 113 9 13 0.591
133 153 21 29 0.562
125 96 15 20 0.545
272 193 20 30 0.524
402 117 10 12 0.524
243 116 15 17 0.513
106 88 21 26 0.492
359 179 20 21 0.454
489 57 18 32 0.353
382 163 15 19 0.336
314 13 11 14 0.334
971 65 11 13 0.301
395 67 10 13 0.282
695 161 18 24 0.273
310 40 9 10 0.236
850 133 24 33 0.207
987 110 27 31 0.192
534 125 12 15 0.189
717 157 20 24 0.175
335 10 8 9 0.135
482 167 19 23 0.134
963 193 6 7 0.110
396 103 9 11 0.091
278 176 18 21 0.079
533 131 15 19 0.077
718 171 19 23 0.073
601 141 14 17 0.073
335 38 9 13 0.073
494 112 12 17 0.071
718 167 28 35 0.062
281 182 18 22 0.058
1009 193 14 26 0.058
965 193 6 7 0.053
443 72 12 15 0.050
514 112 11 15 0.050
286 177 16 20 0.048
356 161 16 19 0.043
341 176 25 29 0.043
496 116 14 16 0.042
530 128 14 19 0.039
238 118 15 17 0.039
491 75 15 27 0.038
409 166 13 17 0.031
605 136 16 18 0.029
961 192 7 10 0.028
474 107 14 20 0.028
399 66 10 13 0.027
204 96 16 22 0.026
281 27 7 9 0.026
527 93 9 11 0.024
1012 190 12 22 0.023
248 152 23 30 0.023
416 168 16 20 0.023
202 136 15 20 0.022
696 167 21 27 0.021
530 135 17 21 0.018
294 4 8 8 0.018
396 116 10 12 0.017
719 152 19 22 0.017
326 19 10 13 0.017
379 67 10 10 0.016
367 64 8 10 0.016
487 163 18 21 0.014
607 129 13 16 0.014
594 94 9 12 0.014
1004 67 8 10 0.014
509 122 13 16 0.014
317 11 9 12 0.013
398 174 19 24 0.013
278 170 15 18 0.013
339 177 18 21 0.013
587 97 11 14 0.013
375 39 8 10 0.012
975 64 11 14 0.012
612 129 15 18 0.011
554 123 9 11 0.011
1017 54 7 13 0.011
344 118 8 9 0.011
966 64 11 14 0.011
