2_Demonstration_Political_Rally_2_891
31
304 266 137 186 0.880
492 21 156 207 0.880
31 390 49 53 0.810
234 285 35 50 0.756
183 385 42 55 0.748
58 261 18 23 0.693
29 256 24 42 0.675
74 239 12 19 0.505
124 233 11 14 0.438
161 257 12 18 0.259
195 226 8 10 0.135
28 240 18 33 0.128
271 241 10 14 0.117
169 234 10 12 0.061
34 492 40 60 0.048
190 227 10 12 0.031
268 245 11 16 0.027
262 255 11 16 0.026
173 233 12 13 0.023
166 234 9 12 0.021
133 254 9 10 0.017
137 255 9 11 0.017
78 240 12 18 0.015
27 238 17 21 0.015
284 270 19 28 0.014
258 256 13 18 0.013
130 252 10 14 0.012
266 231 10 13 0.012
157 255 18 23 0.011
443 263 16 23 0.011
193 226 11 15 0.011
