2_Demonstration_Demonstration_Or_Protest_2_606
72
44 253 47 51 0.836
903 264 57 62 0.836
217 294 45 63 0.825
335 279 79 99 0.823
546 300 84 108 0.811
1000 278 24 58 0.804
770 258 59 65 0.803
636 245 55 59 0.780
6 281 40 44 0.769
826 236 38 46 0.761
186 246 31 40 0.753
507 238 38 63 0.747
217 238 39 45 0.746
745 273 34 49 0.745
712 258 33 44 0.732
106 304 52 49 0.724
148 255 26 30 0.673
446 223 34 50 0.648
708 220 24 28 0.643
283 238 28 35 0.585
310 230 33 40 0.567
726 264 36 47 0.487
1009 227 16 29 0.332
616 203 10 13 0.306
109 236 22 30 0.230
117 241 18 25 0.224
425 215 9 11 0.224
289 231 35 42 0.187
89 235 28 33 0.185
880 312 28 35 0.174
962 239 15 21 0.132
266 164 10 12 0.125
100 238 21 27 0.095
889 235 21 25 0.084
0 255 14 39 0.077
423 217 9 11 0.049
702 225 19 23 0.043
260 211 17 26 0.040
260 204 17 21 0.036
148 246 19 25 0.033
397 241 29 35 0.032
525 209 6 7 0.031
614 200 9 13 0.030
687 204 9 11 0.030
695 226 16 23 0.025
150 243 15 18 0.024
424 213 12 17 0.023
257 241 20 26 0.023
697 217 10 15 0.022
62 242 43 49 0.021
52 215 8 10 0.021
92 233 36 44 0.019
631 242 24 28 0.019
265 236 19 25 0.018
951 223 14 16 0.017
525 213 10 12 0.016
627 238 18 25 0.015
620 202 10 12 0.015
959 239 21 34 0.015
82 230 21 25 0.015
105 266 45 48 0.014
407 246 17 25 0.014
541 210 7 9 0.014
918 234 32 33 0.013
698 212 9 12 0.013
706 221 14 18 0.012
703 222 32 43 0.012
-1 266 16 40 0.012
525 209 10 12 0.011
260 166 12 14 0.010
927 232 24 23 0.010
539 215 10 12 0.010
