2_Demonstration_Demonstrators_2_654
37
452 156 36 43 0.798
586 166 37 41 0.794
294 145 39 46 0.775
711 130 25 27 0.677
828 128 29 36 0.595
717 187 34 41 0.557
254 118 30 37 0.549
157 130 44 61 0.450
597 113 24 30 0.419
349 147 26 31 0.402
955 188 35 41 0.323
162 101 21 24 0.270
463 117 28 31 0.125
22 225 62 83 0.093
71 109 24 27 0.073
356 137 26 33 0.036
965 141 26 30 0.033
1007 288 17 71 0.030
247 120 26 32 0.025
1017 86 7 18 0.025
606 113 24 30 0.024
931 99 17 20 0.024
591 139 32 41 0.023
77 101 19 22 0.019
924 99 24 33 0.016
976 139 20 24 0.015
968 96 17 19 0.015
7 238 65 85 0.015
1000 130 22 37 0.014
970 75 10 11 0.013
67 116 32 35 0.012
456 126 35 45 0.012
1003 121 19 31 0.012
180 38 12 15 0.011
928 124 27 35 0.011
71 104 19 22 0.010
398 273 19 21 0.010
