2_Demonstration_Protesters_2_352
32
588 187 45 58 0.836
132 462 37 51 0.814
135 408 41 51 0.786
680 535 44 63 0.728
610 626 45 69 0.577
920 503 39 59 0.508
150 222 12 14 0.502
68 228 12 13 0.498
931 204 13 15 0.482
677 231 10 13 0.382
0 516 22 57 0.316
147 222 11 14 0.104
927 205 13 16 0.103
821 503 32 47 0.096
957 503 45 54 0.074
73 228 11 14 0.072
435 471 26 58 0.072
214 608 32 64 0.071
383 278 7 8 0.063
10 221 7 9 0.048
936 204 11 14 0.048
661 494 38 49 0.030
57 484 29 49 0.027
394 228 9 13 0.024
64 227 11 14 0.023
0 262 6 14 0.023
393 223 9 14 0.022
395 603 28 59 0.021
916 495 31 56 0.019
5 516 38 52 0.014
155 223 12 15 0.012
44 491 38 53 0.010
