2_Demonstration_Political_Rally_2_114
421
649 317 25 35 0.750
953 342 26 45 0.629
239 411 58 83 0.468
679 232 9 11 0.444
475 179 8 9 0.385
824 269 14 24 0.385
382 100 7 8 0.373
97 320 25 43 0.366
791 280 15 24 0.365
358 96 6 7 0.339
687 264 13 16 0.305
309 92 6 7 0.304
276 173 10 11 0.302
508 325 21 34 0.289
311 224 10 14 0.283
432 180 6 8 0.277
259 172 8 9 0.276
594 228 8 10 0.272
366 167 7 9 0.270
493 181 7 8 0.267
566 232 7 8 0.262
608 260 11 13 0.262
830 245 9 13 0.241
653 238 9 10 0.233
287 89 6 7 0.231
273 97 6 7 0.220
345 91 6 7 0.220
773 165 6 9 0.219
297 216 9 11 0.210
150 270 16 18 0.210
66 211 9 11 0.208
8 347 24 50 0.206
336 103 6 7 0.194
763 224 6 7 0.192
508 255 16 22 0.190
417 270 16 25 0.185
340 63 5 6 0.183
92 266 15 16 0.182
461 316 21 32 0.180
455 180 7 8 0.176
629 243 10 12 0.166
853 239 9 12 0.165
643 167 7 8 0.164
331 175 7 9 0.157
599 116 6 7 0.146
707 219 6 8 0.145
596 283 17 21 0.143
308 222 10 13 0.141
734 234 9 14 0.140
974 237 8 11 0.139
890 182 6 8 0.131
77 212 9 12 0.129
965 172 6 7 0.126
434 182 6 7 0.126
1005 223 8 9 0.121
862 223 8 10 0.118
429 178 7 10 0.116
453 180 6 8 0.115
997 169 7 7 0.114
304 111 6 7 0.112
69 210 10 12 0.112
327 93 6 7 0.111
601 116 6 6 0.111
570 208 6 7 0.109
271 97 6 6 0.109
568 250 11 14 0.107
965 197 6 7 0.105
54 256 16 24 0.105
521 281 15 25 0.105
522 224 7 9 0.104
779 365 24 35 0.100
477 180 8 9 0.099
718 163 6 8 0.099
673 254 10 13 0.095
291 163 8 12 0.093
697 230 7 10 0.093
463 179 7 9 0.092
442 268 13 19 0.092
801 301 17 26 0.088
549 254 9 10 0.086
234 114 5 7 0.086
851 240 8 12 0.085
949 210 6 7 0.084
1005 204 6 7 0.081
569 231 7 8 0.081
881 241 7 10 0.080
766 224 6 7 0.079
641 165 7 9 0.077
458 181 6 8 0.075
943 288 18 22 0.073
987 209 7 8 0.072
496 181 6 8 0.071
11 150 7 9 0.071
196 137 6 7 0.070
962 217 6 8 0.070
368 169 6 8 0.069
600 274 15 21 0.068
991 241 9 12 0.068
507 264 13 21 0.068
600 236 8 9 0.068
223 125 6 7 0.067
840 223 7 9 0.066
471 153 6 7 0.066
334 78 6 6 0.066
966 198 7 8 0.065
704 219 8 10 0.064
562 229 7 9 0.063
732 210 6 7 0.062
422 96 6 7 0.061
473 203 6 8 0.060
420 95 6 7 0.060
417 239 7 10 0.059
698 229 8 9 0.059
537 223 6 8 0.058
505 249 13 20 0.058
610 212 6 7 0.058
16 219 11 13 0.058
652 213 6 8 0.057
653 211 6 7 0.056
752 165 6 7 0.055
224 127 5 6 0.055
948 465 36 44 0.055
147 263 15 19 0.054
795 293 16 26 0.054
455 193 6 9 0.054
30 169 8 9 0.053
874 167 7 7 0.053
574 108 6 7 0.053
923 202 6 7 0.053
292 251 12 15 0.052
557 220 6 7 0.051
424 99 5 6 0.051
870 206 8 9 0.050
285 166 9 12 0.049
877 167 6 7 0.049
213 245 14 15 0.048
418 92 5 6 0.047
719 222 6 8 0.047
948 244 10 12 0.046
499 219 7 8 0.046
626 215 6 8 0.046
420 213 7 9 0.045
826 194 7 8 0.045
1014 171 6 6 0.045
343 91 7 9 0.045
716 223 7 8 0.045
823 178 6 7 0.045
287 251 12 17 0.044
556 252 10 12 0.043
947 211 7 8 0.043
961 173 6 8 0.043
532 208 6 7 0.043
792 164 7 7 0.043
61 256 14 21 0.043
281 255 12 18 0.042
808 235 10 12 0.042
218 242 12 15 0.042
236 114 5 6 0.042
960 215 7 8 0.041
750 166 6 7 0.041
513 326 27 38 0.041
994 169 6 7 0.041
19 221 11 13 0.040
975 273 10 15 0.040
394 244 10 12 0.040
839 221 7 9 0.040
223 240 12 14 0.039
904 320 20 31 0.039
859 228 10 12 0.039
78 239 13 17 0.039
781 194 6 6 0.038
275 176 9 10 0.038
51 112 6 7 0.038
586 238 8 10 0.037
671 174 6 7 0.037
730 236 8 12 0.037
779 194 6 7 0.036
552 230 7 9 0.036
1003 202 8 11 0.036
380 98 6 7 0.035
514 209 6 7 0.035
519 351 23 53 0.035
624 216 7 8 0.035
878 242 8 10 0.034
208 244 13 15 0.034
692 329 21 31 0.034
220 175 8 9 0.034
627 243 9 11 0.034
411 319 29 37 0.034
81 214 8 11 0.034
227 122 5 7 0.034
15 341 21 44 0.033
299 250 12 14 0.033
1004 236 7 11 0.033
477 245 8 11 0.033
449 232 8 10 0.033
756 166 5 7 0.033
985 210 7 9 0.033
194 136 6 7 0.032
633 249 10 11 0.032
33 168 8 9 0.031
908 202 7 8 0.031
523 230 7 9 0.031
736 215 6 7 0.031
642 222 7 9 0.030
958 258 12 15 0.030
997 240 10 13 0.030
4 359 23 45 0.030
426 222 7 10 0.030
505 130 6 6 0.030
239 163 7 9 0.030
163 141 6 7 0.029
869 167 7 8 0.029
416 241 7 10 0.029
921 201 6 7 0.029
849 208 6 8 0.028
520 222 6 8 0.028
434 202 8 10 0.028
977 275 12 17 0.028
507 129 5 6 0.027
278 258 13 19 0.027
925 205 6 8 0.027
952 258 12 14 0.027
913 200 6 7 0.027
1002 227 9 12 0.027
287 159 8 9 0.026
391 246 10 13 0.026
232 165 7 10 0.026
73 239 12 16 0.026
250 216 9 12 0.025
708 217 8 11 0.025
722 163 6 7 0.025
180 309 25 41 0.025
227 240 11 13 0.025
636 232 7 9 0.025
972 240 9 14 0.024
693 264 12 15 0.024
669 275 11 14 0.024
412 103 6 7 0.024
166 141 7 7 0.024
423 148 5 6 0.024
514 247 10 16 0.024
947 340 23 48 0.024
951 251 11 14 0.024
935 286 18 23 0.023
613 212 6 7 0.023
879 223 8 10 0.023
401 85 5 6 0.023
298 103 5 7 0.023
223 175 8 10 0.023
358 274 19 24 0.023
280 92 8 8 0.023
622 223 6 8 0.023
793 162 6 7 0.023
591 132 5 7 0.023
342 241 10 12 0.022
603 154 6 7 0.022
390 262 14 19 0.022
759 154 5 8 0.022
161 141 7 8 0.022
842 199 7 8 0.022
786 243 8 12 0.022
944 284 14 20 0.022
514 251 14 19 0.022
795 194 6 7 0.022
386 266 15 21 0.021
636 200 6 7 0.021
295 89 8 9 0.021
981 285 15 21 0.021
448 260 12 16 0.021
948 207 6 7 0.021
62 266 14 19 0.021
951 287 13 20 0.021
283 103 6 6 0.020
435 274 16 22 0.020
293 160 8 10 0.020
512 235 9 12 0.020
505 240 10 15 0.020
467 221 7 9 0.020
473 155 6 7 0.020
430 405 41 74 0.020
819 177 7 8 0.020
602 283 15 20 0.019
628 173 6 7 0.019
635 198 5 8 0.019
393 250 11 17 0.019
952 295 13 17 0.019
295 248 11 14 0.019
980 281 12 19 0.019
639 158 5 7 0.019
954 252 11 15 0.019
789 241 10 13 0.019
634 274 12 14 0.019
453 316 23 34 0.018
378 116 6 8 0.018
844 197 6 7 0.018
425 102 6 7 0.018
935 216 8 9 0.018
585 243 9 12 0.018
503 126 8 11 0.018
839 177 6 8 0.018
794 165 6 8 0.018
918 200 9 11 0.017
651 236 11 14 0.017
47 256 17 25 0.017
709 190 6 7 0.017
429 204 9 11 0.017
649 214 8 10 0.017
543 253 9 13 0.017
105 317 24 43 0.017
567 129 6 6 0.017
341 61 5 6 0.017
381 110 6 8 0.017
674 174 5 6 0.017
872 165 8 10 0.017
822 174 6 8 0.017
573 212 6 7 0.017
599 115 9 10 0.017
773 230 7 9 0.017
192 172 6 8 0.016
28 172 9 12 0.016
315 333 19 38 0.016
882 220 9 10 0.016
369 165 9 10 0.016
220 286 19 22 0.016
391 267 14 21 0.016
469 223 7 8 0.016
278 176 9 10 0.016
572 109 6 6 0.016
34 171 7 9 0.016
138 147 6 7 0.015
304 201 8 9 0.015
336 64 5 5 0.015
228 167 7 9 0.015
787 279 15 22 0.015
760 230 7 11 0.015
792 242 10 13 0.015
415 236 8 10 0.015
457 240 10 12 0.015
880 175 9 10 0.015
465 245 10 12 0.015
569 128 6 6 0.015
591 281 16 20 0.015
923 284 13 18 0.015
429 102 5 6 0.014
355 182 6 9 0.014
67 262 16 18 0.014
639 275 11 14 0.014
733 238 9 15 0.014
689 200 6 8 0.014
103 227 8 10 0.014
808 245 9 12 0.014
345 238 10 12 0.014
799 281 13 21 0.014
401 234 9 11 0.014
738 190 6 8 0.014
576 252 12 16 0.014
8 147 7 9 0.014
144 258 12 17 0.014
234 164 9 10 0.014
421 97 7 10 0.014
482 200 6 8 0.013
578 156 6 7 0.013
484 248 7 10 0.013
885 274 16 24 0.013
967 194 6 8 0.013
554 223 8 10 0.013
85 242 12 15 0.013
909 204 7 8 0.013
947 475 42 52 0.013
709 192 5 8 0.013
638 155 6 7 0.013
52 114 6 7 0.013
966 173 8 10 0.013
591 130 5 7 0.013
946 246 10 12 0.013
971 273 10 14 0.013
693 157 6 6 0.013
136 144 5 8 0.013
276 253 13 18 0.012
644 280 9 12 0.012
1012 214 6 10 0.012
502 259 19 31 0.012
645 135 4 7 0.012
336 214 8 9 0.012
338 241 11 14 0.012
238 130 5 6 0.012
473 198 8 11 0.012
734 268 14 22 0.012
984 280 14 19 0.012
828 179 6 7 0.012
433 228 8 9 0.012
233 113 7 9 0.012
354 284 21 25 0.012
329 174 6 8 0.012
26 185 8 10 0.011
21 175 7 9 0.011
446 236 9 11 0.011
360 134 6 7 0.011
494 216 8 11 0.011
156 263 15 19 0.011
482 238 9 12 0.011
782 371 31 37 0.011
357 265 18 22 0.011
249 133 5 6 0.011
981 167 6 7 0.011
829 203 8 11 0.011
517 336 22 37 0.011
738 226 8 10 0.011
684 260 19 24 0.010
342 292 22 28 0.010
226 291 22 24 0.010
691 155 5 6 0.010
814 243 11 16 0.010
149 257 15 19 0.010
879 290 16 25 0.010
614 145 5 6 0.010
488 110 5 6 0.010
101 210 8 10 0.010
346 242 12 16 0.010
374 134 6 7 0.010
