2_Demonstration_Political_Rally_2_57
76
896 254 33 42 0.806
147 132 33 37 0.803
275 204 33 40 0.787
278 144 29 38 0.773
78 138 34 45 0.771
213 144 34 45 0.771
588 130 35 49 0.768
758 144 28 36 0.767
664 180 31 41 0.760
782 146 30 40 0.746
944 170 30 35 0.729
385 121 29 38 0.718
359 140 33 41 0.717
527 153 31 39 0.717
492 165 33 42 0.703
827 123 32 41 0.683
929 212 24 31 0.649
443 76 23 28 0.626
919 170 25 32 0.624
465 151 24 37 0.623
258 129 23 30 0.606
104 121 27 31 0.560
641 148 25 36 0.555
2 125 21 39 0.513
485 304 51 70 0.510
485 135 24 34 0.460
9 126 22 34 0.441
933 151 24 26 0.421
108 152 19 25 0.255
924 194 25 34 0.252
340 145 28 33 0.219
553 176 19 25 0.199
793 144 34 42 0.184
714 183 23 30 0.159
1016 143 8 33 0.146
285 115 18 27 0.126
765 141 32 41 0.122
431 150 15 22 0.109
925 160 25 36 0.102
425 147 18 26 0.102
95 143 27 36 0.088
22 133 22 33 0.082
106 128 29 34 0.080
644 137 21 33 0.057
372 131 32 42 0.057
1012 177 11 30 0.057
410 150 18 24 0.054
471 143 32 43 0.054
1013 164 10 36 0.048
334 137 25 30 0.044
723 168 19 25 0.039
492 142 24 29 0.039
721 175 19 27 0.034
34 136 23 32 0.030
115 160 20 29 0.030
0 129 15 31 0.029
123 135 20 27 0.027
708 185 22 27 0.025
436 151 16 25 0.025
116 127 22 29 0.023
818 121 28 38 0.023
1014 246 10 37 0.022
537 163 23 30 0.020
405 145 19 25 0.020
723 187 19 28 0.016
133 150 21 26 0.016
43 130 21 30 0.015
851 236 23 33 0.015
445 200 16 21 0.014
97 128 28 39 0.014
58 61 22 21 0.014
139 135 30 33 0.013
556 106 16 23 0.013
812 152 19 23 0.012
1017 252 7 26 0.010
505 149 17 24 0.010
