2_Demonstration_Protesters_2_912
97
718 278 32 40 0.793
146 431 25 31 0.780
998 349 24 29 0.765
836 325 27 35 0.737
880 331 24 33 0.722
525 314 18 22 0.719
41 347 16 20 0.696
170 363 17 20 0.689
478 310 27 35 0.689
510 336 20 30 0.687
551 310 20 25 0.686
352 346 19 25 0.663
256 337 13 16 0.639
130 369 14 22 0.604
596 313 24 36 0.563
645 341 17 21 0.551
66 348 12 16 0.547
636 319 13 18 0.507
193 334 12 18 0.478
789 334 17 20 0.472
260 384 18 36 0.450
953 307 12 15 0.449
755 355 15 16 0.407
652 325 13 16 0.406
618 318 17 23 0.378
293 324 8 10 0.374
938 337 17 20 0.343
441 311 9 14 0.311
918 337 13 19 0.292
368 329 12 14 0.268
270 319 6 8 0.246
423 306 8 11 0.245
541 311 21 24 0.244
237 331 6 9 0.208
610 318 19 26 0.200
239 331 7 9 0.178
797 338 18 22 0.148
923 336 16 20 0.147
410 327 10 11 0.135
393 316 8 10 0.127
339 329 11 13 0.122
510 306 12 17 0.119
338 313 7 8 0.116
685 311 15 18 0.097
443 303 14 18 0.092
330 334 13 17 0.081
802 342 17 23 0.075
301 350 9 13 0.075
656 313 11 13 0.071
659 319 11 16 0.070
242 331 6 9 0.068
794 332 17 20 0.067
914 337 13 17 0.067
396 314 7 10 0.064
336 331 12 14 0.064
329 334 9 13 0.061
526 293 13 16 0.059
285 318 6 8 0.057
268 324 9 12 0.056
240 332 10 12 0.046
574 296 13 14 0.041
772 329 10 12 0.036
394 314 6 8 0.035
328 405 17 26 0.035
397 306 5 6 0.031
448 300 10 14 0.031
344 327 8 9 0.025
971 310 8 13 0.025
670 314 13 14 0.023
572 296 10 11 0.020
965 309 10 14 0.017
236 333 8 11 0.017
379 325 10 12 0.017
513 301 13 16 0.017
313 315 6 8 0.017
717 365 14 16 0.017
388 306 5 6 0.016
636 319 18 24 0.015
377 305 5 6 0.015
186 350 12 17 0.015
901 335 18 25 0.015
911 343 14 18 0.015
373 322 9 12 0.015
197 329 9 13 0.014
314 310 6 7 0.014
391 313 12 15 0.014
941 341 17 21 0.014
360 315 6 7 0.014
360 318 6 8 0.014
313 313 5 7 0.013
779 349 15 21 0.013
379 306 6 7 0.011
126 373 14 20 0.011
934 262 9 10 0.011
417 302 5 7 0.011
600 326 20 26 0.010
764 357 13 17 0.010
