2_Demonstration_Protesters_2_268
27
75 206 40 53 0.832
845 209 36 45 0.812
593 206 37 45 0.806
281 241 33 43 0.775
397 238 32 35 0.772
534 257 28 32 0.717
985 253 28 33 0.676
188 215 30 52 0.536
365 243 27 33 0.496
472 229 33 37 0.393
693 232 20 31 0.233
751 210 18 37 0.165
514 274 17 21 0.154
234 233 26 36 0.107
464 237 32 36 0.067
460 237 21 27 0.033
804 245 18 22 0.033
251 229 20 30 0.031
16 243 15 17 0.022
479 227 23 27 0.021
509 275 16 21 0.020
472 228 23 26 0.015
562 238 15 20 0.015
693 197 24 35 0.013
369 237 36 42 0.012
258 236 16 24 0.011
519 262 19 24 0.010
