2_Demonstration_Demonstrators_2_689
40
123 311 38 52 0.834
351 323 76 80 0.802
183 260 34 51 0.767
0 246 20 25 0.682
257 227 19 24 0.667
297 247 34 46 0.654
214 210 19 20 0.620
147 235 16 21 0.605
348 193 19 21 0.583
174 231 17 20 0.572
50 257 15 19 0.531
88 238 14 17 0.447
313 207 20 23 0.441
39 238 12 15 0.350
211 208 16 19 0.171
239 245 18 22 0.092
7 351 76 89 0.046
320 215 20 23 0.039
43 238 12 14 0.034
69 216 10 12 0.033
33 294 26 29 0.033
169 234 17 21 0.032
33 240 12 13 0.028
222 210 16 18 0.025
939 202 27 66 0.023
335 250 25 38 0.020
38 234 12 14 0.017
89 214 10 13 0.017
80 237 14 18 0.015
72 216 11 14 0.015
87 221 12 15 0.013
95 277 25 36 0.013
256 217 17 22 0.013
90 217 13 16 0.012
56 256 15 21 0.012
345 199 18 22 0.011
32 232 10 12 0.011
256 208 15 16 0.011
68 213 9 12 0.010
342 194 17 20 0.010
