2_Demonstration_Political_Rally_2_319
277
617 455 35 48 0.813
120 444 22 30 0.713
715 527 33 52 0.711
667 444 24 34 0.695
392 465 24 33 0.683
138 684 26 40 0.668
157 487 24 33 0.642
839 569 37 58 0.632
855 429 17 26 0.609
54 456 20 31 0.593
873 385 13 16 0.568
277 456 21 37 0.523
955 399 11 16 0.517
459 434 16 27 0.516
723 473 28 33 0.447
44 566 27 48 0.427
782 413 11 19 0.424
843 396 12 14 0.416
536 443 16 32 0.388
111 368 8 10 0.381
1 392 8 20 0.354
213 440 19 29 0.318
585 516 33 50 0.292
312 519 20 35 0.288
750 407 9 13 0.256
998 488 14 24 0.254
73 354 7 9 0.230
90 355 7 8 0.210
456 375 10 12 0.208
402 364 7 8 0.198
249 370 8 9 0.191
314 377 10 11 0.187
299 470 19 32 0.186
232 359 8 9 0.186
897 405 11 13 0.178
244 382 9 12 0.174
494 381 13 15 0.173
334 411 12 18 0.170
926 378 7 7 0.162
134 367 6 8 0.150
141 406 14 17 0.148
808 449 17 21 0.146
249 402 14 18 0.144
78 387 10 13 0.143
287 375 8 10 0.142
39 435 19 25 0.141
307 359 7 9 0.138
57 374 9 12 0.138
966 365 6 8 0.129
531 390 10 12 0.125
244 401 15 19 0.125
366 414 12 21 0.120
977 525 26 32 0.118
39 387 10 13 0.116
274 341 6 7 0.115
345 362 7 10 0.111
235 401 15 20 0.110
172 409 11 15 0.110
814 391 9 12 0.106
312 419 12 17 0.104
262 379 9 10 0.104
5 370 7 10 0.101
23 358 6 7 0.098
176 418 15 18 0.097
1014 385 7 10 0.094
408 381 11 14 0.093
325 392 12 15 0.091
528 431 18 38 0.089
819 389 7 9 0.087
36 388 11 15 0.086
33 459 18 25 0.085
192 413 16 20 0.084
507 368 9 10 0.084
59 371 9 11 0.084
136 405 15 17 0.083
968 379 8 9 0.079
323 343 7 8 0.078
118 390 8 12 0.075
181 388 11 12 0.075
712 412 9 15 0.073
229 357 7 9 0.073
368 411 16 24 0.070
221 394 11 14 0.069
829 433 13 15 0.069
30 460 15 22 0.067
208 373 8 10 0.065
3 392 13 19 0.064
237 359 7 8 0.063
268 354 7 9 0.062
37 449 19 26 0.062
113 367 8 9 0.061
571 529 23 42 0.060
382 361 8 9 0.060
985 388 8 10 0.058
811 394 9 12 0.058
75 354 7 8 0.057
1006 368 6 7 0.057
318 377 8 10 0.057
535 391 12 15 0.057
222 351 6 7 0.056
379 360 7 9 0.055
320 344 7 8 0.054
315 357 7 9 0.053
862 376 7 9 0.053
24 365 7 9 0.053
833 430 13 19 0.052
51 380 11 15 0.051
266 355 6 8 0.050
850 394 10 13 0.049
119 393 10 13 0.049
308 356 9 10 0.048
423 364 8 9 0.048
509 478 16 24 0.048
869 366 6 6 0.047
185 416 15 19 0.046
188 418 17 22 0.043
179 390 10 12 0.043
717 474 21 30 0.042
575 445 20 25 0.042
116 367 8 10 0.042
402 364 9 12 0.042
875 383 9 13 0.041
912 388 7 9 0.041
66 403 11 18 0.041
24 372 8 10 0.040
170 371 9 11 0.039
687 403 9 14 0.039
344 361 7 8 0.038
424 362 7 8 0.038
841 400 11 15 0.038
907 374 6 7 0.038
469 394 15 18 0.037
271 361 8 9 0.037
834 463 16 22 0.036
418 543 22 39 0.036
134 369 7 10 0.036
524 519 16 35 0.036
75 357 7 8 0.036
173 369 7 10 0.035
690 408 9 13 0.034
250 386 11 14 0.034
169 369 8 10 0.033
350 450 17 22 0.033
302 363 8 10 0.031
988 366 6 7 0.031
866 370 6 8 0.030
811 364 6 7 0.030
860 378 8 11 0.029
898 361 5 7 0.029
42 361 6 7 0.028
282 352 7 8 0.028
427 364 8 10 0.027
739 392 7 10 0.027
13 365 8 10 0.027
20 333 6 7 0.027
375 356 9 11 0.026
300 365 9 11 0.026
7 394 13 19 0.026
422 359 7 8 0.025
445 409 15 20 0.025
798 375 6 9 0.024
37 401 10 17 0.024
1011 384 8 9 0.024
710 391 7 10 0.024
161 371 9 10 0.023
905 373 6 8 0.023
177 378 10 12 0.023
159 373 8 10 0.023
214 374 8 10 0.022
194 359 7 9 0.022
92 355 9 10 0.022
463 364 8 9 0.022
106 362 8 9 0.022
218 388 10 13 0.021
896 400 9 12 0.021
951 375 6 8 0.021
272 459 20 39 0.021
362 411 13 20 0.021
1009 374 8 11 0.021
297 338 6 7 0.021
180 338 5 6 0.021
720 400 10 13 0.021
440 408 12 16 0.021
249 338 5 5 0.021
374 411 17 23 0.021
725 401 9 11 0.021
713 392 8 12 0.020
254 400 11 15 0.020
286 338 5 6 0.020
104 350 6 7 0.020
37 407 12 16 0.020
178 416 20 26 0.020
169 366 6 7 0.020
685 399 9 13 0.020
294 476 19 26 0.020
9 355 6 9 0.020
140 373 9 11 0.020
110 366 10 14 0.020
143 366 6 7 0.019
1013 479 10 23 0.019
384 356 9 11 0.019
980 384 10 12 0.019
54 375 13 16 0.019
422 355 9 11 0.018
524 425 18 32 0.018
418 373 9 12 0.018
271 343 8 10 0.018
731 468 26 34 0.018
784 406 10 15 0.018
694 402 10 13 0.018
355 368 8 10 0.017
192 333 5 6 0.017
586 405 16 19 0.017
189 382 9 11 0.017
258 402 13 17 0.017
931 440 10 19 0.017
204 343 6 7 0.017
1010 427 9 16 0.017
744 376 7 9 0.016
314 381 11 13 0.016
793 457 16 22 0.015
708 413 13 19 0.015
744 436 15 18 0.015
837 367 5 6 0.015
823 365 5 6 0.014
800 357 6 8 0.014
187 334 5 6 0.014
179 340 6 6 0.014
18 372 9 10 0.014
429 357 7 8 0.014
790 459 14 23 0.014
540 392 13 15 0.014
837 365 5 6 0.013
767 409 10 14 0.013
188 358 7 8 0.013
906 376 6 8 0.013
265 446 17 27 0.013
748 381 7 9 0.013
269 452 18 26 0.013
425 353 6 8 0.013
878 382 10 13 0.013
26 353 6 8 0.012
510 370 8 12 0.012
18 356 8 10 0.012
256 341 6 7 0.012
754 402 9 13 0.012
246 369 12 14 0.012
336 405 13 19 0.012
800 372 9 10 0.012
862 356 5 7 0.012
817 395 9 11 0.012
206 340 5 6 0.012
316 401 13 18 0.012
515 478 14 21 0.012
198 446 24 27 0.012
933 372 6 7 0.011
55 320 5 7 0.011
996 400 8 11 0.011
348 369 7 10 0.011
747 430 12 17 0.011
1014 430 8 18 0.011
53 566 21 41 0.011
1011 364 6 7 0.011
18 330 9 11 0.011
235 340 5 7 0.011
519 424 15 25 0.010
848 355 5 6 0.010
159 366 7 8 0.010
827 436 12 16 0.010
388 401 12 17 0.010
677 443 20 33 0.010
22 352 8 10 0.010
958 361 5 6 0.010
690 376 7 10 0.010
870 409 10 13 0.010
810 384 8 9 0.010
506 365 7 9 0.010
