2_Demonstration_Demonstration_Or_Protest_2_644
101
232 64 25 33 0.769
147 182 25 30 0.758
101 237 31 40 0.749
877 310 29 36 0.731
645 237 19 23 0.707
404 243 21 25 0.693
174 174 21 26 0.692
767 288 25 33 0.689
850 271 21 25 0.689
932 276 21 25 0.686
333 89 19 29 0.671
822 278 22 29 0.651
835 141 18 23 0.636
715 247 22 32 0.635
21 30 20 22 0.614
658 272 24 28 0.578
656 298 25 33 0.562
367 248 21 25 0.547
563 276 26 33 0.532
294 239 16 19 0.509
570 120 17 21 0.485
431 233 19 24 0.479
518 273 21 27 0.470
237 220 16 19 0.369
473 161 17 20 0.361
512 248 18 22 0.343
271 286 15 23 0.330
550 242 19 24 0.320
479 276 18 20 0.281
528 149 17 21 0.279
384 242 17 22 0.249
783 260 15 18 0.241
539 194 18 22 0.233
379 154 21 22 0.209
964 275 22 26 0.209
491 317 17 20 0.209
446 282 21 24 0.196
211 48 16 18 0.149
656 283 27 34 0.145
588 267 16 25 0.116
384 160 20 20 0.114
437 230 16 22 0.082
358 253 19 23 0.080
584 252 16 22 0.074
544 269 19 24 0.072
500 164 15 19 0.071
533 147 17 20 0.069
282 255 13 18 0.066
1010 294 14 27 0.065
534 155 17 22 0.053
642 110 14 17 0.050
478 282 19 22 0.050
516 265 20 26 0.048
659 310 25 29 0.044
1017 237 6 8 0.041
444 166 15 18 0.039
338 240 15 20 0.038
562 268 24 31 0.037
868 350 23 31 0.037
395 163 17 19 0.035
233 217 16 21 0.031
881 272 17 21 0.029
449 274 18 22 0.027
339 94 16 25 0.026
378 148 20 21 0.026
403 164 15 17 0.025
458 269 18 23 0.025
961 271 20 25 0.024
439 280 18 23 0.023
536 166 15 20 0.022
824 266 18 22 0.021
465 225 16 22 0.021
435 150 13 17 0.020
488 274 17 22 0.019
374 150 17 19 0.019
333 245 14 19 0.018
448 212 14 17 0.018
539 148 17 20 0.018
429 280 16 21 0.018
646 102 15 19 0.018
343 236 15 20 0.017
315 151 18 23 0.017
977 275 17 23 0.017
333 236 15 19 0.017
776 312 19 22 0.016
606 257 17 20 0.015
441 215 16 20 0.015
579 249 15 18 0.014
426 286 16 21 0.013
434 167 15 18 0.013
636 111 14 18 0.012
288 215 14 16 0.012
232 224 16 19 0.012
733 95 13 16 0.012
461 230 17 22 0.011
489 151 16 20 0.011
502 197 13 19 0.011
968 285 18 24 0.011
779 263 13 17 0.011
551 137 16 18 0.010
406 156 16 18 0.010
