2_Demonstration_Demonstration_Or_Protest_2_600
212
47 243 69 85 0.839
150 305 34 41 0.791
221 385 36 49 0.767
888 280 46 73 0.748
480 299 28 34 0.747
948 402 31 48 0.728
191 144 18 21 0.728
819 306 33 46 0.727
380 146 16 20 0.724
506 144 19 23 0.683
56 151 17 19 0.683
639 148 17 22 0.682
865 221 26 31 0.667
254 109 13 15 0.664
241 162 15 17 0.649
0 158 11 23 0.646
112 35 11 14 0.632
27 102 12 15 0.617
59 59 9 11 0.614
27 42 10 12 0.613
124 111 13 14 0.608
959 262 23 27 0.605
564 126 13 16 0.600
227 102 12 14 0.599
943 145 15 17 0.599
171 102 11 14 0.593
343 311 24 29 0.590
674 351 35 44 0.579
732 110 11 13 0.562
4 30 11 13 0.562
80 103 12 14 0.558
797 148 15 18 0.557
274 57 10 12 0.555
702 128 11 16 0.545
542 112 9 12 0.539
84 45 10 13 0.538
403 105 13 14 0.536
853 138 11 19 0.530
314 104 12 14 0.527
437 107 10 12 0.526
285 147 15 16 0.521
152 54 9 11 0.513
242 56 9 11 0.510
500 109 10 12 0.508
732 150 14 16 0.483
185 64 9 11 0.475
901 125 10 11 0.471
921 113 9 10 0.470
795 114 10 13 0.467
221 50 10 12 0.465
835 118 9 12 0.463
634 110 9 10 0.460
598 109 9 12 0.459
687 102 11 13 0.448
563 108 8 10 0.445
481 108 9 11 0.444
658 116 10 13 0.423
960 124 11 14 0.422
821 112 8 10 0.407
894 144 14 17 0.406
68 46 10 11 0.405
581 110 9 11 0.395
1002 86 10 14 0.375
917 155 15 16 0.371
431 165 15 17 0.367
708 108 8 10 0.334
155 165 18 24 0.333
762 117 8 11 0.333
885 109 7 9 0.324
454 112 9 11 0.292
36 159 14 17 0.289
620 99 9 10 0.268
197 281 26 26 0.263
285 153 16 19 0.253
310 103 11 13 0.245
281 150 15 18 0.240
724 140 14 16 0.238
773 120 9 12 0.232
493 383 31 42 0.225
301 95 9 10 0.213
684 103 10 12 0.209
885 145 14 18 0.197
767 119 9 11 0.196
654 134 12 15 0.195
233 105 13 15 0.191
917 135 10 11 0.162
430 61 8 10 0.160
426 166 14 15 0.160
242 74 9 11 0.158
451 110 9 12 0.157
371 113 9 11 0.147
103 161 17 19 0.145
903 146 13 16 0.128
793 118 11 12 0.112
706 129 12 15 0.111
957 127 13 16 0.110
780 107 8 10 0.107
637 144 15 21 0.099
888 110 7 8 0.089
776 112 9 11 0.087
573 109 9 11 0.087
334 93 8 10 0.083
30 144 14 17 0.081
627 123 10 13 0.077
0 153 10 19 0.077
376 111 9 10 0.076
458 112 9 10 0.076
484 107 9 10 0.074
218 51 10 11 0.073
976 118 8 10 0.066
609 160 12 13 0.065
964 121 10 12 0.064
482 167 16 17 0.060
408 124 11 12 0.060
649 134 12 15 0.058
251 75 8 10 0.056
408 115 11 13 0.055
539 112 9 11 0.054
698 128 11 14 0.054
995 362 28 56 0.053
793 125 11 13 0.051
397 185 16 17 0.050
419 116 9 12 0.050
609 99 9 11 0.046
404 110 12 14 0.046
876 116 7 9 0.045
287 161 16 19 0.044
316 107 12 14 0.043
881 145 13 17 0.042
302 97 9 12 0.040
709 157 11 14 0.040
437 161 14 17 0.039
926 112 7 10 0.037
776 162 11 14 0.036
510 326 25 30 0.036
406 226 13 15 0.035
963 129 11 14 0.035
998 86 10 12 0.035
82 100 12 14 0.034
957 155 13 14 0.033
311 107 13 14 0.033
638 112 9 12 0.032
982 120 8 12 0.032
431 91 9 11 0.032
306 96 10 12 0.032
64 48 10 13 0.031
149 53 8 11 0.031
278 57 10 12 0.031
667 366 37 46 0.031
975 149 10 12 0.028
861 116 7 8 0.028
950 143 13 17 0.028
432 170 16 17 0.027
911 153 14 15 0.026
547 165 15 19 0.026
595 107 8 10 0.025
691 100 9 11 0.024
515 143 14 20 0.023
510 134 12 14 0.023
100 159 14 16 0.022
306 94 8 9 0.021
726 152 14 16 0.021
985 122 9 13 0.020
179 55 8 9 0.020
864 116 7 8 0.020
705 162 12 15 0.020
337 92 8 10 0.019
430 88 9 11 0.019
998 91 9 12 0.019
683 100 8 11 0.018
981 259 18 23 0.018
760 121 10 13 0.017
782 128 10 12 0.017
390 162 16 19 0.017
700 172 12 14 0.017
1014 120 7 13 0.017
835 106 6 7 0.017
327 232 17 20 0.016
702 165 13 15 0.016
270 57 8 10 0.015
886 143 11 14 0.015
87 42 10 12 0.015
989 310 24 32 0.014
27 140 14 17 0.014
152 132 11 14 0.014
136 184 28 34 0.014
612 159 13 16 0.014
961 120 9 10 0.014
23 98 12 14 0.014
208 278 25 27 0.014
422 168 10 12 0.014
978 145 9 13 0.013
847 159 9 13 0.013
509 152 17 21 0.013
481 163 13 14 0.013
849 115 9 11 0.012
1016 123 7 15 0.012
971 147 11 15 0.012
754 172 10 13 0.012
619 671 49 36 0.012
83 43 10 11 0.012
522 169 14 18 0.011
511 319 22 27 0.011
524 138 11 14 0.011
504 190 12 16 0.011
135 55 6 9 0.011
270 230 15 20 0.011
958 208 13 19 0.011
933 136 10 13 0.011
848 111 7 9 0.011
1007 118 10 13 0.010
899 296 43 62 0.010
