2_Demonstration_Political_Rally_2_609
711
157 144 28 37 0.803
767 564 22 27 0.675
980 485 21 23 0.668
807 543 24 29 0.666
908 430 17 21 0.653
963 448 16 19 0.652
408 417 14 16 0.648
997 349 16 19 0.647
636 391 15 18 0.644
130 238 76 146 0.637
756 448 16 19 0.629
887 544 23 26 0.628
759 322 13 16 0.623
941 373 15 18 0.623
790 435 15 19 0.620
384 398 13 17 0.614
676 402 13 16 0.613
743 473 16 20 0.612
555 362 13 15 0.605
321 371 14 16 0.605
728 514 20 22 0.603
991 464 16 21 0.602
886 455 18 23 0.599
712 405 12 15 0.598
783 463 17 20 0.597
969 346 15 18 0.593
441 403 15 17 0.587
768 596 24 29 0.586
922 489 18 22 0.584
965 410 16 20 0.576
739 400 13 16 0.575
691 411 15 18 0.575
772 491 18 21 0.566
771 410 13 16 0.565
304 359 12 15 0.564
461 364 13 16 0.564
391 362 12 14 0.561
490 387 15 18 0.561
510 339 13 14 0.547
744 537 19 23 0.540
719 425 15 17 0.539
820 404 14 17 0.536
642 346 12 16 0.533
343 358 12 15 0.532
852 394 13 16 0.523
419 390 13 16 0.523
903 474 15 19 0.515
750 370 13 16 0.510
851 517 18 22 0.505
718 459 16 18 0.503
997 375 14 20 0.499
448 342 11 13 0.496
618 429 14 16 0.495
814 328 13 16 0.490
262 367 11 14 0.489
665 318 12 15 0.486
610 325 11 13 0.482
589 385 13 17 0.482
801 297 11 13 0.479
415 356 11 13 0.477
743 614 26 34 0.470
866 474 17 21 0.454
849 553 21 30 0.453
771 296 12 14 0.450
642 429 14 16 0.450
790 384 13 14 0.450
851 483 17 22 0.439
884 388 14 17 0.434
610 365 12 15 0.432
805 280 11 12 0.431
811 449 16 22 0.430
1015 473 9 23 0.427
536 340 10 12 0.424
964 617 18 26 0.420
280 382 13 16 0.404
718 296 11 13 0.402
394 331 10 13 0.397
807 357 13 15 0.396
413 437 15 17 0.393
978 309 13 15 0.393
649 325 11 13 0.392
353 323 10 12 0.385
555 345 10 12 0.364
492 341 11 13 0.363
879 361 12 15 0.354
597 339 13 15 0.351
437 430 15 16 0.351
455 387 12 14 0.341
290 354 11 12 0.337
710 386 12 15 0.332
330 334 9 12 0.329
351 426 13 17 0.324
939 464 15 19 0.321
471 341 12 14 0.312
598 317 10 11 0.302
713 327 11 14 0.300
478 322 10 12 0.292
815 452 16 22 0.282
914 329 13 18 0.282
308 438 13 17 0.282
816 293 11 13 0.269
359 383 10 14 0.261
1000 283 10 12 0.259
585 388 14 17 0.258
825 432 12 15 0.256
769 525 15 19 0.252
798 343 12 15 0.252
365 309 10 11 0.249
910 504 20 23 0.238
498 306 10 12 0.237
333 291 9 11 0.229
845 425 14 19 0.227
947 311 13 14 0.223
716 475 14 18 0.219
533 400 13 16 0.218
938 570 18 24 0.214
716 420 13 17 0.213
478 407 14 16 0.204
616 387 11 14 0.204
718 467 14 18 0.198
262 288 10 11 0.194
985 565 19 23 0.193
994 329 13 15 0.193
702 286 11 15 0.191
516 296 9 11 0.187
514 397 13 15 0.185
906 436 17 22 0.178
666 295 12 13 0.175
695 352 13 16 0.174
417 376 11 14 0.173
300 291 9 11 0.172
304 324 10 12 0.172
429 290 10 11 0.168
559 320 10 12 0.168
670 348 11 15 0.167
839 382 12 14 0.165
475 522 17 22 0.164
671 452 14 19 0.164
289 328 11 13 0.163
1009 295 12 15 0.162
593 414 13 16 0.162
885 595 25 28 0.160
739 289 11 13 0.160
440 331 11 12 0.157
718 443 15 21 0.155
751 503 14 18 0.146
686 408 15 19 0.145
386 405 14 16 0.144
258 275 9 11 0.143
389 291 9 12 0.143
797 401 11 16 0.142
868 415 15 18 0.138
698 328 12 14 0.137
302 479 16 18 0.136
793 525 18 21 0.136
788 624 22 29 0.133
961 287 10 12 0.132
582 355 12 14 0.129
832 476 15 18 0.129
467 341 12 14 0.129
752 343 14 19 0.128
733 518 20 24 0.128
956 477 14 18 0.126
474 333 11 14 0.124
628 332 11 12 0.122
739 428 11 15 0.120
896 648 21 25 0.118
313 236 6 8 0.118
574 390 12 16 0.117
743 402 14 17 0.117
616 450 17 21 0.116
674 373 14 17 0.115
617 296 12 13 0.114
823 309 10 13 0.111
899 358 12 16 0.111
657 320 11 14 0.111
350 282 10 11 0.111
823 259 9 11 0.108
426 292 9 10 0.108
495 295 8 11 0.107
261 285 10 12 0.106
810 295 11 14 0.106
721 259 11 14 0.103
419 436 15 17 0.102
302 249 8 8 0.101
757 299 11 13 0.099
742 287 11 14 0.098
482 408 13 16 0.097
616 456 16 21 0.096
844 434 15 20 0.096
409 294 9 11 0.093
1003 288 11 14 0.093
827 431 14 18 0.092
756 413 12 15 0.091
815 354 13 16 0.089
958 286 10 12 0.086
577 388 12 16 0.086
475 273 10 12 0.085
978 658 18 24 0.085
352 402 13 15 0.085
517 365 12 17 0.084
354 376 12 16 0.083
613 464 17 20 0.083
846 440 16 20 0.082
946 528 21 26 0.081
287 332 10 12 0.081
776 465 17 20 0.080
293 325 11 13 0.079
578 360 11 14 0.079
236 206 6 8 0.077
559 289 10 11 0.077
716 199 7 9 0.076
352 340 10 13 0.076
997 284 11 13 0.076
260 281 9 12 0.075
646 435 16 18 0.075
376 281 10 11 0.075
273 403 14 17 0.074
391 290 10 11 0.074
323 300 9 11 0.074
970 232 8 9 0.073
356 386 12 15 0.073
793 407 13 16 0.073
785 274 10 13 0.072
878 337 11 15 0.072
500 365 11 15 0.070
857 615 17 23 0.069
853 644 24 25 0.068
956 240 9 11 0.068
706 328 12 14 0.068
728 331 14 18 0.068
620 293 12 14 0.067
859 362 12 16 0.066
510 299 10 12 0.065
330 355 11 13 0.065
740 297 11 13 0.064
287 324 11 13 0.063
453 444 13 17 0.062
753 276 11 15 0.062
733 570 22 28 0.062
900 354 12 15 0.061
429 390 12 16 0.060
749 218 8 10 0.059
674 366 12 17 0.059
522 398 13 15 0.059
591 382 12 16 0.058
258 332 12 14 0.058
710 423 12 16 0.057
865 644 21 23 0.056
903 505 18 22 0.056
414 307 10 13 0.056
889 260 8 11 0.056
294 290 9 12 0.055
702 365 12 17 0.054
437 277 9 11 0.054
746 279 12 15 0.054
542 316 10 11 0.054
878 647 24 24 0.053
380 231 8 9 0.053
861 519 18 22 0.053
586 438 14 18 0.053
946 324 13 15 0.053
596 276 10 11 0.053
545 279 10 12 0.052
844 294 13 15 0.052
460 304 11 14 0.052
939 525 17 20 0.051
423 545 38 38 0.051
449 263 9 10 0.051
825 261 9 12 0.051
366 425 13 18 0.051
942 518 19 22 0.051
845 644 20 24 0.051
329 228 7 8 0.050
277 252 7 9 0.050
949 277 9 12 0.050
261 385 12 16 0.049
991 561 18 23 0.049
750 613 21 26 0.049
714 461 15 20 0.049
871 594 20 24 0.049
298 288 9 11 0.049
328 204 6 8 0.049
390 513 23 26 0.049
793 191 8 10 0.049
476 376 11 14 0.048
823 353 13 17 0.048
673 455 16 20 0.048
741 574 20 26 0.048
276 387 13 17 0.047
319 280 9 11 0.047
867 523 18 22 0.047
290 213 6 7 0.047
560 442 21 22 0.047
705 319 11 15 0.047
526 400 13 15 0.046
616 289 11 14 0.046
255 477 17 24 0.046
884 441 13 17 0.046
455 487 18 21 0.046
417 357 11 15 0.045
291 227 6 8 0.045
725 316 12 16 0.045
614 285 10 11 0.044
845 605 18 25 0.044
264 341 12 15 0.044
672 371 12 15 0.044
701 279 11 15 0.044
492 431 14 16 0.044
455 251 8 10 0.044
364 209 7 8 0.044
861 628 22 27 0.044
747 271 11 13 0.044
597 412 13 16 0.043
366 212 7 7 0.043
366 244 7 9 0.043
669 294 12 13 0.042
781 205 8 8 0.042
330 259 8 9 0.042
484 386 14 16 0.042
250 213 6 8 0.042
315 279 10 11 0.041
309 210 7 7 0.040
941 255 8 10 0.040
658 503 18 21 0.040
936 562 18 27 0.039
994 319 13 17 0.039
927 224 7 9 0.039
397 278 8 11 0.039
576 408 11 14 0.039
669 506 17 20 0.039
287 230 6 8 0.038
696 507 15 20 0.038
267 306 10 11 0.038
831 274 9 11 0.038
411 257 9 11 0.038
1004 204 7 8 0.038
453 284 9 11 0.038
432 291 10 12 0.038
266 347 10 13 0.037
544 416 13 15 0.037
926 454 17 20 0.037
573 440 17 20 0.037
363 230 6 9 0.037
326 255 8 9 0.036
1017 261 7 11 0.036
945 328 15 18 0.036
628 235 13 14 0.036
362 379 11 15 0.036
218 154 7 11 0.036
472 275 9 11 0.035
226 188 6 7 0.035
356 264 9 10 0.035
343 213 7 8 0.034
498 257 8 10 0.034
913 324 12 16 0.034
620 436 14 19 0.034
320 300 8 11 0.033
752 273 11 13 0.033
253 204 7 7 0.033
217 411 15 25 0.033
428 230 8 10 0.033
783 494 17 20 0.033
582 426 15 18 0.033
663 293 12 14 0.033
434 280 8 11 0.033
944 302 12 16 0.033
776 252 11 13 0.032
526 253 10 12 0.032
731 235 9 10 0.031
739 303 11 14 0.031
346 211 6 7 0.031
540 410 13 16 0.031
558 293 10 13 0.031
887 267 9 12 0.031
354 429 14 17 0.031
216 307 11 15 0.031
928 651 17 20 0.030
749 415 12 16 0.030
457 285 10 11 0.030
872 644 20 23 0.030
327 406 14 15 0.030
952 327 13 15 0.030
815 202 8 9 0.030
853 472 16 19 0.029
689 503 15 20 0.029
738 474 15 20 0.029
747 197 7 8 0.029
848 252 9 12 0.029
450 258 9 11 0.029
785 180 8 10 0.029
397 274 8 10 0.029
552 302 10 12 0.029
591 257 9 10 0.029
267 406 15 19 0.028
725 565 20 26 0.028
772 522 15 18 0.028
885 272 10 13 0.028
990 331 12 14 0.028
832 135 7 8 0.028
926 222 7 8 0.028
598 444 16 19 0.028
623 426 12 16 0.028
949 273 9 11 0.028
716 216 8 10 0.028
951 534 20 23 0.027
341 215 7 8 0.027
871 527 18 22 0.027
696 336 10 16 0.027
612 287 12 14 0.027
762 204 8 9 0.027
1017 451 8 17 0.026
958 241 9 12 0.026
332 232 7 8 0.025
675 509 13 20 0.025
1015 409 8 17 0.025
641 390 14 17 0.025
736 541 20 23 0.025
368 245 8 9 0.025
938 253 9 11 0.025
906 649 22 23 0.025
965 212 8 9 0.025
717 500 16 20 0.025
1013 185 7 7 0.025
1003 207 7 9 0.025
303 426 14 18 0.025
804 360 12 16 0.025
620 394 12 17 0.025
324 304 9 11 0.025
936 248 8 10 0.025
915 345 14 17 0.024
948 504 16 20 0.024
959 238 9 11 0.024
752 217 9 11 0.024
692 603 19 25 0.024
836 207 7 9 0.024
309 274 8 10 0.024
854 622 19 24 0.024
552 197 7 9 0.024
708 436 13 16 0.024
301 420 14 16 0.024
796 380 12 16 0.024
227 335 11 16 0.024
326 207 6 8 0.024
661 299 11 14 0.024
688 513 15 24 0.023
377 231 8 10 0.023
266 216 7 8 0.023
210 307 13 14 0.023
388 270 9 10 0.023
222 333 13 18 0.023
446 265 8 11 0.023
846 192 8 10 0.023
825 577 20 24 0.023
288 229 6 7 0.023
364 242 7 9 0.023
1013 597 12 25 0.023
586 393 14 17 0.023
768 178 7 8 0.023
954 519 21 24 0.023
605 309 11 14 0.023
591 439 13 18 0.022
421 216 6 8 0.022
687 495 15 18 0.022
827 216 7 9 0.022
1014 337 11 15 0.022
815 315 11 16 0.022
896 349 12 15 0.022
294 210 7 8 0.022
794 145 7 8 0.022
568 446 17 20 0.022
573 403 12 15 0.022
735 285 11 14 0.021
964 505 19 21 0.021
728 236 9 11 0.021
723 253 10 13 0.021
724 551 20 23 0.021
471 404 13 14 0.021
546 302 10 12 0.021
431 538 28 29 0.021
765 204 8 9 0.021
553 298 11 14 0.021
718 430 15 17 0.021
720 564 18 24 0.021
789 181 8 9 0.021
896 594 20 25 0.021
849 653 24 23 0.021
951 509 20 24 0.021
473 324 11 14 0.020
682 496 15 19 0.020
847 550 17 23 0.020
849 470 14 19 0.020
630 393 14 17 0.020
426 326 10 12 0.020
788 185 9 11 0.020
751 213 10 12 0.020
414 261 8 10 0.020
842 292 11 13 0.020
735 398 14 17 0.020
617 330 12 16 0.020
791 226 8 9 0.020
418 311 10 13 0.020
890 257 9 11 0.020
410 548 43 43 0.020
701 315 11 15 0.019
848 296 12 15 0.019
687 530 16 24 0.019
493 391 15 18 0.019
786 224 8 9 0.019
792 639 21 24 0.019
544 285 10 13 0.019
370 161 6 7 0.019
956 506 18 21 0.019
700 358 13 17 0.019
847 631 19 25 0.019
480 623 29 37 0.019
806 161 8 9 0.019
470 202 7 7 0.019
833 210 7 9 0.019
856 554 21 26 0.019
713 216 8 9 0.018
681 214 11 12 0.018
405 255 9 10 0.018
650 301 10 13 0.018
603 509 15 22 0.018
495 255 8 11 0.018
801 641 20 25 0.018
497 352 11 14 0.018
495 365 12 15 0.018
714 206 10 11 0.018
643 181 7 9 0.017
686 213 9 11 0.017
434 387 12 14 0.017
860 347 12 15 0.017
998 143 6 9 0.017
822 221 8 9 0.017
406 215 6 8 0.017
401 294 10 12 0.017
927 270 9 12 0.017
306 244 9 10 0.017
987 240 9 11 0.017
546 420 13 16 0.017
221 413 14 21 0.017
719 556 17 23 0.017
610 452 17 21 0.017
331 227 8 10 0.017
771 217 8 9 0.016
789 646 21 26 0.016
556 440 18 21 0.016
1006 215 7 9 0.016
391 371 12 15 0.016
363 341 10 12 0.016
788 317 11 15 0.016
591 207 7 8 0.016
381 312 10 12 0.016
966 235 10 11 0.016
450 483 19 22 0.016
937 274 9 11 0.016
515 196 8 10 0.016
387 394 12 16 0.016
796 388 12 15 0.016
831 357 12 16 0.015
315 182 7 9 0.015
882 273 10 14 0.015
785 315 11 15 0.015
541 404 13 17 0.015
686 374 13 16 0.015
684 526 15 24 0.015
482 426 14 16 0.015
509 213 8 9 0.015
897 216 8 9 0.015
1003 236 8 11 0.015
416 252 8 10 0.015
814 275 11 13 0.015
578 194 8 9 0.015
317 181 7 8 0.015
645 361 12 15 0.015
33 353 12 17 0.015
584 476 17 19 0.015
599 274 10 11 0.015
262 219 7 8 0.015
464 220 9 10 0.014
567 221 8 9 0.014
275 255 8 9 0.014
308 479 17 19 0.014
760 279 11 13 0.014
453 222 7 9 0.014
893 639 19 24 0.014
250 231 7 9 0.014
912 171 7 8 0.014
409 223 7 9 0.014
791 322 12 15 0.014
970 417 16 21 0.014
944 644 21 24 0.014
297 180 6 8 0.014
790 186 10 12 0.014
818 135 8 8 0.014
403 196 7 8 0.014
838 645 20 23 0.014
962 417 16 20 0.014
668 321 11 15 0.014
965 329 11 13 0.014
823 509 17 20 0.014
914 317 12 15 0.014
419 215 6 8 0.014
733 335 11 16 0.014
642 491 15 19 0.013
853 364 12 15 0.013
374 372 11 14 0.013
356 348 11 14 0.013
895 657 20 23 0.013
846 257 10 13 0.013
424 227 9 11 0.013
256 186 6 7 0.013
987 236 8 10 0.013
816 225 7 9 0.013
449 203 7 8 0.013
547 232 9 12 0.013
603 177 7 8 0.013
991 251 8 10 0.013
1006 221 8 9 0.013
349 360 11 13 0.013
33 204 10 13 0.013
787 266 10 12 0.013
868 187 10 11 0.013
496 191 8 8 0.013
895 214 8 9 0.013
769 176 9 11 0.013
991 239 10 12 0.013
225 325 12 17 0.013
960 307 11 14 0.013
734 432 14 18 0.012
38 383 15 18 0.012
529 337 10 13 0.012
717 267 11 13 0.012
434 363 11 13 0.012
255 187 6 7 0.012
821 136 7 8 0.012
232 203 6 8 0.012
783 616 21 26 0.012
615 425 19 25 0.012
570 453 17 21 0.012
859 656 24 23 0.012
618 176 7 9 0.012
828 213 9 11 0.012
592 284 10 13 0.012
944 290 11 13 0.012
355 231 7 9 0.012
841 160 7 8 0.012
553 221 7 9 0.012
532 314 9 11 0.012
844 361 12 15 0.012
679 530 17 25 0.012
246 333 13 15 0.012
868 202 8 9 0.012
1007 312 12 14 0.012
268 156 5 7 0.012
436 201 6 7 0.011
783 215 7 9 0.011
369 236 9 11 0.011
456 427 12 16 0.011
842 212 6 9 0.011
455 264 9 10 0.011
562 436 18 20 0.011
381 456 12 16 0.011
710 216 8 10 0.011
788 467 16 19 0.011
428 148 5 6 0.011
792 340 11 12 0.011
655 506 17 22 0.011
1003 228 8 10 0.011
578 478 16 19 0.011
450 473 18 23 0.011
809 643 21 24 0.011
457 421 12 14 0.011
292 418 14 17 0.011
841 619 22 29 0.011
768 531 14 21 0.011
647 495 16 19 0.011
785 169 7 8 0.011
988 260 10 12 0.011
368 229 9 10 0.011
1017 542 8 24 0.011
923 256 9 11 0.011
839 160 6 8 0.011
935 535 17 23 0.011
548 172 7 7 0.011
980 427 14 19 0.011
855 667 20 20 0.011
649 444 16 20 0.011
43 384 16 19 0.010
566 485 14 17 0.010
695 493 13 17 0.010
545 232 8 10 0.010
858 368 12 15 0.010
981 278 10 13 0.010
604 175 6 7 0.010
937 258 10 12 0.010
755 353 12 14 0.010
580 273 9 11 0.010
782 322 11 14 0.010
816 263 10 11 0.010
748 250 9 11 0.010
287 163 6 6 0.010
530 405 13 16 0.010
922 285 11 13 0.010
462 184 6 7 0.010
918 223 8 10 0.010
841 604 17 23 0.010
311 432 13 17 0.010
436 198 6 7 0.010
