2_Demonstration_Protesters_2_884
52
933 428 91 136 0.837
366 84 20 27 0.768
585 90 24 27 0.762
526 152 30 39 0.761
699 43 23 33 0.739
889 178 34 44 0.733
664 262 24 54 0.587
291 97 14 19 0.539
869 158 24 33 0.530
36 78 19 21 0.479
516 218 31 35 0.452
202 88 13 21 0.428
14 156 34 38 0.365
1013 140 11 32 0.258
143 243 39 46 0.135
234 88 16 20 0.104
7 259 33 36 0.093
550 68 15 17 0.085
729 35 18 25 0.084
815 117 19 24 0.076
721 187 28 33 0.069
408 343 43 48 0.059
987 55 20 29 0.058
296 100 15 19 0.050
198 89 12 19 0.047
162 244 31 45 0.044
0 76 12 24 0.036
438 169 16 17 0.030
112 132 15 20 0.027
160 91 17 20 0.024
881 257 36 28 0.021
17 142 25 33 0.020
980 51 20 29 0.019
26 81 20 24 0.019
20 130 17 22 0.018
0 83 7 21 0.018
122 247 47 51 0.017
204 85 13 18 0.017
16 79 14 24 0.016
958 135 23 35 0.015
8 126 20 26 0.015
232 95 15 19 0.015
775 328 59 78 0.014
814 125 16 22 0.012
5 113 14 25 0.012
20 116 19 25 0.011
971 46 18 29 0.011
81 78 14 17 0.011
196 94 12 20 0.011
403 190 18 22 0.011
722 196 31 34 0.011
946 141 20 26 0.010
