2_Demonstration_Political_Rally_2_451
24
58 235 133 194 0.870
200 88 117 165 0.862
226 420 190 250 0.830
844 119 128 159 0.813
720 118 112 158 0.803
828 50 75 86 0.672
535 266 136 178 0.554
803 4 73 87 0.439
685 160 59 117 0.408
846 -6 61 56 0.407
29 680 135 74 0.125
0 405 38 134 0.114
827 1 80 96 0.094
576 66 32 45 0.036
505 427 21 35 0.026
0 412 25 105 0.026
806 14 103 130 0.024
855 10 45 49 0.017
967 -5 55 75 0.016
996 6 29 80 0.015
540 337 114 123 0.012
498 432 25 36 0.012
0 423 12 55 0.011
530 388 101 102 0.010
