2_Demonstration_Protesters_2_178
34
263 495 69 84 0.853
62 537 72 95 0.821
550 542 66 76 0.816
631 518 58 68 0.803
743 508 64 65 0.795
681 25 41 46 0.782
915 571 69 72 0.775
766 109 53 60 0.727
0 77 36 48 0.679
596 107 44 55 0.658
467 70 46 51 0.633
366 59 41 49 0.552
228 83 51 53 0.398
130 58 36 38 0.288
452 148 47 56 0.280
60 75 46 51 0.245
8 157 29 36 0.213
873 278 26 59 0.129
141 60 37 40 0.074
218 635 71 58 0.068
3 118 36 51 0.050
76 76 41 46 0.038
50 67 40 49 0.034
293 18 18 22 0.029
286 88 38 48 0.024
39 72 38 49 0.021
486 63 39 48 0.021
155 58 30 35 0.019
208 628 52 52 0.018
275 394 40 48 0.016
112 114 50 60 0.015
132 60 24 29 0.013
829 -1 69 35 0.010
617 101 39 55 0.010
