2_Demonstration_Demonstration_Or_Protest_2_813
41
836 371 23 29 0.697
539 359 20 26 0.610
260 327 19 37 0.529
701 391 13 16 0.484
333 346 19 26 0.369
659 446 14 19 0.358
495 369 19 27 0.319
350 361 15 25 0.309
695 457 13 19 0.306
473 365 13 23 0.286
91 349 9 10 0.269
523 360 21 28 0.217
890 382 19 29 0.180
914 344 11 14 0.129
355 361 9 15 0.103
719 474 11 14 0.101
478 363 13 22 0.052
662 388 12 16 0.050
887 375 16 32 0.046
707 464 13 18 0.033
347 48 7 8 0.029
476 361 12 18 0.029
689 457 14 18 0.027
716 478 10 13 0.027
894 387 20 26 0.025
93 347 9 11 0.019
347 369 16 25 0.017
257 338 18 33 0.016
532 360 19 26 0.016
331 356 21 26 0.016
486 358 11 16 0.016
486 376 17 23 0.015
788 338 6 6 0.014
206 473 7 8 0.013
857 347 8 9 0.013
297 403 33 34 0.013
701 451 12 18 0.012
698 387 19 23 0.011
158 469 8 9 0.011
353 371 13 21 0.010
356 45 7 8 0.010
