2_Demonstration_Protesters_2_12
45
919 327 56 67 0.826
20 348 55 70 0.820
373 316 49 68 0.818
294 278 52 63 0.815
398 264 37 45 0.807
48 300 57 72 0.794
684 276 43 56 0.791
635 350 53 65 0.788
175 298 54 63 0.783
827 328 48 61 0.780
593 306 49 56 0.777
768 285 41 49 0.761
416 333 47 59 0.749
487 308 52 64 0.709
641 311 50 57 0.634
1010 316 14 56 0.573
666 582 29 56 0.535
820 285 31 35 0.367
331 317 40 52 0.194
909 310 33 43 0.190
142 315 31 38 0.187
218 283 25 35 0.174
767 339 44 48 0.158
515 261 45 55 0.105
1001 289 18 43 0.102
493 359 34 40 0.048
721 301 23 40 0.046
459 330 34 48 0.041
208 278 41 52 0.040
960 294 20 23 0.028
527 255 41 53 0.026
0 338 18 48 0.022
251 303 24 31 0.020
909 315 21 27 0.019
479 270 42 56 0.018
967 294 16 20 0.018
95 309 48 55 0.016
914 304 38 39 0.016
522 278 43 53 0.016
817 292 38 41 0.015
501 272 36 47 0.013
758 349 39 51 0.012
892 337 30 47 0.012
455 333 27 37 0.011
935 308 42 48 0.010
