2_Demonstration_Political_Rally_2_690
46
817 405 64 80 0.802
647 395 22 34 0.683
534 402 89 120 0.682
949 368 11 18 0.605
754 369 10 13 0.593
181 351 8 10 0.425
110 394 6 8 0.420
12 443 8 10 0.350
1006 416 9 10 0.349
80 357 7 9 0.340
64 363 8 9 0.291
95 412 7 9 0.277
199 357 6 8 0.257
224 359 6 8 0.252
650 376 8 10 0.244
115 356 6 7 0.216
699 367 7 9 0.174
695 366 7 8 0.153
689 364 6 7 0.143
44 365 6 8 0.132
734 426 9 12 0.130
1009 394 9 11 0.119
75 358 9 9 0.106
63 366 8 9 0.092
194 360 6 9 0.076
180 353 8 10 0.075
1009 398 9 12 0.056
690 363 9 10 0.052
92 412 7 9 0.050
118 366 6 8 0.048
646 374 9 12 0.044
115 353 6 7 0.035
117 358 7 9 0.032
758 370 9 11 0.020
65 358 7 8 0.020
120 357 5 7 0.019
106 440 6 7 0.019
685 362 8 10 0.017
95 409 7 9 0.015
203 356 5 7 0.015
79 360 7 9 0.014
40 364 6 8 0.014
649 386 18 32 0.013
121 369 5 6 0.011
16 443 8 11 0.011
56 351 6 8 0.011
