2_Demonstration_Protesters_2_54
69
21 210 23 29 0.781
149 206 23 28 0.763
600 138 19 24 0.747
418 99 18 23 0.746
15 160 23 25 0.739
520 66 17 23 0.727
296 85 14 19 0.719
525 136 19 23 0.718
678 124 20 24 0.714
334 65 17 19 0.711
314 140 21 26 0.701
226 160 22 25 0.694
393 74 14 22 0.689
440 134 18 23 0.681
170 161 20 25 0.677
411 267 25 29 0.631
814 106 18 21 0.628
871 136 18 21 0.604
685 161 20 23 0.602
548 59 16 19 0.580
363 78 16 17 0.527
950 56 9 11 0.501
87 58 9 10 0.389
174 49 8 10 0.374
142 166 19 23 0.326
1002 72 6 7 0.310
74 97 13 16 0.227
281 56 10 12 0.137
176 50 8 10 0.111
358 231 16 20 0.099
663 109 18 22 0.087
859 95 7 8 0.085
337 103 16 20 0.079
148 54 8 9 0.074
554 100 20 24 0.064
612 119 16 20 0.063
83 57 9 11 0.052
150 58 8 11 0.052
460 161 17 21 0.046
152 62 8 10 0.040
536 139 16 21 0.040
155 66 8 9 0.039
604 125 19 23 0.035
617 120 15 21 0.033
858 94 9 11 0.031
546 140 13 19 0.030
875 124 17 19 0.027
263 66 8 11 0.026
151 65 8 9 0.025
281 73 11 15 0.025
862 94 7 10 0.024
658 110 15 19 0.024
335 108 15 20 0.022
938 57 7 9 0.020
148 170 18 22 0.019
263 26 14 12 0.016
994 59 6 7 0.016
715 185 7 10 0.014
420 268 21 25 0.014
138 166 16 22 0.014
277 53 10 12 0.014
550 73 18 23 0.014
561 177 14 20 0.013
362 224 16 22 0.012
956 75 7 10 0.012
364 83 14 18 0.012
993 57 6 8 0.011
810 104 16 19 0.011
340 109 14 19 0.011
