2_Demonstration_Political_Rally_2_365
82
462 293 72 99 0.857
734 104 246 351 0.847
386 399 15 19 0.674
324 413 13 17 0.599
405 393 13 17 0.560
353 407 12 16 0.540
362 394 13 14 0.538
370 428 14 19 0.441
375 378 9 12 0.431
0 353 77 259 0.409
427 367 10 12 0.361
347 402 13 17 0.282
344 395 12 14 0.277
449 348 11 14 0.262
355 441 13 19 0.240
342 360 8 10 0.216
220 330 66 97 0.211
378 357 8 9 0.186
311 384 10 11 0.159
415 370 8 11 0.150
304 368 10 14 0.149
540 349 11 14 0.138
302 365 9 13 0.135
381 359 8 10 0.121
538 342 14 23 0.116
409 352 7 8 0.115
174 339 49 69 0.115
305 373 11 13 0.101
334 377 8 11 0.098
302 361 7 9 0.096
433 353 9 11 0.096
333 350 8 9 0.092
348 370 9 10 0.092
352 413 13 18 0.073
355 369 8 10 0.066
556 343 9 12 0.066
312 436 16 20 0.062
406 332 6 7 0.061
357 371 9 11 0.059
290 398 11 15 0.057
310 438 12 16 0.051
333 381 9 12 0.051
74 297 12 17 0.048
437 335 7 8 0.047
385 388 11 13 0.042
352 343 8 9 0.042
400 359 7 10 0.038
388 332 5 7 0.037
431 369 10 13 0.034
438 320 6 7 0.034
418 317 5 6 0.033
318 438 18 20 0.032
297 395 9 13 0.031
546 347 10 13 0.030
211 309 67 79 0.029
357 347 8 9 0.029
324 436 16 21 0.028
411 345 6 7 0.028
429 385 11 14 0.027
64 69 31 35 0.027
407 332 6 7 0.026
421 391 12 16 0.024
450 345 14 20 0.023
426 391 12 14 0.022
450 326 6 7 0.022
376 331 6 7 0.022
167 338 40 56 0.022
371 424 12 15 0.020
532 334 25 41 0.020
449 324 5 8 0.018
553 345 12 14 0.018
79 296 11 17 0.018
306 439 11 15 0.017
354 343 9 11 0.016
354 423 12 17 0.015
341 491 21 33 0.015
294 408 10 14 0.014
119 331 13 17 0.012
310 394 10 13 0.012
394 402 14 18 0.012
399 368 8 10 0.010
312 414 10 13 0.010
