2_Demonstration_Demonstrators_2_781
73
548 143 55 79 0.832
695 220 47 55 0.821
392 196 24 31 0.817
255 167 52 71 0.802
464 200 39 53 0.800
536 212 32 43 0.754
924 272 38 42 0.724
931 229 28 32 0.688
236 129 31 50 0.681
532 191 20 26 0.619
764 226 20 23 0.584
815 228 20 20 0.574
759 255 21 25 0.505
859 246 16 19 0.491
439 224 9 11 0.480
240 133 39 59 0.362
532 183 26 39 0.330
108 228 16 21 0.321
978 249 13 22 0.315
439 228 9 10 0.254
890 240 15 16 0.239
666 145 8 10 0.218
423 222 6 8 0.207
1016 246 8 24 0.202
654 188 8 9 0.188
128 216 13 16 0.177
117 226 16 19 0.122
789 238 14 17 0.118
442 224 7 9 0.116
1009 242 13 24 0.115
998 240 17 21 0.102
660 228 12 16 0.099
44 203 6 7 0.094
504 205 12 20 0.092
421 219 9 12 0.071
940 235 23 26 0.066
133 224 11 17 0.064
1017 254 7 21 0.064
980 252 16 22 0.055
359 206 11 15 0.053
887 242 15 18 0.049
504 208 19 24 0.047
9 221 5 6 0.045
669 144 8 11 0.040
792 242 14 16 0.032
663 226 10 14 0.031
511 172 5 6 0.030
657 187 8 10 0.026
419 190 8 10 0.026
850 247 15 18 0.024
505 223 22 25 0.022
665 148 8 10 0.020
53 196 6 7 0.020
44 201 8 9 0.019
995 669 30 46 0.019
87 211 9 11 0.018
1004 456 20 92 0.017
126 229 11 16 0.017
318 171 16 27 0.014
407 182 5 6 0.014
107 225 14 18 0.013
421 191 5 7 0.013
660 226 9 13 0.013
971 461 51 110 0.013
796 238 14 16 0.013
777 243 15 19 0.012
926 231 23 27 0.012
888 237 20 23 0.012
41 204 5 6 0.011
1016 238 9 17 0.011
13 222 5 6 0.010
421 224 6 9 0.010
910 238 16 19 0.010
