2_Demonstration_Demonstration_Or_Protest_2_816
80
218 258 49 63 0.845
142 283 48 62 0.845
721 3 40 50 0.841
349 267 48 64 0.837
862 170 41 54 0.830
679 202 44 54 0.823
14 171 42 49 0.821
93 65 41 47 0.819
495 157 42 51 0.814
815 80 39 48 0.811
573 121 45 53 0.806
317 210 42 49 0.802
303 148 43 52 0.801
357 396 47 60 0.801
792 226 40 50 0.800
179 194 50 59 0.787
462 219 46 58 0.781
305 3 43 38 0.759
684 68 35 44 0.752
433 196 33 52 0.723
778 281 51 60 0.722
448 64 33 49 0.715
639 16 37 46 0.709
108 -6 35 30 0.682
630 169 39 54 0.669
488 0 32 31 0.651
602 232 49 57 0.642
0 34 19 50 0.598
970 146 40 46 0.578
358 1 31 37 0.562
999 84 26 49 0.557
887 -2 28 36 0.546
189 156 38 47 0.408
158 -6 34 30 0.342
645 145 42 47 0.252
666 356 47 67 0.214
601 141 46 54 0.166
392 -1 32 36 0.143
53 -3 35 28 0.127
1007 -5 17 33 0.122
219 124 37 49 0.096
0 -11 22 30 0.093
572 369 45 59 0.087
253 1 36 31 0.086
979 87 36 48 0.078
265 233 40 40 0.042
393 -2 23 26 0.037
209 133 39 47 0.034
848 336 55 67 0.033
403 10 32 36 0.031
1 26 29 53 0.026
217 0 36 33 0.023
872 86 38 39 0.022
163 0 40 43 0.021
831 1 36 33 0.021
0 119 10 44 0.021
993 435 32 56 0.020
863 367 60 62 0.020
99 488 55 56 0.019
212 116 37 47 0.019
176 168 43 44 0.019
327 483 58 63 0.018
229 525 59 74 0.018
106 537 61 66 0.018
12 1 30 35 0.017
633 145 37 45 0.017
963 -4 32 26 0.016
832 319 47 63 0.016
1 58 14 43 0.015
856 -4 39 43 0.015
87 165 31 41 0.015
874 389 59 48 0.015
185 142 38 45 0.014
443 -5 36 18 0.014
210 -2 34 27 0.014
509 108 31 40 0.013
760 -5 34 23 0.013
868 329 54 62 0.012
456 274 26 37 0.012
5 -3 29 31 0.012
