2_Demonstration_Demonstration_Or_Protest_2_114
32
585 278 74 101 0.854
362 127 85 145 0.839
120 294 87 135 0.829
497 320 36 61 0.760
823 121 28 34 0.738
940 135 27 34 0.686
767 369 49 66 0.682
906 122 28 36 0.646
740 292 23 25 0.502
814 231 22 31 0.476
812 264 209 426 0.341
913 234 32 35 0.237
917 44 25 33 0.076
873 52 28 37 0.073
217 408 19 20 0.057
906 44 28 33 0.054
912 120 34 44 0.038
824 68 27 32 0.034
767 365 31 49 0.025
21 466 17 27 0.024
810 332 13 17 0.021
772 354 14 18 0.018
804 232 23 32 0.016
524 364 52 54 0.015
803 160 23 25 0.015
749 333 12 14 0.015
645 94 120 175 0.015
919 36 28 32 0.013
938 121 39 52 0.011
772 354 84 128 0.011
826 98 18 21 0.011
929 29 21 26 0.010
