2_Demonstration_Political_Rally_2_137
54
234 296 69 99 0.857
11 369 89 127 0.828
420 314 54 73 0.795
298 292 63 95 0.760
906 276 28 36 0.759
757 272 36 44 0.753
653 274 36 50 0.746
0 304 25 48 0.746
397 277 26 35 0.723
842 271 28 30 0.715
932 265 23 33 0.700
370 328 51 68 0.658
716 279 15 19 0.656
788 277 28 40 0.643
205 281 36 49 0.562
562 320 33 58 0.494
368 275 30 34 0.443
488 325 38 59 0.394
474 279 28 34 0.377
737 271 17 24 0.300
615 286 36 41 0.229
876 353 23 24 0.132
1007 278 14 22 0.117
701 302 13 17 0.114
77 336 45 54 0.098
0 453 16 78 0.093
606 320 33 54 0.079
708 289 13 20 0.068
627 282 30 38 0.067
968 300 13 17 0.066
1013 254 11 29 0.061
468 273 25 36 0.055
83 291 22 27 0.040
898 267 15 19 0.032
465 279 19 25 0.032
960 288 18 24 0.028
606 292 37 43 0.024
484 283 22 27 0.022
92 327 42 52 0.022
372 347 58 69 0.020
22 276 10 14 0.019
613 334 29 50 0.018
1007 297 16 32 0.017
825 272 17 23 0.017
109 308 31 35 0.016
870 349 21 25 0.015
705 299 15 20 0.014
567 333 38 59 0.014
556 313 28 52 0.013
391 334 60 73 0.013
57 326 44 51 0.011
752 271 26 34 0.011
108 333 36 48 0.010
850 279 24 24 0.010
