2_Demonstration_Demonstration_Or_Protest_2_176
37
541 291 30 36 0.808
65 296 34 42 0.798
753 277 31 43 0.766
359 299 28 36 0.692
479 318 22 27 0.671
573 295 26 33 0.611
936 324 20 23 0.601
133 330 14 17 0.593
630 309 21 25 0.433
818 319 16 17 0.392
260 325 10 12 0.344
193 335 11 13 0.270
322 334 11 12 0.177
142 315 13 16 0.143
979 316 16 20 0.098
398 317 14 21 0.086
630 314 26 28 0.080
1004 329 19 25 0.076
875 328 19 18 0.072
9 319 12 18 0.067
461 330 14 17 0.055
815 324 19 20 0.051
869 329 18 19 0.037
266 322 10 13 0.035
976 314 15 18 0.028
988 321 18 23 0.026
910 311 14 18 0.026
256 324 11 13 0.018
487 322 19 23 0.016
391 311 20 27 0.015
912 315 14 18 0.014
1009 322 15 22 0.014
999 332 22 31 0.011
581 302 21 27 0.011
200 336 9 11 0.011
1000 310 15 19 0.011
908 308 14 16 0.010
