2_Demonstration_Demonstration_Or_Protest_2_771
147
471 129 97 135 0.874
673 472 26 32 0.769
801 495 22 24 0.734
135 455 19 23 0.631
3 482 15 20 0.628
373 312 15 17 0.606
294 284 15 18 0.575
51 485 14 17 0.562
272 300 13 17 0.560
317 356 14 18 0.557
257 275 12 15 0.556
381 357 15 18 0.546
342 320 15 17 0.524
295 317 15 18 0.486
729 175 21 33 0.485
758 167 18 27 0.482
180 91 30 42 0.449
689 167 19 25 0.445
309 297 13 16 0.426
468 313 14 16 0.417
279 248 12 16 0.407
269 334 13 17 0.378
278 356 16 19 0.334
277 321 13 16 0.317
667 176 17 23 0.209
146 86 29 41 0.200
735 314 14 19 0.193
350 346 15 19 0.188
305 236 12 15 0.172
333 375 13 15 0.171
251 374 14 16 0.166
497 308 13 16 0.164
245 326 13 17 0.162
448 354 14 16 0.158
285 356 15 19 0.150
197 278 13 18 0.146
915 125 13 17 0.135
897 142 10 12 0.127
394 310 11 16 0.111
272 223 11 13 0.110
390 292 12 15 0.105
469 349 12 14 0.104
480 295 12 14 0.089
478 310 13 16 0.084
245 292 12 17 0.082
983 169 16 20 0.081
498 312 13 16 0.077
260 246 12 14 0.077
425 295 13 18 0.068
278 342 15 20 0.068
297 251 11 16 0.067
525 305 11 15 0.065
443 318 12 15 0.063
552 313 13 17 0.057
895 173 15 19 0.054
444 312 13 15 0.052
241 323 14 19 0.048
687 162 17 21 0.048
265 181 11 15 0.042
896 145 14 21 0.042
435 391 13 16 0.042
370 285 12 15 0.042
313 203 11 13 0.042
201 246 13 15 0.041
671 183 18 24 0.038
541 318 14 17 0.037
901 137 13 18 0.037
293 188 9 12 0.037
471 350 13 16 0.037
667 171 14 18 0.036
236 244 9 14 0.035
300 254 11 15 0.034
898 140 13 18 0.034
415 361 13 15 0.031
267 185 11 13 0.030
452 355 14 17 0.030
206 295 12 15 0.030
516 356 12 17 0.030
259 251 11 13 0.028
446 303 13 17 0.028
485 292 13 17 0.028
423 317 13 16 0.027
896 161 15 21 0.026
294 322 15 19 0.025
245 319 12 17 0.024
508 321 11 13 0.024
380 313 14 17 0.024
423 311 12 16 0.023
983 159 18 21 0.023
279 264 11 14 0.021
792 182 14 18 0.021
291 191 10 11 0.021
131 457 16 20 0.021
239 294 12 16 0.021
916 147 14 21 0.021
1006 490 16 19 0.020
672 200 17 23 0.020
275 256 13 18 0.019
166 264 13 14 0.019
687 159 14 17 0.018
759 163 13 21 0.018
338 319 13 17 0.017
673 210 15 17 0.017
318 287 13 17 0.017
331 339 13 17 0.016
310 235 12 16 0.016
485 318 12 15 0.016
631 430 12 15 0.016
412 306 13 15 0.015
421 296 12 16 0.015
434 293 15 17 0.015
260 183 11 13 0.015
3 489 14 16 0.014
388 285 15 20 0.014
485 272 15 18 0.014
482 357 12 17 0.014
412 357 13 17 0.014
147 106 23 32 0.014
446 357 13 16 0.014
368 313 14 17 0.013
665 173 11 14 0.013
480 273 13 15 0.013
65 227 15 19 0.012
221 380 12 16 0.012
683 297 11 14 0.012
708 323 9 11 0.012
447 292 15 17 0.012
347 231 13 16 0.012
492 271 17 20 0.012
269 222 11 14 0.012
201 289 12 15 0.011
403 233 13 17 0.011
801 10 24 36 0.011
448 392 14 16 0.011
443 392 14 16 0.011
397 331 14 18 0.011
893 153 14 19 0.011
414 350 13 18 0.011
735 185 19 26 0.011
234 220 10 14 0.011
477 435 15 17 0.010
766 189 13 17 0.010
344 231 11 15 0.010
197 407 12 16 0.010
499 382 13 16 0.010
1016 7 8 21 0.010
103 486 10 13 0.010
