2_Demonstration_Demonstration_Or_Protest_2_438
84
451 264 48 62 0.846
466 544 60 76 0.846
52 605 30 55 0.226
83 520 25 29 0.214
74 583 31 42 0.207
746 505 14 16 0.149
866 513 14 17 0.118
212 98 12 15 0.114
895 545 20 22 0.099
575 651 58 40 0.081
319 498 11 13 0.076
1003 581 16 29 0.060
847 522 14 17 0.059
686 574 20 34 0.056
845 500 13 16 0.055
658 480 11 14 0.053
860 514 14 17 0.052
608 574 31 42 0.049
876 496 14 17 0.049
899 479 12 15 0.044
102 87 13 15 0.043
700 493 12 14 0.043
679 527 20 23 0.037
215 97 11 12 0.037
856 516 14 17 0.036
674 530 23 28 0.033
390 499 10 14 0.033
132 485 11 13 0.032
215 523 13 22 0.032
152 494 11 14 0.031
954 504 14 20 0.030
102 516 16 21 0.029
160 80 15 16 0.028
859 472 10 12 0.028
801 481 13 18 0.028
90 526 21 23 0.027
956 493 11 17 0.027
237 581 27 52 0.027
880 493 14 17 0.026
751 504 13 16 0.025
323 496 12 14 0.023
853 512 14 18 0.023
72 466 11 15 0.022
281 494 11 13 0.022
1016 464 8 20 0.022
805 484 12 16 0.022
821 502 13 16 0.021
33 521 21 28 0.020
77 513 34 44 0.020
275 549 23 28 0.018
612 564 22 31 0.018
134 488 12 13 0.017
893 481 14 17 0.017
882 477 11 14 0.017
878 486 12 15 0.017
696 492 12 14 0.016
63 525 15 21 0.016
308 501 14 14 0.016
413 311 32 37 0.016
166 561 29 42 0.016
842 519 15 19 0.015
60 139 13 14 0.015
1017 474 7 21 0.015
684 525 15 17 0.014
82 589 22 29 0.014
788 545 23 28 0.014
948 506 16 23 0.014
892 548 25 30 0.014
882 482 12 16 0.014
588 628 47 55 0.013
929 478 13 17 0.012
74 473 12 16 0.012
166 75 14 16 0.012
157 84 13 16 0.012
733 529 16 20 0.012
662 479 11 14 0.012
156 74 13 16 0.011
240 520 29 35 0.011
79 487 12 17 0.011
81 575 30 42 0.011
243 488 12 15 0.011
740 504 14 16 0.010
669 539 19 22 0.010
857 475 11 14 0.010
