2_Demonstration_Demonstration_Or_Protest_2_655
35
278 110 27 31 0.687
75 181 15 18 0.672
512 93 25 30 0.669
683 63 26 31 0.502
627 124 16 22 0.283
14 177 11 14 0.261
834 98 28 36 0.212
86 126 12 17 0.201
337 109 11 20 0.172
375 374 35 27 0.139
160 211 32 50 0.122
860 88 25 33 0.089
28 191 14 16 0.075
798 139 10 13 0.071
904 93 6 8 0.057
149 217 46 65 0.053
25 211 17 21 0.051
479 57 20 25 0.030
835 111 29 33 0.028
227 105 16 19 0.028
170 216 22 35 0.025
830 115 21 26 0.023
59 55 11 14 0.021
478 40 15 20 0.020
81 125 13 16 0.020
479 48 18 24 0.017
341 107 15 21 0.015
323 383 37 50 0.015
989 -5 33 38 0.014
31 194 14 17 0.014
38 213 17 20 0.012
925 91 6 8 0.012
176 218 14 24 0.012
838 85 36 45 0.011
901 89 10 13 0.010
