2_Demonstration_Political_Rally_2_301
156
675 319 18 21 0.634
336 282 12 13 0.382
178 236 10 13 0.369
166 275 10 11 0.338
371 254 10 13 0.336
491 266 10 11 0.281
419 310 11 13 0.256
298 249 11 13 0.248
606 265 10 12 0.243
646 272 11 14 0.241
256 244 10 13 0.240
524 260 11 13 0.237
107 266 10 11 0.233
433 258 9 11 0.230
473 305 9 12 0.212
49 232 10 11 0.192
25 266 8 9 0.190
207 249 9 13 0.188
410 290 10 12 0.177
195 284 9 12 0.135
204 249 9 12 0.130
387 262 10 11 0.129
182 271 8 10 0.125
125 271 9 10 0.124
570 279 10 12 0.124
554 267 11 12 0.118
354 232 10 12 0.116
544 279 10 13 0.113
470 242 8 9 0.113
127 230 9 13 0.110
503 267 9 12 0.109
592 276 11 14 0.108
552 325 11 13 0.104
476 264 9 11 0.104
629 271 9 12 0.095
411 281 10 13 0.094
338 240 10 13 0.093
183 238 10 12 0.092
319 254 10 12 0.087
345 251 9 11 0.087
122 272 9 11 0.085
689 262 10 12 0.080
522 257 10 12 0.080
411 264 9 12 0.079
685 288 11 14 0.073
488 243 8 9 0.070
341 246 10 13 0.068
332 280 12 15 0.066
155 236 9 11 0.065
400 248 10 11 0.064
311 255 10 13 0.064
590 273 10 13 0.063
414 278 11 12 0.062
407 246 9 11 0.062
796 294 13 17 0.060
258 248 11 12 0.057
599 272 11 14 0.056
30 266 8 9 0.056
138 271 9 11 0.055
391 242 9 10 0.055
259 243 11 13 0.053
23 235 7 8 0.052
388 258 10 12 0.051
340 283 10 13 0.051
664 282 9 11 0.051
477 305 9 13 0.051
408 251 9 12 0.049
548 281 9 12 0.049
540 272 11 13 0.048
233 247 8 10 0.048
409 279 10 13 0.045
174 236 10 13 0.044
573 280 10 12 0.043
464 260 10 12 0.042
682 287 11 13 0.042
284 248 11 13 0.042
160 273 9 11 0.042
456 257 10 12 0.041
288 249 11 13 0.041
461 258 9 11 0.041
207 244 9 12 0.037
473 260 9 13 0.037
565 275 11 13 0.037
321 249 10 12 0.037
689 286 11 14 0.037
394 243 9 11 0.037
625 269 9 12 0.035
620 269 10 13 0.035
1 232 5 8 0.034
429 277 9 11 0.034
528 257 10 12 0.033
306 249 10 11 0.032
55 236 8 11 0.032
31 257 9 12 0.032
312 317 10 12 0.030
534 270 12 13 0.030
192 287 8 11 0.030
470 297 10 14 0.029
160 236 10 12 0.029
91 243 8 11 0.028
491 243 8 9 0.027
25 221 8 9 0.027
554 263 9 12 0.026
23 230 8 11 0.026
582 268 9 13 0.025
467 287 9 12 0.025
206 255 10 13 0.024
331 260 10 12 0.024
90 242 7 9 0.024
54 232 9 10 0.023
654 296 10 13 0.022
390 239 8 10 0.022
14 253 8 9 0.021
156 258 8 11 0.020
499 254 9 11 0.019
526 283 10 13 0.019
654 290 9 12 0.018
590 260 9 10 0.018
615 264 9 10 0.018
625 274 10 12 0.018
246 247 9 12 0.017
134 229 9 12 0.017
550 320 9 12 0.016
118 273 11 12 0.016
397 295 8 9 0.016
600 280 10 12 0.016
685 263 10 11 0.016
234 249 10 12 0.016
245 244 9 11 0.016
115 263 8 12 0.015
580 267 9 11 0.015
804 262 10 12 0.015
482 315 9 10 0.014
650 288 10 12 0.014
26 269 8 9 0.014
681 271 11 13 0.014
180 242 9 12 0.014
346 255 9 12 0.014
368 258 10 12 0.014
512 273 10 13 0.013
289 244 11 13 0.013
582 263 9 11 0.013
416 311 10 12 0.013
472 241 8 8 0.012
329 292 12 14 0.012
219 256 8 11 0.012
131 274 10 12 0.012
11 252 7 10 0.012
126 232 8 12 0.012
313 273 12 15 0.012
213 247 9 11 0.011
395 277 8 12 0.011
492 289 10 12 0.011
557 319 9 11 0.011
430 307 9 11 0.011
470 307 9 12 0.011
