2_Demonstration_Protesters_2_91
30
961 209 35 41 0.817
342 241 24 31 0.757
784 241 21 26 0.748
534 241 18 20 0.685
593 257 15 17 0.659
663 271 13 20 0.610
632 252 14 16 0.593
397 243 18 22 0.590
817 249 15 17 0.528
733 255 13 16 0.215
536 265 16 17 0.139
281 338 11 12 0.084
474 283 11 14 0.065
180 322 9 12 0.062
168 305 7 11 0.042
909 247 15 18 0.040
318 315 12 14 0.040
733 248 13 16 0.024
727 255 15 17 0.023
904 246 13 15 0.022
911 242 16 18 0.021
913 245 18 22 0.019
731 262 12 16 0.019
276 338 10 12 0.016
819 254 17 20 0.013
921 228 16 19 0.013
183 322 9 11 0.012
827 252 16 19 0.012
273 335 10 13 0.012
635 255 14 17 0.011
