2_Demonstration_Demonstrators_2_413
62
131 242 25 30 0.738
383 184 20 24 0.717
280 224 20 24 0.701
495 177 13 19 0.654
361 192 13 16 0.619
0 260 13 27 0.535
109 235 15 22 0.535
46 250 32 41 0.492
19 235 18 24 0.456
144 222 17 20 0.439
526 167 11 12 0.290
342 196 11 12 0.265
426 194 20 30 0.255
468 155 13 16 0.164
563 166 13 20 0.153
510 168 9 11 0.121
636 159 14 18 0.120
628 86 42 60 0.117
883 113 27 39 0.106
247 213 8 10 0.086
422 198 16 24 0.085
956 97 18 32 0.082
251 238 13 17 0.069
567 163 13 20 0.068
178 257 16 22 0.065
173 256 16 21 0.051
59 243 19 24 0.047
324 199 11 13 0.044
166 253 17 22 0.042
54 248 22 29 0.039
290 202 11 13 0.036
328 197 11 13 0.034
420 200 12 19 0.027
254 235 11 15 0.027
465 152 13 16 0.026
687 501 74 49 0.026
360 188 19 23 0.022
633 158 11 16 0.021
26 399 47 70 0.018
243 213 8 11 0.018
292 205 11 14 0.018
889 105 39 48 0.017
24 233 18 27 0.016
959 94 11 15 0.016
280 213 16 20 0.016
246 240 15 21 0.016
560 167 12 17 0.016
641 157 16 20 0.015
164 225 11 15 0.015
50 239 24 31 0.015
321 207 11 15 0.015
512 185 7 10 0.014
192 249 22 30 0.013
84 272 14 18 0.012
535 184 11 14 0.011
631 162 14 18 0.011
462 157 15 18 0.011
949 93 35 49 0.011
66 248 16 24 0.011
415 202 12 18 0.011
246 210 13 18 0.010
73 266 17 23 0.010
