2_Demonstration_Demonstration_Or_Protest_2_420
429
475 159 38 46 0.787
809 181 31 45 0.746
310 167 30 44 0.745
408 234 48 73 0.725
597 169 29 46 0.712
209 269 35 57 0.709
557 240 35 53 0.690
721 159 31 47 0.683
419 132 24 30 0.660
909 111 14 19 0.656
517 141 23 34 0.644
2 298 42 55 0.633
744 266 38 65 0.625
258 164 22 35 0.623
209 146 25 33 0.614
371 170 26 39 0.604
642 122 25 33 0.589
840 164 26 45 0.578
70 181 27 43 0.572
574 160 24 38 0.557
16 143 25 35 0.498
772 121 17 21 0.480
262 131 16 23 0.456
107 273 52 67 0.450
692 134 22 32 0.448
977 132 19 25 0.445
63 133 18 31 0.437
117 151 22 34 0.419
985 188 28 41 0.414
989 143 23 30 0.395
576 89 9 11 0.385
973 109 14 15 0.385
386 203 33 49 0.384
604 104 11 15 0.383
760 108 11 13 0.369
1 82 7 10 0.367
656 273 45 60 0.366
32 119 20 25 0.353
932 257 43 58 0.334
825 113 13 14 0.332
933 146 20 26 0.329
141 130 19 21 0.328
231 101 13 18 0.325
1007 96 11 14 0.319
169 104 11 13 0.317
4 131 15 22 0.315
203 123 17 21 0.315
910 168 24 29 0.311
631 105 12 17 0.309
862 116 14 15 0.295
1009 110 12 16 0.275
0 212 16 62 0.274
197 198 25 40 0.264
544 129 12 21 0.261
860 97 10 12 0.258
662 177 39 49 0.254
836 309 48 50 0.241
304 99 11 15 0.239
463 92 8 10 0.233
485 275 33 52 0.232
952 99 9 11 0.229
102 100 11 13 0.227
972 113 15 19 0.211
923 242 37 53 0.209
706 95 9 11 0.207
491 120 12 16 0.205
779 88 8 10 0.202
390 130 16 24 0.201
408 101 10 14 0.196
517 111 12 15 0.191
982 93 10 12 0.189
123 108 10 13 0.189
125 95 10 11 0.183
934 107 10 15 0.178
983 137 23 29 0.175
921 93 9 11 0.172
203 102 11 13 0.167
735 138 16 23 0.165
457 121 12 16 0.158
873 89 9 10 0.157
528 98 9 11 0.153
543 125 12 19 0.147
901 144 17 22 0.146
40 119 20 25 0.141
321 131 18 26 0.140
791 126 13 19 0.136
603 90 8 9 0.135
465 94 8 10 0.134
511 88 9 10 0.132
891 126 13 19 0.129
812 125 19 23 0.129
969 119 13 17 0.128
924 96 10 12 0.127
245 119 12 16 0.123
311 109 12 17 0.122
371 93 10 12 0.122
703 95 10 11 0.121
19 71 7 9 0.119
576 126 16 20 0.119
245 132 21 26 0.118
442 110 13 14 0.118
806 125 16 22 0.117
755 93 7 9 0.116
882 93 8 10 0.115
929 100 11 13 0.111
254 78 7 9 0.109
0 170 15 39 0.107
917 94 10 13 0.105
552 94 9 12 0.103
758 103 9 12 0.101
226 100 11 15 0.100
227 103 13 16 0.100
739 105 9 11 0.099
790 111 11 13 0.099
753 95 8 10 0.098
922 222 38 49 0.098
459 92 8 10 0.098
413 107 12 15 0.097
460 108 11 14 0.097
304 104 13 16 0.094
865 93 9 12 0.092
780 124 16 19 0.092
384 85 9 10 0.090
153 299 42 55 0.090
669 109 13 15 0.090
30 291 52 61 0.089
321 83 8 10 0.088
403 102 12 16 0.088
53 92 9 10 0.087
464 108 12 14 0.085
1015 83 8 9 0.084
400 100 11 14 0.084
426 93 8 10 0.083
978 98 11 14 0.083
195 102 11 14 0.083
838 147 17 26 0.083
208 233 33 49 0.081
672 87 7 9 0.080
892 131 16 18 0.078
977 122 17 21 0.078
737 103 9 10 0.077
858 76 9 11 0.076
899 74 8 11 0.075
109 264 42 55 0.074
488 125 16 20 0.073
53 127 20 27 0.072
616 97 10 13 0.071
846 171 27 43 0.071
101 80 8 8 0.070
387 127 15 22 0.070
264 114 11 17 0.070
927 210 32 43 0.069
555 96 9 11 0.069
507 128 13 18 0.069
249 118 11 17 0.068
200 89 8 8 0.068
65 80 6 7 0.066
18 98 7 8 0.066
521 107 10 14 0.064
794 78 6 7 0.063
952 334 64 70 0.063
410 112 13 17 0.061
544 109 11 14 0.061
321 86 9 12 0.060
263 110 11 15 0.060
165 105 11 13 0.060
615 95 8 10 0.060
41 96 8 10 0.058
635 104 11 16 0.058
457 94 10 12 0.058
901 73 8 10 0.057
198 126 18 23 0.057
969 134 15 20 0.056
200 201 33 47 0.056
266 105 11 15 0.056
700 100 13 17 0.056
199 102 9 12 0.056
689 86 7 8 0.055
427 96 9 11 0.055
391 96 11 13 0.055
70 100 10 12 0.054
550 105 11 13 0.054
251 77 7 10 0.054
208 125 17 20 0.053
585 110 10 13 0.053
932 112 14 16 0.053
671 90 9 10 0.052
203 88 7 9 0.052
887 96 9 11 0.052
451 113 12 14 0.052
301 79 7 8 0.051
795 90 8 9 0.050
227 85 7 8 0.049
770 90 8 10 0.049
20 99 8 10 0.048
143 93 8 8 0.047
598 140 18 22 0.047
16 95 7 9 0.047
283 91 8 9 0.045
492 91 7 8 0.045
181 123 14 21 0.045
310 257 38 50 0.045
273 98 9 11 0.045
704 114 14 15 0.044
318 83 7 10 0.044
979 80 7 8 0.044
1004 95 9 11 0.043
66 98 8 10 0.043
487 93 8 9 0.043
284 93 8 10 0.043
980 81 9 11 0.043
750 291 43 58 0.042
145 91 6 8 0.042
121 91 7 10 0.042
246 123 14 19 0.042
767 78 6 7 0.042
657 189 33 41 0.042
704 82 6 8 0.041
918 92 8 10 0.041
753 93 7 8 0.041
599 106 12 14 0.041
681 87 8 9 0.041
268 133 17 21 0.041
86 78 6 7 0.040
268 101 10 13 0.039
45 94 7 8 0.038
688 138 17 27 0.038
546 87 7 9 0.038
439 112 13 15 0.038
176 101 11 12 0.037
266 100 9 11 0.037
731 84 7 9 0.036
978 85 8 10 0.036
1 99 8 11 0.036
916 247 30 49 0.036
207 251 35 58 0.035
388 101 13 16 0.035
148 135 19 23 0.035
303 78 7 9 0.035
703 140 21 26 0.035
791 78 6 8 0.035
92 102 12 13 0.035
363 80 7 9 0.034
728 85 7 8 0.034
25 123 20 25 0.034
401 67 6 7 0.033
26 104 10 13 0.033
721 108 10 12 0.033
549 136 15 24 0.033
558 145 18 24 0.033
549 88 8 11 0.033
905 147 19 23 0.033
51 152 16 25 0.033
56 152 18 27 0.032
292 113 13 17 0.032
66 81 6 8 0.032
372 212 29 49 0.032
677 100 10 12 0.032
90 77 6 7 0.032
656 262 38 48 0.031
601 99 9 12 0.031
1 169 10 28 0.031
498 92 8 10 0.031
75 103 11 12 0.031
138 123 12 15 0.031
789 106 10 13 0.031
121 82 6 7 0.031
410 83 7 9 0.030
548 96 11 12 0.030
290 111 11 14 0.030
885 99 11 14 0.030
201 127 21 29 0.029
278 89 6 9 0.029
65 185 24 47 0.029
555 106 10 13 0.029
319 125 15 22 0.029
580 122 14 18 0.028
1 101 9 14 0.028
828 319 40 40 0.028
728 114 10 15 0.028
951 331 49 46 0.028
726 106 11 13 0.028
6 125 15 19 0.027
324 85 8 10 0.027
23 150 22 29 0.027
240 114 13 19 0.026
692 85 7 7 0.026
391 89 8 10 0.026
797 180 33 46 0.025
666 163 48 56 0.025
36 85 6 8 0.025
645 135 25 33 0.025
11 146 33 51 0.025
695 87 9 10 0.025
231 84 6 7 0.025
83 80 6 8 0.024
165 99 8 10 0.024
369 86 9 11 0.024
196 89 8 10 0.023
453 89 8 10 0.023
59 79 6 6 0.023
599 84 7 9 0.023
487 117 21 26 0.023
121 158 21 34 0.022
900 192 28 40 0.022
844 126 13 19 0.022
317 131 15 22 0.022
159 83 5 7 0.022
142 89 8 10 0.022
0 178 17 45 0.022
1003 113 13 15 0.021
45 113 13 17 0.021
93 79 7 8 0.021
125 281 49 62 0.021
461 92 12 14 0.021
932 135 17 21 0.021
127 156 18 27 0.020
4 182 28 38 0.020
122 69 6 6 0.020
181 90 6 7 0.020
224 83 5 7 0.020
18 102 9 12 0.020
414 208 33 45 0.020
109 133 16 22 0.020
879 76 7 8 0.020
640 280 50 63 0.020
778 151 16 21 0.020
695 116 12 16 0.020
883 75 8 8 0.019
248 323 49 29 0.019
318 92 10 13 0.019
780 145 17 21 0.019
116 111 12 14 0.019
50 77 6 7 0.019
662 281 55 66 0.019
527 79 6 7 0.019
59 84 9 10 0.018
273 81 6 7 0.018
164 89 6 8 0.018
266 164 22 36 0.018
155 86 6 8 0.018
481 129 15 19 0.018
207 83 6 7 0.018
412 80 6 9 0.017
970 90 7 9 0.017
673 85 6 8 0.017
809 113 11 13 0.017
700 109 10 13 0.017
438 71 5 6 0.017
589 79 7 7 0.017
978 129 34 46 0.017
975 184 29 46 0.017
983 80 7 9 0.017
718 114 13 14 0.016
412 66 5 6 0.016
744 309 40 46 0.016
478 88 7 8 0.016
687 130 35 46 0.016
798 88 7 8 0.015
400 184 27 37 0.015
493 89 9 10 0.015
554 83 6 8 0.015
1001 196 21 41 0.015
256 306 48 47 0.015
106 144 34 46 0.014
127 69 5 5 0.014
574 123 13 18 0.014
988 202 30 42 0.014
856 206 41 45 0.014
676 112 13 14 0.014
576 129 21 27 0.014
494 114 10 13 0.014
925 128 15 20 0.014
649 74 6 7 0.014
1000 164 20 26 0.014
70 142 22 37 0.014
62 125 15 27 0.014
553 69 6 7 0.014
606 112 12 16 0.014
699 146 22 28 0.014
431 89 7 9 0.013
971 105 19 23 0.013
503 76 6 7 0.013
571 131 16 21 0.013
108 140 19 28 0.013
372 99 12 15 0.013
793 67 5 6 0.013
141 101 9 13 0.013
106 113 12 17 0.013
269 177 27 36 0.013
934 276 44 59 0.012
822 129 16 21 0.012
656 139 21 26 0.012
569 138 16 23 0.012
252 166 19 27 0.012
736 123 12 16 0.012
852 138 20 26 0.012
0 155 11 35 0.012
73 170 22 41 0.012
172 81 5 6 0.012
159 87 8 10 0.012
926 261 33 44 0.012
303 98 18 25 0.012
799 76 5 7 0.011
861 72 7 8 0.011
477 83 6 7 0.011
484 135 19 21 0.011
762 83 8 9 0.011
376 68 6 7 0.011
447 126 15 20 0.011
964 155 18 23 0.011
845 142 25 44 0.011
199 155 18 23 0.011
290 78 6 7 0.011
382 83 12 15 0.011
424 70 5 7 0.011
610 129 17 20 0.011
830 291 46 56 0.011
0 201 13 44 0.011
311 69 6 6 0.010
730 142 26 42 0.010
158 141 17 22 0.010
4 312 56 66 0.010
543 84 6 7 0.010
586 77 6 7 0.010
935 62 6 7 0.010
933 75 6 8 0.010
930 77 7 8 0.010
852 303 45 52 0.010
