2_Demonstration_Protesters_2_646
41
654 218 76 93 0.842
346 248 101 134 0.833
982 221 40 50 0.811
473 209 79 107 0.788
227 191 51 69 0.787
592 177 23 31 0.726
334 182 24 33 0.719
391 178 18 24 0.704
563 213 44 58 0.694
453 159 45 73 0.604
807 350 74 84 0.556
118 171 41 50 0.474
289 174 14 17 0.462
283 173 14 18 0.401
190 187 16 20 0.361
90 195 28 39 0.290
745 194 16 20 0.178
7 136 58 90 0.058
361 189 14 18 0.052
413 179 14 19 0.052
3 159 45 75 0.048
5 194 27 38 0.046
821 458 134 53 0.037
91 184 24 31 0.036
415 184 15 20 0.032
281 170 13 16 0.030
410 172 14 18 0.026
115 172 31 38 0.022
44 84 35 51 0.021
130 188 33 38 0.020
296 175 12 14 0.019
91 182 16 22 0.019
745 190 13 15 0.017
6 146 41 58 0.016
747 196 22 27 0.016
845 351 46 71 0.013
168 182 15 19 0.012
191 179 15 19 0.011
102 187 35 40 0.011
446 174 32 47 0.010
404 136 11 13 0.010
