2_Demonstration_Political_Rally_2_329
193
480 312 85 102 0.860
138 345 61 70 0.854
932 283 63 73 0.842
307 311 68 78 0.838
866 333 67 77 0.837
123 229 51 63 0.835
743 396 95 122 0.830
268 198 41 47 0.822
693 326 47 51 0.814
924 210 34 42 0.808
465 240 37 42 0.807
196 193 40 47 0.798
617 210 25 34 0.798
648 234 38 48 0.773
801 206 40 48 0.765
130 177 29 36 0.761
831 180 30 36 0.750
499 143 19 22 0.740
1 192 34 47 0.738
771 176 26 32 0.738
878 161 30 39 0.732
851 224 27 36 0.730
665 188 31 33 0.710
327 176 34 37 0.694
478 134 18 23 0.686
300 184 25 31 0.667
60 169 18 22 0.655
768 128 12 15 0.647
565 144 17 21 0.644
956 192 22 26 0.641
1010 239 14 52 0.607
540 147 20 24 0.606
59 204 25 44 0.596
844 129 14 17 0.591
782 117 11 13 0.588
974 224 30 37 0.588
902 143 14 16 0.579
69 151 14 18 0.575
464 149 16 19 0.554
949 142 13 16 0.551
919 147 12 15 0.549
999 138 11 14 0.542
421 194 24 39 0.528
864 137 12 14 0.524
743 132 11 13 0.507
968 145 13 16 0.499
51 134 12 14 0.491
69 133 11 13 0.471
804 133 11 13 0.462
29 148 15 16 0.448
936 136 11 13 0.423
1011 149 12 16 0.414
782 284 40 45 0.404
815 123 11 14 0.401
611 153 15 18 0.401
604 123 10 13 0.399
556 125 11 12 0.396
749 121 11 13 0.388
110 153 11 16 0.365
908 125 10 11 0.358
463 134 10 13 0.352
975 132 10 12 0.344
514 118 8 9 0.293
14 134 8 10 0.288
986 222 22 38 0.281
807 195 36 45 0.275
531 127 9 11 0.270
487 121 9 9 0.242
859 135 13 16 0.230
111 131 10 12 0.212
498 127 10 11 0.200
746 120 11 12 0.199
574 122 8 11 0.180
25 123 7 8 0.173
7 112 7 8 0.171
902 144 17 23 0.169
782 145 15 17 0.169
28 113 6 8 0.168
72 134 10 13 0.168
13 132 7 11 0.149
586 116 8 9 0.145
1006 144 13 16 0.144
362 179 16 21 0.136
535 116 7 9 0.131
779 118 11 14 0.129
752 123 11 14 0.127
788 143 11 14 0.123
987 128 10 12 0.121
591 126 9 12 0.113
566 123 8 11 0.111
533 118 8 10 0.109
1012 117 9 11 0.098
936 160 13 18 0.096
999 172 14 18 0.093
570 124 10 11 0.090
521 163 13 17 0.089
462 136 13 16 0.088
26 118 7 8 0.087
608 136 12 17 0.084
991 221 20 26 0.082
606 121 11 13 0.080
734 152 12 17 0.076
521 150 11 14 0.076
985 334 31 39 0.075
23 117 7 8 0.075
43 109 6 7 0.070
106 155 13 18 0.070
3 84 6 8 0.066
490 126 10 13 0.062
787 146 14 18 0.061
737 154 13 18 0.057
584 115 6 8 0.057
26 120 8 10 0.054
743 157 13 18 0.054
1001 186 13 19 0.051
109 132 10 12 0.050
468 154 15 18 0.049
779 149 13 16 0.048
560 108 6 8 0.044
85 151 15 19 0.040
89 156 16 20 0.040
85 127 9 10 0.039
588 133 10 13 0.038
462 133 8 12 0.035
697 188 20 25 0.034
8 119 8 11 0.034
471 127 11 13 0.034
139 143 14 19 0.034
46 119 7 9 0.032
532 114 6 8 0.032
108 153 19 23 0.031
600 141 12 14 0.031
1005 187 12 20 0.031
580 229 29 32 0.030
741 119 10 12 0.030
875 141 9 12 0.030
901 120 13 15 0.029
733 159 13 19 0.029
42 113 6 8 0.028
134 112 7 9 0.028
558 108 6 7 0.027
36 91 5 7 0.027
732 151 10 14 0.026
362 290 31 39 0.026
1003 175 12 19 0.026
113 128 8 11 0.025
612 159 17 22 0.025
92 122 8 9 0.025
12 137 9 12 0.025
487 140 18 21 0.025
77 131 9 11 0.024
84 125 7 10 0.024
12 133 12 14 0.023
869 142 12 16 0.022
76 216 30 39 0.022
686 185 27 30 0.022
948 140 11 13 0.021
103 127 9 10 0.021
581 247 28 34 0.021
363 182 20 26 0.020
747 156 11 15 0.020
379 157 19 26 0.019
730 168 12 16 0.018
862 141 13 17 0.018
748 132 11 13 0.017
1011 155 12 17 0.017
1 81 9 12 0.016
619 119 7 10 0.016
1014 195 11 23 0.015
702 196 22 26 0.015
372 167 18 23 0.014
728 165 12 16 0.014
23 148 12 16 0.014
779 155 19 21 0.013
894 116 10 13 0.013
138 143 10 13 0.013
360 172 17 23 0.012
938 171 15 20 0.012
88 148 13 16 0.012
248 186 17 21 0.012
996 188 15 18 0.012
138 96 6 7 0.011
117 158 19 23 0.011
997 167 13 17 0.011
869 163 19 25 0.011
712 177 18 23 0.011
144 143 10 13 0.011
802 149 11 15 0.011
42 158 14 16 0.010
940 176 16 21 0.010
886 128 10 13 0.010
26 153 17 18 0.010
175 212 20 27 0.010
