2_Demonstration_Demonstration_Or_Protest_2_450
49
292 351 21 27 0.758
192 268 46 75 0.722
583 267 32 62 0.696
434 330 36 52 0.549
321 371 17 23 0.459
815 357 9 12 0.374
907 320 11 24 0.370
727 320 20 31 0.281
979 340 12 14 0.270
0 367 7 15 0.254
856 358 12 14 0.217
873 349 10 13 0.155
32 379 6 9 0.148
1012 361 11 14 0.105
48 380 8 10 0.100
957 340 13 15 0.098
407 318 21 37 0.090
859 355 12 14 0.075
519 358 15 19 0.070
45 379 8 9 0.060
849 354 11 14 0.060
726 328 23 34 0.059
849 358 11 14 0.041
33 379 9 11 0.041
569 320 15 24 0.040
16 422 11 14 0.039
718 314 15 23 0.034
1 402 10 16 0.033
990 352 11 14 0.032
502 335 14 17 0.031
955 338 11 14 0.030
838 358 10 13 0.029
715 311 12 19 0.029
734 334 24 32 0.029
507 336 12 15 0.024
517 353 14 17 0.024
457 365 42 46 0.023
401 310 19 37 0.019
572 312 16 35 0.018
12 420 9 13 0.016
958 344 13 16 0.016
835 355 10 12 0.015
316 366 17 22 0.015
508 348 17 21 0.014
793 330 8 11 0.012
4 372 8 11 0.012
571 326 25 31 0.012
405 314 35 50 0.011
318 360 14 19 0.010
