2_Demonstration_Protesters_2_618
29
366 165 50 67 0.867
518 168 51 66 0.862
243 47 41 54 0.857
459 255 61 76 0.854
0 162 30 65 0.853
147 72 44 52 0.847
0 18 37 48 0.845
963 49 43 50 0.844
322 87 46 61 0.844
484 16 40 53 0.844
601 13 45 55 0.833
706 43 42 56 0.831
606 146 53 71 0.829
251 236 53 64 0.827
935 161 49 56 0.825
445 188 50 62 0.810
808 -2 45 47 0.809
821 237 46 56 0.797
851 253 51 82 0.790
377 -6 27 26 0.747
452 -8 27 30 0.673
877 -6 35 24 0.664
837 2 34 47 0.561
212 286 29 60 0.347
224 209 26 41 0.071
296 33 30 31 0.047
523 -3 21 26 0.017
219 282 29 52 0.016
456 341 24 56 0.013
