2_Demonstration_Demonstrators_2_517
111
464 362 66 75 0.853
138 290 76 88 0.848
704 128 52 61 0.837
504 109 41 49 0.835
167 124 47 53 0.823
804 108 33 39 0.789
779 296 77 90 0.777
654 146 28 46 0.772
262 118 50 71 0.743
887 98 31 33 0.739
110 92 27 31 0.714
988 85 25 28 0.701
921 104 24 25 0.685
789 87 28 32 0.684
427 76 15 18 0.666
767 65 16 18 0.653
219 104 24 29 0.631
616 70 12 16 0.617
485 97 15 19 0.528
701 81 11 14 0.489
242 92 13 15 0.478
571 92 14 18 0.465
143 92 18 23 0.412
515 84 11 13 0.403
531 67 8 10 0.385
562 72 8 10 0.374
479 117 19 25 0.304
591 122 20 23 0.279
858 86 15 20 0.266
636 68 8 9 0.250
715 78 9 10 0.233
510 68 8 9 0.203
467 61 7 8 0.201
459 74 8 10 0.188
653 68 6 9 0.182
219 98 15 21 0.181
95 91 18 22 0.181
1014 87 11 21 0.177
481 101 19 25 0.171
546 69 10 11 0.145
247 83 11 13 0.143
864 89 15 21 0.129
496 115 34 39 0.121
1011 165 13 62 0.109
816 70 8 12 0.106
695 81 10 13 0.103
545 122 15 20 0.099
750 83 14 18 0.094
443 65 7 10 0.089
446 66 7 9 0.083
873 91 17 21 0.076
746 78 12 15 0.076
744 75 11 14 0.074
646 66 10 11 0.071
449 80 8 10 0.068
688 81 9 12 0.066
535 67 7 8 0.064
973 81 17 21 0.061
529 118 26 33 0.054
597 70 7 8 0.054
556 68 6 8 0.052
712 64 6 7 0.051
568 85 10 12 0.051
91 88 17 22 0.045
568 95 13 17 0.044
778 89 17 20 0.044
595 69 6 8 0.038
721 87 11 13 0.038
741 72 10 11 0.038
810 67 12 14 0.037
1015 94 9 22 0.036
747 91 17 25 0.034
874 84 13 17 0.032
489 68 7 8 0.030
238 88 20 25 0.029
854 83 16 20 0.027
557 72 9 12 0.026
485 94 10 13 0.023
724 88 12 13 0.023
498 56 6 7 0.022
697 82 12 16 0.022
442 61 9 10 0.022
490 65 7 8 0.022
685 80 9 12 0.021
503 62 7 9 0.021
858 93 17 21 0.021
740 106 17 23 0.020
150 88 16 23 0.020
568 70 8 9 0.018
970 81 14 18 0.017
448 86 10 12 0.016
742 68 9 12 0.016
495 58 8 9 0.015
707 62 9 10 0.015
606 69 6 8 0.014
193 93 19 22 0.014
189 90 15 19 0.014
0 186 45 89 0.014
616 356 45 61 0.013
180 88 15 19 0.013
1014 163 9 47 0.012
664 66 7 9 0.012
195 66 12 14 0.012
263 119 28 42 0.012
635 64 12 15 0.012
161 80 16 19 0.012
650 66 11 13 0.011
797 66 11 12 0.011
592 74 9 11 0.011
207 97 16 19 0.011
488 109 28 38 0.011
