2_Demonstration_Political_Rally_2_985
68
551 475 61 73 0.851
787 546 148 195 0.840
360 403 26 32 0.729
392 395 18 25 0.709
984 374 34 40 0.707
19 445 26 37 0.665
118 449 28 33 0.661
75 539 16 19 0.639
309 416 54 93 0.608
114 554 16 20 0.604
93 426 19 22 0.593
412 416 13 17 0.451
624 287 13 16 0.358
191 439 17 22 0.353
657 296 13 16 0.350
97 550 14 17 0.315
128 424 13 15 0.311
787 294 15 19 0.241
76 467 29 33 0.213
6 414 13 16 0.154
46 564 22 27 0.111
69 427 15 20 0.107
884 386 18 25 0.099
55 564 18 23 0.087
85 461 24 29 0.069
194 434 20 26 0.067
12 395 14 15 0.063
135 418 13 17 0.057
33 409 13 17 0.050
154 421 13 16 0.049
137 413 12 17 0.048
750 301 15 19 0.047
128 428 18 23 0.047
124 421 14 17 0.044
139 409 13 15 0.043
39 569 23 26 0.037
275 211 10 12 0.037
137 422 13 18 0.037
70 542 16 20 0.033
75 420 13 17 0.033
30 568 25 29 0.032
630 289 12 15 0.025
187 433 16 21 0.023
7 516 18 27 0.023
398 396 14 20 0.022
743 345 16 19 0.020
592 302 12 19 0.020
623 283 12 16 0.020
618 290 14 17 0.020
64 428 15 20 0.020
95 555 15 19 0.019
388 368 8 10 0.019
86 603 16 20 0.018
477 474 37 44 0.018
333 431 40 73 0.016
961 383 16 20 0.016
186 389 15 17 0.016
171 410 13 17 0.015
99 481 20 25 0.013
816 403 23 28 0.013
738 348 15 18 0.013
169 406 11 14 0.013
129 447 20 27 0.012
603 302 13 17 0.012
140 404 13 15 0.011
639 294 13 16 0.010
77 434 18 24 0.010
109 411 13 16 0.010
