2_Demonstration_Demonstrators_2_231
29
493 408 114 179 0.868
38 461 58 66 0.837
924 423 47 56 0.817
226 456 48 64 0.792
265 474 39 54 0.730
981 418 16 19 0.708
137 466 16 19 0.611
1015 428 9 24 0.513
94 464 14 19 0.475
903 434 15 19 0.398
359 460 11 16 0.348
782 235 20 27 0.320
988 221 25 31 0.062
743 224 16 18 0.048
114 465 11 15 0.048
1001 458 10 13 0.040
1011 432 11 19 0.038
872 321 13 14 0.037
900 439 13 18 0.028
992 214 19 25 0.019
0 654 22 62 0.018
989 216 16 18 0.017
358 462 13 24 0.016
988 214 12 14 0.015
982 212 36 45 0.015
745 233 14 19 0.014
1000 424 12 18 0.012
992 232 19 21 0.010
360 464 16 35 0.010
