2_Demonstration_Protesters_2_460
36
805 177 38 49 0.845
640 57 42 49 0.822
789 70 29 37 0.819
484 238 34 41 0.817
273 232 40 50 0.813
842 69 28 35 0.796
484 96 37 45 0.794
884 203 29 39 0.792
73 87 28 35 0.771
163 81 19 23 0.763
34 65 29 34 0.731
437 75 19 23 0.711
707 63 22 30 0.686
133 75 17 19 0.679
957 92 20 34 0.653
280 74 16 18 0.612
996 90 15 18 0.597
751 93 12 14 0.473
1 65 10 25 0.275
976 73 8 11 0.168
145 194 25 32 0.066
0 89 8 31 0.061
920 76 9 12 0.048
989 92 11 15 0.042
919 74 8 9 0.030
974 72 11 17 0.026
918 80 10 13 0.024
248 111 4 5 0.022
236 109 5 6 0.021
249 111 6 6 0.016
907 71 8 9 0.013
816 76 14 20 0.013
959 79 15 26 0.012
946 77 16 23 0.011
912 70 7 8 0.011
746 95 14 18 0.011
