2_Demonstration_Demonstrators_2_378
185
218 496 66 79 0.839
103 463 66 74 0.838
942 401 53 62 0.838
597 418 48 53 0.833
674 331 47 55 0.828
811 490 58 70 0.826
221 244 37 47 0.815
326 465 46 56 0.814
201 403 60 65 0.813
307 274 39 45 0.812
0 305 29 67 0.811
608 328 47 57 0.806
536 256 35 46 0.798
502 298 50 53 0.796
508 360 42 55 0.789
265 357 53 57 0.785
764 316 40 44 0.785
155 265 39 47 0.784
644 435 51 63 0.778
481 206 35 42 0.777
493 417 51 63 0.774
89 297 45 47 0.773
753 367 46 49 0.759
756 420 43 52 0.755
208 136 25 28 0.754
647 261 38 42 0.751
549 374 42 55 0.747
415 190 35 38 0.747
396 237 36 42 0.746
434 307 40 50 0.739
436 464 61 64 0.735
103 137 26 30 0.729
892 208 20 25 0.726
570 236 32 35 0.723
13 206 36 39 0.720
92 248 36 40 0.719
500 519 71 64 0.717
100 206 32 33 0.707
371 289 40 45 0.696
711 404 43 52 0.693
359 224 34 39 0.690
905 353 37 44 0.689
950 226 25 33 0.678
263 223 37 44 0.676
310 169 25 27 0.675
193 189 26 33 0.667
330 219 29 38 0.667
737 283 30 39 0.665
647 494 57 69 0.663
927 209 25 28 0.662
959 153 19 25 0.654
898 404 42 55 0.646
389 327 44 55 0.644
136 197 24 31 0.633
297 279 37 47 0.632
866 335 33 36 0.631
160 169 24 28 0.625
343 192 27 32 0.624
188 377 39 51 0.616
280 288 34 45 0.613
861 442 46 54 0.611
925 174 23 27 0.606
840 392 44 49 0.595
695 496 54 63 0.582
601 270 32 35 0.575
156 203 30 35 0.566
138 304 31 45 0.560
1012 130 12 26 0.549
721 452 45 54 0.505
648 299 31 40 0.495
1005 551 19 47 0.450
292 194 25 29 0.421
12 280 31 43 0.396
814 276 27 32 0.369
1003 221 21 34 0.356
256 427 47 54 0.344
45 183 27 33 0.340
617 552 60 43 0.337
379 232 37 42 0.273
6 283 32 62 0.269
911 138 17 22 0.254
753 302 36 46 0.238
620 242 27 30 0.233
448 446 61 70 0.226
907 143 18 25 0.218
406 202 37 42 0.207
1006 214 18 25 0.194
937 326 33 35 0.193
850 374 41 50 0.173
845 556 55 38 0.172
420 290 30 35 0.167
227 190 26 34 0.145
0 114 17 28 0.129
0 192 13 38 0.124
397 315 40 51 0.120
377 266 41 48 0.116
1014 281 10 45 0.086
898 366 40 53 0.086
140 157 22 25 0.078
919 102 12 14 0.069
478 322 34 44 0.066
498 385 50 63 0.061
132 206 37 41 0.057
839 277 23 29 0.056
941 112 15 19 0.055
396 352 47 58 0.053
902 149 15 22 0.050
480 293 29 35 0.045
247 231 39 50 0.043
942 224 25 30 0.040
570 475 33 42 0.040
1017 86 7 18 0.038
1004 233 19 29 0.038
1002 194 19 23 0.037
937 339 32 36 0.035
992 96 14 16 0.035
884 400 39 48 0.034
946 110 13 17 0.033
1010 239 12 47 0.033
1006 190 16 22 0.033
504 85 29 36 0.033
752 264 30 31 0.032
385 345 46 58 0.031
834 403 40 48 0.029
653 354 23 37 0.029
220 171 19 24 0.028
911 82 12 16 0.028
244 184 25 31 0.024
426 285 29 33 0.024
993 116 14 20 0.024
673 505 56 68 0.023
998 214 21 27 0.023
918 89 12 17 0.023
163 175 27 30 0.023
610 253 32 31 0.021
222 179 24 32 0.020
916 96 13 17 0.020
-1 520 37 56 0.020
289 206 24 35 0.020
-1 326 23 48 0.019
991 546 34 50 0.019
899 143 15 24 0.019
642 355 29 40 0.019
7 214 36 41 0.019
261 178 21 27 0.018
0 204 11 35 0.018
433 270 31 37 0.018
424 301 37 42 0.018
912 131 14 17 0.018
401 372 43 48 0.017
1010 408 15 47 0.017
786 389 33 46 0.017
5 271 35 42 0.017
0 178 9 41 0.017
1 196 8 30 0.017
660 514 51 60 0.016
792 378 30 40 0.016
54 186 25 31 0.015
745 259 26 26 0.015
481 340 34 46 0.015
924 98 13 16 0.014
157 237 28 30 0.014
1016 45 8 17 0.014
775 374 38 44 0.014
994 108 14 19 0.014
933 172 19 25 0.013
223 191 21 28 0.013
991 101 14 17 0.013
929 203 26 25 0.013
264 187 21 26 0.012
1017 100 7 19 0.012
742 288 35 44 0.012
377 344 36 52 0.012
975 343 28 36 0.012
965 148 17 24 0.012
836 230 21 25 0.012
212 215 36 47 0.011
762 378 45 48 0.011
942 337 24 27 0.011
136 158 17 23 0.011
911 76 13 18 0.011
504 198 28 34 0.011
898 155 15 23 0.010
204 359 35 43 0.010
781 230 16 18 0.010
