2_Demonstration_Demonstrators_2_196
766
437 533 7 9 0.590
349 725 10 13 0.579
36 734 11 15 0.573
182 724 11 12 0.570
374 713 10 11 0.554
152 720 11 12 0.546
415 613 8 10 0.539
478 643 9 11 0.533
362 647 9 12 0.524
635 670 11 13 0.518
832 510 7 9 0.507
279 582 8 10 0.505
927 569 8 10 0.502
210 694 10 12 0.484
251 717 10 12 0.480
676 445 8 10 0.474
585 554 8 10 0.470
599 633 9 11 0.460
631 611 9 11 0.457
705 534 7 8 0.454
880 537 8 9 0.452
929 631 9 11 0.451
523 605 9 10 0.444
412 557 7 9 0.434
468 471 6 8 0.426
439 482 6 9 0.425
271 687 9 11 0.424
883 612 9 11 0.407
87 716 10 12 0.399
753 525 7 9 0.397
158 742 11 13 0.395
318 711 9 11 0.389
218 472 7 9 0.375
193 466 7 8 0.373
444 613 8 10 0.372
180 482 6 8 0.367
739 621 10 12 0.362
487 572 7 9 0.358
36 395 7 8 0.351
388 490 6 8 0.346
282 471 6 8 0.341
371 443 7 7 0.340
631 567 8 10 0.339
0 704 7 12 0.339
306 478 6 7 0.335
642 630 8 10 0.331
750 636 9 11 0.330
230 427 6 7 0.329
814 635 9 10 0.328
148 470 6 8 0.327
104 712 10 12 0.326
161 443 7 8 0.316
636 549 8 10 0.315
130 733 11 13 0.315
220 445 6 8 0.313
723 503 7 10 0.311
92 446 7 8 0.308
73 442 6 8 0.303
632 516 7 9 0.301
297 460 7 8 0.300
760 734 12 15 0.299
78 396 6 8 0.299
96 728 9 12 0.298
419 759 11 9 0.292
832 679 10 12 0.291
530 450 6 8 0.290
59 666 8 10 0.288
368 738 10 12 0.286
898 549 9 11 0.278
245 651 8 9 0.276
645 490 7 8 0.276
289 387 6 7 0.273
167 462 7 8 0.272
242 496 7 8 0.270
586 392 6 6 0.269
277 456 6 8 0.268
143 446 6 8 0.267
231 551 7 9 0.267
352 383 5 6 0.267
708 671 10 13 0.266
387 538 7 8 0.262
481 604 8 9 0.261
0 468 7 8 0.249
260 475 6 8 0.241
127 328 5 7 0.240
505 689 10 12 0.237
463 374 6 6 0.230
82 547 8 10 0.230
26 662 7 11 0.227
164 491 6 7 0.226
288 442 6 7 0.223
389 538 7 8 0.222
946 648 9 11 0.220
587 590 7 10 0.218
308 411 5 7 0.215
901 576 8 9 0.212
433 415 6 7 0.211
237 444 6 7 0.208
143 364 6 7 0.206
344 511 7 8 0.203
621 441 6 7 0.201
371 713 10 12 0.201
303 641 7 9 0.199
877 537 8 10 0.197
505 413 5 7 0.197
631 426 6 7 0.197
420 665 9 10 0.197
92 362 6 7 0.193
508 577 8 9 0.190
63 485 7 7 0.188
217 501 6 7 0.187
93 743 10 13 0.183
332 387 5 6 0.182
620 653 8 10 0.181
386 491 7 8 0.179
622 403 5 6 0.177
237 319 5 6 0.175
434 595 7 8 0.174
65 483 7 9 0.173
709 618 9 10 0.167
169 463 7 8 0.164
62 378 6 7 0.164
180 348 6 6 0.163
93 331 5 7 0.158
104 572 7 9 0.156
531 740 10 12 0.155
92 379 6 8 0.151
172 377 5 6 0.150
321 708 9 11 0.150
258 475 6 8 0.150
632 560 9 10 0.148
525 520 7 9 0.147
496 461 6 7 0.145
721 664 11 13 0.143
2 505 6 8 0.142
137 690 9 11 0.141
472 336 6 6 0.141
126 711 8 12 0.139
90 447 7 8 0.138
478 587 7 9 0.136
671 545 7 9 0.134
359 608 8 10 0.134
829 615 8 9 0.134
466 741 8 11 0.133
301 596 7 9 0.131
111 671 9 11 0.130
34 396 7 8 0.130
174 468 7 8 0.130
686 708 10 12 0.129
158 328 4 6 0.128
192 697 9 11 0.127
629 568 7 9 0.127
142 738 11 13 0.124
30 489 7 8 0.123
66 362 5 7 0.122
932 631 8 11 0.118
249 423 5 7 0.118
111 330 5 6 0.118
482 576 8 9 0.115
91 304 5 7 0.115
345 540 6 7 0.113
295 414 5 6 0.113
739 573 7 8 0.109
422 756 10 11 0.107
92 332 5 6 0.106
134 378 5 7 0.106
683 704 10 14 0.106
254 707 9 11 0.106
543 491 6 7 0.106
200 345 5 6 0.106
300 461 6 8 0.106
527 536 7 9 0.105
754 637 10 12 0.105
303 477 6 8 0.105
678 698 10 13 0.105
202 499 7 8 0.105
490 353 5 6 0.103
990 729 11 14 0.103
714 668 11 13 0.103
633 614 8 11 0.102
305 353 5 7 0.102
76 723 9 11 0.101
471 472 6 7 0.101
1017 634 7 11 0.101
93 718 10 12 0.100
305 640 7 9 0.100
510 576 7 9 0.100
628 612 9 10 0.100
405 365 5 5 0.099
32 364 6 6 0.099
224 351 5 6 0.099
358 535 7 9 0.099
527 451 6 7 0.098
441 611 7 10 0.097
234 621 7 9 0.097
147 637 7 8 0.097
673 446 7 10 0.096
202 491 6 8 0.095
369 410 5 7 0.094
530 537 6 8 0.093
277 472 7 8 0.093
437 481 6 8 0.092
19 750 8 11 0.092
347 538 6 8 0.092
353 499 6 7 0.091
903 631 8 11 0.090
150 638 8 9 0.090
20 368 6 7 0.089
112 359 6 8 0.088
915 641 8 11 0.087
24 659 9 11 0.087
196 466 7 9 0.087
257 309 5 6 0.087
614 388 5 6 0.086
506 575 7 8 0.086
797 669 9 11 0.084
629 516 7 8 0.084
146 363 5 7 0.082
90 378 6 8 0.082
502 414 5 6 0.081
14 489 7 9 0.079
499 754 10 11 0.079
592 419 5 7 0.078
892 671 8 11 0.078
525 536 7 8 0.077
70 441 8 10 0.077
525 523 7 9 0.077
507 430 6 7 0.076
297 411 6 6 0.075
219 443 6 7 0.075
175 370 5 7 0.074
321 305 5 6 0.074
136 643 7 9 0.073
186 364 5 6 0.073
303 354 6 6 0.073
169 376 5 7 0.072
638 549 7 9 0.071
808 654 10 12 0.071
235 685 8 11 0.070
733 758 13 10 0.070
346 495 6 7 0.070
87 524 6 8 0.070
90 303 5 6 0.070
151 340 6 6 0.070
234 550 7 9 0.070
156 327 5 5 0.070
268 689 8 11 0.070
88 744 11 14 0.070
711 636 9 12 0.070
679 591 8 11 0.069
748 723 10 12 0.069
560 362 5 6 0.069
183 364 6 6 0.068
231 487 6 9 0.068
601 440 5 6 0.067
600 326 8 9 0.067
526 530 7 10 0.066
278 453 7 8 0.066
638 675 9 13 0.066
24 475 6 8 0.066
901 633 9 12 0.066
826 744 12 15 0.066
200 562 7 8 0.065
25 565 8 9 0.065
473 334 5 6 0.065
218 322 5 5 0.064
241 605 8 10 0.063
108 672 9 12 0.063
187 294 5 6 0.062
758 692 10 13 0.062
139 689 9 11 0.062
367 410 5 6 0.062
154 341 5 6 0.061
275 254 6 7 0.061
431 415 6 7 0.060
520 605 7 10 0.060
342 492 6 7 0.060
115 299 5 6 0.060
112 283 4 5 0.059
675 445 7 8 0.059
252 338 5 6 0.058
520 373 5 6 0.058
24 564 7 8 0.058
165 456 7 10 0.057
356 605 8 11 0.057
412 574 7 9 0.057
988 724 12 16 0.057
60 377 6 7 0.057
341 335 5 6 0.056
365 550 7 8 0.056
923 568 8 10 0.056
737 619 8 12 0.055
111 357 6 7 0.055
150 344 5 7 0.055
437 592 8 10 0.055
708 535 7 9 0.055
331 658 8 9 0.055
259 308 5 6 0.054
240 568 7 8 0.053
628 417 5 7 0.053
29 490 7 8 0.052
570 456 6 7 0.052
62 483 6 8 0.052
659 639 8 10 0.052
806 659 10 12 0.052
206 365 5 6 0.052
485 605 8 9 0.052
227 465 6 8 0.051
27 348 5 6 0.051
632 513 7 9 0.051
330 703 8 10 0.051
232 473 7 8 0.051
840 654 9 10 0.050
840 755 14 12 0.050
475 644 8 10 0.050
732 536 7 8 0.049
1013 631 9 12 0.049
796 756 13 12 0.049
682 590 8 11 0.049
144 496 6 8 0.049
829 694 11 14 0.048
304 475 8 9 0.048
138 641 9 9 0.048
101 570 7 8 0.047
650 743 10 14 0.047
177 633 7 8 0.047
359 644 8 12 0.047
488 352 5 6 0.046
69 484 7 8 0.046
517 372 5 7 0.046
612 613 8 8 0.046
284 473 8 9 0.046
29 349 5 6 0.045
181 367 6 7 0.045
82 397 6 7 0.045
36 439 6 8 0.045
449 598 7 8 0.045
479 589 8 9 0.044
754 528 8 10 0.044
589 657 10 14 0.044
31 368 5 7 0.044
463 606 7 9 0.044
432 312 5 6 0.043
568 589 8 9 0.043
159 327 5 6 0.043
32 366 6 8 0.043
57 667 9 11 0.043
235 690 8 10 0.043
232 621 7 9 0.043
642 489 7 9 0.043
589 697 9 12 0.043
142 443 6 7 0.043
359 648 9 11 0.043
835 511 8 9 0.043
780 500 6 8 0.042
434 414 8 10 0.042
703 618 9 11 0.042
194 695 9 11 0.042
113 357 6 7 0.042
713 652 9 12 0.042
32 371 6 7 0.042
231 425 5 7 0.042
560 642 8 9 0.042
30 569 8 9 0.042
812 653 9 12 0.042
583 389 8 10 0.042
676 442 7 10 0.041
199 748 9 12 0.041
152 590 8 9 0.041
595 632 9 10 0.041
272 645 8 9 0.040
949 712 12 14 0.040
767 710 10 14 0.040
530 527 6 8 0.040
371 445 7 9 0.040
463 373 7 9 0.040
708 531 7 9 0.039
112 375 6 7 0.039
100 753 8 10 0.039
132 649 8 10 0.039
414 559 7 9 0.038
81 752 11 12 0.038
94 558 8 10 0.038
309 414 5 7 0.038
74 724 9 11 0.038
492 353 5 6 0.038
340 333 5 6 0.038
652 531 6 8 0.038
90 499 7 9 0.038
347 586 6 8 0.038
342 495 5 8 0.037
304 299 5 7 0.037
761 695 10 13 0.037
186 323 5 6 0.036
810 528 6 9 0.036
156 719 10 13 0.036
91 497 6 8 0.035
245 575 7 8 0.035
399 557 7 8 0.035
333 287 5 6 0.035
808 528 6 8 0.035
179 726 10 13 0.035
677 695 10 13 0.035
251 275 5 6 0.034
203 561 6 9 0.034
447 586 6 8 0.034
56 396 5 7 0.034
466 492 6 7 0.034
987 713 11 15 0.034
354 538 8 9 0.034
587 655 10 13 0.034
547 404 5 6 0.034
214 694 9 12 0.033
92 358 5 7 0.033
83 715 10 13 0.033
248 648 8 9 0.033
350 604 8 10 0.033
590 420 5 6 0.033
407 759 10 9 0.033
262 308 5 6 0.033
577 579 7 9 0.033
822 363 6 7 0.033
123 655 9 10 0.033
251 277 5 6 0.033
571 584 7 10 0.032
110 281 5 6 0.032
329 385 5 6 0.032
313 272 6 7 0.032
109 374 5 7 0.032
540 491 6 7 0.032
145 639 9 10 0.032
526 372 5 7 0.031
84 471 6 8 0.031
812 527 7 10 0.031
474 589 7 9 0.031
404 372 5 6 0.031
394 680 9 11 0.031
180 633 7 8 0.031
156 332 5 6 0.031
3 517 6 10 0.031
192 377 6 7 0.031
258 312 5 6 0.031
549 370 5 5 0.030
73 416 6 7 0.030
340 599 7 9 0.030
209 253 5 7 0.030
193 651 7 9 0.030
303 300 5 7 0.030
595 413 5 7 0.030
26 488 8 9 0.030
827 614 8 9 0.030
221 283 5 5 0.030
685 586 9 12 0.030
84 468 6 9 0.029
687 563 8 10 0.029
403 518 7 8 0.029
411 612 8 11 0.029
239 612 7 10 0.029
944 658 10 14 0.029
351 523 8 10 0.029
97 282 4 6 0.028
504 602 7 8 0.028
418 664 8 10 0.028
524 347 5 7 0.028
514 374 5 6 0.028
413 565 7 9 0.028
109 377 6 7 0.028
337 486 6 7 0.027
335 288 4 6 0.027
156 643 7 9 0.027
160 334 5 7 0.027
944 649 12 16 0.027
513 581 7 8 0.027
374 365 5 6 0.027
117 237 5 6 0.027
265 625 7 10 0.026
558 360 5 6 0.026
333 389 4 6 0.026
340 595 6 9 0.026
269 637 8 11 0.026
96 284 5 6 0.026
476 369 6 7 0.026
358 499 5 7 0.026
263 461 6 7 0.025
379 524 6 8 0.025
1 469 7 10 0.025
429 414 8 10 0.025
326 701 9 11 0.025
394 382 5 6 0.025
687 583 8 11 0.025
142 378 6 7 0.025
350 673 7 11 0.025
46 467 6 7 0.025
481 366 5 6 0.025
412 755 9 11 0.024
628 427 8 9 0.024
313 681 8 10 0.024
202 671 8 9 0.024
100 463 7 8 0.024
398 682 8 10 0.024
398 383 5 6 0.023
587 415 6 7 0.023
259 290 5 6 0.023
343 554 6 9 0.023
793 669 9 12 0.023
564 590 7 10 0.023
363 606 7 10 0.023
4 702 10 13 0.023
185 700 8 9 0.023
116 216 5 6 0.023
314 275 5 6 0.023
595 421 5 6 0.023
883 635 9 11 0.023
191 294 5 6 0.023
298 313 5 6 0.022
502 757 12 9 0.022
644 486 6 8 0.022
708 614 9 11 0.022
837 750 14 14 0.022
192 373 5 6 0.022
91 329 5 6 0.022
423 436 6 7 0.021
824 364 6 7 0.021
657 707 10 12 0.021
383 502 6 8 0.021
392 365 5 6 0.021
69 531 7 9 0.021
343 545 6 9 0.021
117 481 7 8 0.021
811 730 10 13 0.020
705 761 13 8 0.020
100 535 7 9 0.020
395 565 6 9 0.020
525 345 6 7 0.020
190 567 7 8 0.020
368 352 5 6 0.020
518 37 12 14 0.020
587 448 6 7 0.020
959 643 10 13 0.020
638 480 6 7 0.020
317 474 5 7 0.020
528 605 8 10 0.020
566 594 8 10 0.020
1001 619 14 15 0.020
758 632 9 12 0.020
91 456 6 8 0.019
410 308 5 6 0.019
1 296 4 7 0.019
888 616 10 12 0.019
767 640 9 11 0.019
195 564 8 10 0.019
588 662 10 14 0.019
441 265 5 7 0.019
429 757 11 8 0.019
313 411 6 7 0.018
116 236 5 6 0.018
658 393 5 7 0.018
581 452 6 7 0.018
346 671 8 11 0.018
372 710 8 11 0.018
293 386 6 6 0.018
608 484 5 6 0.018
256 510 6 9 0.018
218 502 7 8 0.018
102 679 8 11 0.018
492 695 8 10 0.018
89 424 5 8 0.018
982 679 10 11 0.018
460 678 8 11 0.018
114 282 5 6 0.018
340 706 9 10 0.018
541 382 4 6 0.017
27 411 6 7 0.017
688 570 8 12 0.017
940 656 10 13 0.017
863 755 12 13 0.017
187 320 5 6 0.017
177 259 5 6 0.017
355 677 7 11 0.017
403 360 5 5 0.017
306 643 8 9 0.017
216 720 8 12 0.017
269 684 9 11 0.017
249 578 6 9 0.017
655 532 6 9 0.017
432 752 9 10 0.017
204 345 5 6 0.017
699 581 8 10 0.017
301 644 7 10 0.017
503 609 7 9 0.017
636 389 5 6 0.017
806 749 12 14 0.017
233 694 9 12 0.016
1010 678 9 11 0.016
10 275 5 6 0.016
3 299 4 7 0.016
482 369 5 6 0.016
425 436 6 7 0.016
313 535 6 7 0.016
372 360 5 6 0.016
238 460 6 8 0.016
165 677 7 8 0.016
108 575 6 8 0.016
150 737 11 14 0.016
547 367 5 6 0.016
704 670 10 12 0.016
343 558 7 9 0.016
263 298 5 6 0.016
1007 627 10 12 0.016
769 637 8 11 0.016
563 644 8 9 0.016
343 586 7 10 0.016
237 270 4 6 0.015
141 497 7 8 0.015
891 636 9 11 0.015
608 590 8 9 0.015
223 306 5 6 0.015
236 305 4 6 0.015
223 364 5 6 0.015
194 653 8 10 0.015
386 541 7 8 0.015
254 508 7 9 0.015
945 713 13 16 0.015
298 284 5 6 0.015
756 591 9 10 0.015
431 601 6 9 0.015
504 418 7 9 0.015
691 579 8 11 0.015
117 380 6 7 0.015
296 283 5 6 0.015
763 649 9 12 0.015
58 721 10 11 0.015
236 267 4 6 0.015
41 737 10 14 0.015
647 349 6 7 0.015
963 471 5 6 0.015
151 684 9 11 0.015
92 526 8 10 0.014
283 268 5 6 0.014
294 312 5 6 0.014
888 636 9 12 0.014
109 515 7 8 0.014
60 668 9 11 0.014
32 444 6 8 0.014
199 310 5 6 0.014
280 437 6 8 0.014
73 713 9 13 0.014
203 308 5 6 0.014
243 648 8 10 0.014
381 700 9 11 0.014
303 351 8 10 0.014
192 463 6 7 0.014
563 640 8 9 0.014
600 670 7 9 0.014
29 409 5 8 0.014
352 606 8 11 0.014
289 420 5 7 0.014
545 488 5 7 0.014
185 632 7 9 0.014
620 348 5 6 0.014
614 386 5 6 0.014
191 323 5 6 0.014
108 554 7 8 0.014
623 443 6 8 0.014
657 643 9 11 0.014
407 636 7 10 0.014
856 712 11 14 0.014
241 573 7 8 0.014
88 520 8 11 0.014
225 360 4 7 0.013
391 371 5 6 0.013
297 282 5 6 0.013
597 667 8 11 0.013
31 349 6 6 0.013
207 255 5 5 0.013
429 438 5 7 0.013
137 671 8 10 0.013
79 695 8 11 0.013
462 686 9 11 0.013
516 377 4 6 0.013
159 391 6 6 0.013
791 757 14 10 0.013
587 551 7 10 0.013
29 658 9 11 0.013
42 733 10 14 0.013
398 634 8 9 0.013
880 631 8 11 0.013
479 640 8 10 0.013
190 645 8 10 0.013
357 297 4 5 0.013
844 651 9 10 0.013
92 496 8 10 0.013
546 580 8 8 0.013
205 503 6 8 0.013
32 573 8 9 0.013
925 761 16 7 0.013
557 469 6 6 0.013
395 631 8 11 0.013
135 647 8 10 0.012
607 708 10 12 0.012
318 471 6 7 0.012
442 587 7 9 0.012
123 742 10 13 0.012
542 492 7 10 0.012
181 350 7 10 0.012
78 548 8 9 0.012
821 658 9 12 0.012
389 570 6 8 0.012
336 351 5 6 0.012
376 571 7 8 0.012
983 714 12 17 0.012
97 311 5 6 0.012
639 686 9 12 0.012
108 558 7 9 0.012
117 468 6 8 0.012
198 499 7 9 0.012
435 313 4 6 0.012
30 359 7 10 0.012
456 348 5 6 0.012
301 305 5 7 0.012
592 705 10 13 0.012
586 446 5 7 0.012
932 627 8 11 0.012
782 677 9 12 0.011
367 350 5 5 0.011
861 751 11 14 0.011
216 247 5 6 0.011
472 741 8 11 0.011
91 421 6 8 0.011
313 270 5 6 0.011
118 749 10 11 0.011
462 743 8 11 0.011
638 405 5 6 0.011
661 635 8 10 0.011
236 626 7 9 0.011
894 542 8 11 0.011
104 241 5 6 0.011
924 659 10 12 0.011
615 280 5 6 0.011
767 616 8 10 0.011
983 726 13 17 0.011
726 663 10 12 0.011
149 418 5 7 0.011
523 601 8 10 0.011
703 583 8 10 0.011
759 593 8 11 0.011
768 538 7 8 0.011
855 541 7 10 0.011
268 424 6 7 0.011
40 434 7 8 0.011
762 703 12 15 0.011
706 616 11 14 0.011
349 289 4 5 0.010
752 756 12 10 0.010
610 611 7 10 0.010
853 707 11 14 0.010
334 485 6 6 0.010
357 293 4 6 0.010
399 678 9 12 0.010
119 390 5 6 0.010
753 381 6 8 0.010
716 512 7 9 0.010
77 694 8 10 0.010
503 692 10 13 0.010
738 681 10 13 0.010
880 611 8 11 0.010
