2_Demonstration_Protesters_2_531
1275
928 539 22 26 0.790
13 565 21 25 0.781
455 509 19 24 0.772
366 581 21 26 0.767
1002 577 21 27 0.763
161 641 22 26 0.763
125 537 19 25 0.762
570 548 20 25 0.760
295 650 21 27 0.759
413 521 20 24 0.759
978 433 20 24 0.758
644 477 18 23 0.754
618 432 19 25 0.751
227 648 21 27 0.750
494 444 17 21 0.748
963 422 15 19 0.748
749 487 17 22 0.747
918 481 20 24 0.746
282 498 19 23 0.745
156 471 17 22 0.745
171 509 18 23 0.743
121 472 17 21 0.742
587 491 17 22 0.741
479 425 17 20 0.739
192 430 16 23 0.738
517 461 18 21 0.736
695 321 15 18 0.734
116 507 20 25 0.734
347 412 18 22 0.733
60 490 19 22 0.733
991 388 16 22 0.731
895 405 17 22 0.731
408 475 17 22 0.729
139 620 21 25 0.729
21 433 17 22 0.727
247 371 15 19 0.727
767 538 21 24 0.727
280 325 15 20 0.726
234 489 18 22 0.726
751 360 16 19 0.726
82 458 19 24 0.723
602 454 19 23 0.722
664 540 17 26 0.720
868 247 14 16 0.719
314 489 19 24 0.719
961 311 13 19 0.716
845 410 17 22 0.716
108 581 19 26 0.715
430 413 17 19 0.715
95 423 17 21 0.715
997 643 20 29 0.715
879 537 19 23 0.714
398 505 18 22 0.713
501 313 15 18 0.713
829 402 16 19 0.713
867 460 19 23 0.713
274 462 15 22 0.711
750 420 17 21 0.709
337 511 17 20 0.709
24 518 19 21 0.707
795 391 16 20 0.707
22 471 17 21 0.707
246 472 18 21 0.704
835 312 15 17 0.701
701 410 16 20 0.699
785 435 18 23 0.698
12 413 17 21 0.698
420 335 15 18 0.697
583 286 12 16 0.697
22 361 16 21 0.696
565 276 14 17 0.694
615 300 15 19 0.694
800 287 14 18 0.694
959 236 13 17 0.694
91 277 15 17 0.693
356 477 18 20 0.692
740 330 15 18 0.692
585 326 14 17 0.692
142 405 18 23 0.691
989 263 15 18 0.690
903 363 16 19 0.690
412 229 12 14 0.688
471 279 14 17 0.687
40 284 14 18 0.686
49 370 16 21 0.685
933 259 15 17 0.685
280 436 16 20 0.684
784 484 18 22 0.684
843 262 15 19 0.683
416 444 17 21 0.683
136 301 14 18 0.680
454 319 14 17 0.680
973 217 14 17 0.679
668 232 13 17 0.679
872 223 13 17 0.678
975 297 14 17 0.677
997 317 15 17 0.676
808 358 15 18 0.675
680 385 19 23 0.675
267 572 18 22 0.674
686 447 15 20 0.672
475 310 15 18 0.672
822 229 13 16 0.670
898 309 14 18 0.670
241 226 13 16 0.670
848 196 12 16 0.670
499 283 14 17 0.669
467 480 17 21 0.669
0 602 12 26 0.669
845 328 13 17 0.669
117 319 14 17 0.668
571 305 14 17 0.667
0 323 10 17 0.665
628 388 16 19 0.664
297 384 16 19 0.664
777 283 12 17 0.663
654 314 15 18 0.663
426 207 12 15 0.663
357 299 14 17 0.662
796 267 14 16 0.661
830 186 12 14 0.661
889 191 14 16 0.660
266 275 14 16 0.657
237 285 14 16 0.657
517 502 19 20 0.657
39 353 15 19 0.656
0 283 8 20 0.655
745 245 13 16 0.654
900 263 13 16 0.654
409 197 12 16 0.653
375 423 18 18 0.653
349 449 17 18 0.653
592 260 14 16 0.652
684 472 18 21 0.652
632 407 16 20 0.650
526 302 13 17 0.649
943 223 13 15 0.648
502 224 12 16 0.647
750 171 10 13 0.647
605 327 17 20 0.647
345 285 13 15 0.646
774 259 12 16 0.646
400 250 13 16 0.643
497 193 12 15 0.642
320 175 12 14 0.641
268 154 10 13 0.640
355 156 11 13 0.638
94 238 13 17 0.638
882 233 13 17 0.637
681 245 13 16 0.637
787 567 18 22 0.636
536 319 13 16 0.634
308 210 13 14 0.634
677 140 11 13 0.634
370 380 15 17 0.633
185 209 12 14 0.633
229 244 12 15 0.631
355 222 12 15 0.631
518 564 19 22 0.631
340 213 12 14 0.629
22 241 14 16 0.627
637 235 12 16 0.627
607 243 12 16 0.627
452 237 13 15 0.626
756 404 16 19 0.621
731 196 12 16 0.621
679 197 14 16 0.620
128 216 12 15 0.619
202 309 15 18 0.616
211 268 15 17 0.616
474 404 15 16 0.615
713 188 12 15 0.615
657 263 15 19 0.615
11 205 12 14 0.613
483 147 10 13 0.613
731 231 12 16 0.611
723 249 14 17 0.611
815 105 11 13 0.610
863 178 12 15 0.609
208 188 11 14 0.608
151 322 14 17 0.608
663 353 14 17 0.607
874 140 10 13 0.605
72 314 14 17 0.605
379 260 13 16 0.605
584 207 12 15 0.604
541 217 13 16 0.603
155 285 14 17 0.603
810 255 13 16 0.601
423 298 15 18 0.601
58 296 12 16 0.601
459 138 12 14 0.598
618 357 15 18 0.597
136 248 12 16 0.594
422 129 11 14 0.593
419 278 13 17 0.593
74 223 11 13 0.592
345 340 16 18 0.588
684 172 11 15 0.587
323 224 12 15 0.586
417 572 14 23 0.586
54 315 14 19 0.585
908 182 13 15 0.585
925 330 14 16 0.584
39 315 13 16 0.584
889 381 15 19 0.584
787 325 15 16 0.584
162 194 12 14 0.583
412 157 11 13 0.580
823 131 10 13 0.579
33 162 11 14 0.579
277 224 11 14 0.579
708 167 11 13 0.577
51 190 11 15 0.576
65 260 13 16 0.575
454 204 13 15 0.574
718 269 14 16 0.571
275 183 11 15 0.571
611 118 10 12 0.570
367 242 13 15 0.568
1007 226 12 16 0.568
583 243 11 14 0.567
959 179 11 15 0.567
991 163 12 15 0.565
342 395 15 18 0.564
202 294 14 17 0.564
244 154 10 12 0.562
636 93 10 12 0.562
849 360 16 20 0.562
713 117 10 11 0.561
794 118 11 13 0.556
711 299 15 17 0.555
942 161 12 14 0.553
129 380 14 19 0.550
744 72 9 13 0.545
667 382 14 18 0.545
247 308 14 17 0.543
105 264 11 14 0.541
759 91 10 12 0.540
773 123 11 14 0.538
100 216 10 13 0.537
294 143 9 12 0.535
553 178 11 13 0.533
183 164 11 12 0.533
989 180 11 14 0.527
71 204 12 15 0.526
236 183 11 13 0.525
867 121 10 12 0.524
1013 419 12 20 0.523
995 67 10 12 0.519
759 149 11 14 0.517
432 117 9 11 0.516
943 93 11 12 0.515
857 165 11 12 0.515
816 72 10 11 0.512
884 99 10 12 0.509
573 117 9 11 0.508
455 352 14 18 0.507
743 108 11 13 0.507
245 117 10 12 0.506
140 144 10 13 0.505
198 253 14 15 0.504
499 370 14 16 0.503
759 315 11 15 0.503
210 91 9 12 0.501
967 278 14 15 0.498
896 292 15 16 0.495
996 3 8 9 0.491
318 254 13 15 0.489
281 105 10 11 0.489
898 172 12 13 0.488
125 194 11 12 0.487
894 108 10 13 0.486
649 79 9 11 0.485
180 127 10 11 0.484
766 226 12 16 0.482
691 30 7 10 0.481
380 205 10 13 0.475
500 103 9 11 0.474
490 123 10 14 0.473
782 76 8 10 0.472
785 203 12 14 0.472
692 119 9 11 0.467
734 25 8 10 0.467
514 118 9 12 0.466
635 214 12 15 0.465
396 137 9 11 0.457
47 227 11 14 0.457
718 89 10 12 0.457
603 94 8 11 0.456
425 64 9 10 0.455
426 82 9 11 0.455
539 99 9 11 0.453
519 92 9 12 0.447
730 2 9 10 0.447
357 136 10 11 0.447
335 137 9 11 0.444
615 67 9 10 0.443
756 118 9 13 0.443
860 73 9 11 0.442
776 449 17 21 0.439
912 103 10 12 0.434
678 120 10 12 0.434
988 335 14 15 0.433
549 3 7 10 0.432
779 15 9 12 0.430
516 136 10 12 0.429
469 370 15 17 0.428
544 117 10 12 0.427
44 49 9 11 0.427
278 139 10 12 0.427
818 10 8 10 0.426
1005 105 11 13 0.426
472 98 9 11 0.423
303 133 9 11 0.423
317 112 9 11 0.423
644 180 10 13 0.423
296 185 10 12 0.422
178 5 9 11 0.422
662 118 9 12 0.420
348 35 8 11 0.419
173 237 12 15 0.417
726 286 12 13 0.415
465 40 8 10 0.414
668 22 8 10 0.413
254 323 14 17 0.413
210 117 9 11 0.412
794 151 10 12 0.411
152 40 9 11 0.409
457 221 12 14 0.409
529 63 9 10 0.408
798 31 9 10 0.407
548 61 8 10 0.407
329 241 11 13 0.405
437 28 8 10 0.404
569 53 9 11 0.403
515 2 7 9 0.403
897 75 10 13 0.403
1009 31 9 10 0.402
551 89 10 11 0.401
585 94 9 11 0.401
228 217 11 14 0.401
784 90 10 12 0.401
513 36 7 10 0.400
780 163 11 13 0.400
628 111 10 12 0.398
0 88 7 12 0.395
355 344 15 17 0.395
645 29 8 10 0.393
849 241 13 15 0.390
294 116 9 12 0.390
678 278 13 16 0.387
596 176 10 13 0.385
892 0 9 10 0.384
659 55 7 10 0.383
633 340 14 16 0.382
231 99 8 11 0.381
591 112 10 12 0.380
387 118 10 12 0.379
7 60 9 10 0.378
348 67 8 10 0.378
389 67 9 10 0.377
147 61 9 10 0.377
365 173 11 12 0.375
761 14 8 9 0.374
299 165 11 13 0.374
622 84 9 11 0.374
329 30 8 9 0.373
914 15 8 9 0.372
149 25 8 9 0.372
254 89 9 11 0.372
587 56 8 10 0.371
699 140 9 12 0.366
391 189 11 12 0.365
964 143 10 13 0.363
469 72 9 11 0.362
982 116 9 12 0.362
65 41 7 10 0.361
710 42 10 11 0.360
483 110 8 10 0.359
634 301 12 16 0.358
157 5 8 9 0.357
89 61 8 10 0.356
497 351 15 18 0.355
1018 194 6 15 0.355
172 22 9 10 0.352
977 84 10 11 0.352
566 7 8 9 0.351
1003 46 9 11 0.350
873 442 17 18 0.349
609 52 8 11 0.348
964 4 8 10 0.346
581 12 8 9 0.346
338 51 8 9 0.344
672 73 9 10 0.344
188 234 10 14 0.344
79 155 9 12 0.343
490 80 9 12 0.342
642 30 9 10 0.341
134 453 17 20 0.340
97 28 9 11 0.339
285 202 11 13 0.335
2 495 15 20 0.334
355 111 9 12 0.333
393 86 8 10 0.333
643 121 9 11 0.333
760 0 7 8 0.332
748 189 11 14 0.332
957 22 9 11 0.332
300 98 9 11 0.331
849 103 9 11 0.327
356 194 10 12 0.325
598 112 10 12 0.324
0 528 12 21 0.323
800 187 11 14 0.320
549 29 7 9 0.320
160 140 11 13 0.318
979 13 8 11 0.317
978 37 8 10 0.315
130 23 8 10 0.313
341 373 14 16 0.313
2 189 9 13 0.308
470 349 13 16 0.306
389 47 8 9 0.306
363 48 8 10 0.305
161 182 10 13 0.301
228 126 10 12 0.300
459 86 8 10 0.298
316 75 9 10 0.298
114 170 10 12 0.298
965 98 10 11 0.297
568 40 8 10 0.297
875 226 14 18 0.296
870 106 10 12 0.295
599 204 11 13 0.295
835 112 9 12 0.294
508 56 8 10 0.292
94 77 10 12 0.289
407 123 8 11 0.288
307 193 10 12 0.288
333 122 9 12 0.288
196 126 9 10 0.287
940 0 8 10 0.286
175 67 8 9 0.286
724 300 12 15 0.284
963 108 10 12 0.282
744 17 7 10 0.281
622 17 8 10 0.281
449 113 10 11 0.281
988 211 10 13 0.276
362 94 9 11 0.276
501 38 8 10 0.274
221 323 12 16 0.274
704 24 9 11 0.273
253 45 8 10 0.272
330 406 11 14 0.269
124 85 8 10 0.266
116 136 9 12 0.266
111 122 9 12 0.265
21 69 8 10 0.264
814 86 9 12 0.264
383 31 8 9 0.263
161 272 12 16 0.262
111 47 9 10 0.261
895 169 12 14 0.260
453 28 7 9 0.259
902 76 11 12 0.259
546 137 10 11 0.259
807 257 13 17 0.256
467 22 7 9 0.255
287 162 9 12 0.255
75 76 9 10 0.254
61 183 11 14 0.254
874 104 10 13 0.253
113 104 9 10 0.251
848 86 9 11 0.251
402 76 8 10 0.250
681 14 8 10 0.249
271 84 9 11 0.248
547 117 10 11 0.247
163 179 10 13 0.247
529 115 9 12 0.247
890 163 10 13 0.247
942 0 9 10 0.246
836 137 10 12 0.246
869 36 8 10 0.242
272 60 9 11 0.241
300 35 8 10 0.240
142 1 7 9 0.238
369 72 8 10 0.237
757 318 13 17 0.236
249 312 13 18 0.236
671 301 16 18 0.234
3 75 8 12 0.234
458 356 16 19 0.233
704 7 8 10 0.232
640 120 9 11 0.231
382 256 13 17 0.230
409 518 18 22 0.230
542 76 8 11 0.229
360 24 8 10 0.226
522 72 9 11 0.224
450 75 8 10 0.223
219 157 9 11 0.223
416 377 16 18 0.221
256 9 8 10 0.220
728 47 9 11 0.219
711 -1 8 8 0.218
826 352 14 17 0.218
107 67 9 11 0.217
363 81 9 11 0.217
223 37 8 10 0.216
324 502 19 22 0.215
65 54 9 10 0.215
465 1 7 8 0.214
172 219 12 14 0.214
566 89 9 11 0.214
376 55 8 10 0.213
232 141 9 12 0.213
475 0 7 8 0.212
907 80 10 11 0.211
310 90 9 10 0.211
820 204 11 14 0.210
355 190 10 12 0.209
546 30 8 9 0.209
164 234 11 14 0.209
390 102 9 11 0.209
226 215 10 14 0.208
246 43 9 10 0.206
573 105 9 11 0.206
766 212 11 14 0.206
709 62 9 10 0.206
996 162 10 14 0.205
17 402 16 19 0.203
802 376 15 20 0.201
756 331 13 16 0.199
617 38 8 10 0.198
242 475 17 23 0.198
374 124 9 12 0.198
321 160 10 11 0.195
367 35 9 11 0.195
500 63 8 10 0.195
166 97 9 12 0.195
425 17 8 10 0.194
740 20 9 11 0.193
594 228 12 15 0.193
289 19 8 11 0.193
150 88 9 11 0.192
110 104 9 10 0.192
365 94 9 11 0.191
515 21 8 10 0.191
287 73 8 11 0.191
493 0 7 7 0.190
461 111 8 11 0.190
335 10 7 8 0.190
753 116 10 13 0.190
506 59 8 10 0.189
577 67 9 10 0.188
468 122 9 11 0.188
471 121 9 11 0.187
406 330 11 16 0.186
172 112 8 11 0.186
1002 29 9 10 0.186
2 79 8 12 0.185
325 106 10 11 0.184
659 114 9 12 0.183
379 119 10 13 0.182
670 91 9 11 0.180
275 304 12 14 0.179
311 9 8 10 0.178
507 23 8 10 0.176
327 245 12 15 0.176
393 104 8 10 0.176
86 48 8 10 0.176
214 118 8 11 0.176
758 325 13 17 0.176
0 215 6 15 0.176
76 49 8 10 0.175
783 19 10 12 0.175
788 199 12 15 0.174
221 167 10 13 0.174
425 191 11 12 0.174
394 91 8 11 0.173
345 405 16 21 0.173
505 0 7 9 0.173
412 27 7 9 0.173
442 85 9 11 0.172
506 170 10 13 0.172
595 -1 7 7 0.172
495 124 10 12 0.171
422 110 8 10 0.171
1008 58 9 11 0.170
816 81 9 12 0.170
102 187 10 12 0.170
499 0 7 8 0.169
212 23 8 10 0.169
807 22 8 10 0.168
364 78 9 11 0.168
709 0 8 8 0.168
424 111 9 11 0.168
78 126 11 13 0.166
637 49 7 10 0.166
619 188 10 13 0.166
960 110 10 12 0.163
612 51 8 11 0.162
244 98 8 10 0.162
610 376 13 16 0.162
510 132 10 13 0.162
296 76 8 10 0.161
337 76 9 11 0.159
612 306 15 21 0.159
323 51 8 10 0.158
129 100 8 11 0.158
370 290 12 15 0.157
262 117 9 11 0.157
399 79 9 11 0.157
96 169 10 13 0.155
348 287 13 17 0.154
93 4 8 9 0.154
257 261 13 15 0.153
471 231 9 11 0.153
727 5 8 9 0.153
515 128 10 13 0.152
305 94 9 11 0.151
475 143 12 15 0.151
674 281 15 17 0.150
641 66 8 10 0.149
272 43 8 10 0.148
358 95 9 10 0.148
872 0 7 7 0.148
320 74 8 10 0.148
240 42 9 11 0.147
646 -1 7 7 0.147
46 93 8 11 0.145
718 16 8 10 0.144
673 18 8 10 0.143
522 18 7 9 0.143
84 34 8 10 0.143
519 319 12 16 0.142
723 88 9 12 0.142
668 -1 7 7 0.142
397 33 8 9 0.142
35 165 12 14 0.142
396 12 8 9 0.142
480 61 8 10 0.141
306 46 8 10 0.141
270 41 9 10 0.141
661 384 14 17 0.140
671 -2 8 8 0.140
625 17 8 10 0.140
437 74 8 10 0.140
323 156 9 13 0.140
229 77 8 11 0.139
531 207 10 15 0.139
197 59 8 10 0.139
852 104 10 12 0.138
575 69 9 10 0.138
142 104 8 12 0.138
574 40 8 9 0.137
483 63 8 10 0.137
601 34 8 9 0.137
55 255 12 14 0.136
95 29 8 11 0.136
452 157 10 13 0.136
633 39 7 10 0.136
358 22 8 9 0.135
376 27 7 9 0.135
438 7 7 9 0.135
964 179 13 15 0.134
409 44 8 9 0.134
875 18 8 11 0.134
261 78 9 11 0.134
992 325 14 17 0.134
539 35 8 9 0.133
630 131 10 12 0.133
473 75 8 11 0.133
360 233 13 16 0.133
73 212 12 16 0.132
426 67 8 11 0.132
75 123 11 14 0.132
385 246 11 14 0.132
593 27 8 9 0.132
57 28 8 11 0.132
374 0 7 6 0.131
333 72 9 11 0.131
605 4 7 9 0.130
447 91 8 11 0.130
544 79 8 11 0.130
544 1 7 9 0.129
812 101 9 13 0.128
766 0 7 9 0.128
1015 373 8 20 0.127
325 160 9 12 0.127
664 44 8 10 0.127
696 40 8 10 0.127
1001 134 10 12 0.126
340 5 8 10 0.126
331 88 9 10 0.125
288 10 8 9 0.125
486 11 8 9 0.125
312 195 9 12 0.124
287 38 9 10 0.124
469 37 8 10 0.124
304 43 8 11 0.123
949 367 14 17 0.122
1 159 8 14 0.121
58 23 8 9 0.121
113 132 9 12 0.120
603 429 15 19 0.120
656 104 9 12 0.120
876 14 7 10 0.120
636 52 8 11 0.118
512 31 9 11 0.118
992 66 10 12 0.118
902 179 13 16 0.118
898 297 14 17 0.118
497 365 14 17 0.117
462 42 8 9 0.117
190 45 9 10 0.117
57 26 8 9 0.117
293 56 8 10 0.117
72 124 10 15 0.116
894 289 14 17 0.116
684 91 8 10 0.116
180 27 9 10 0.115
704 3 8 10 0.115
209 155 9 11 0.114
529 2 7 8 0.113
305 51 9 10 0.113
845 343 15 20 0.113
452 0 7 8 0.112
692 88 9 11 0.112
580 55 8 11 0.112
101 168 9 12 0.110
444 84 9 11 0.110
913 85 9 11 0.110
499 36 8 10 0.109
172 38 9 11 0.108
17 120 9 12 0.108
903 208 11 14 0.108
457 348 14 15 0.108
931 208 10 14 0.107
333 370 13 16 0.107
1013 253 10 16 0.107
588 71 8 10 0.106
786 4 8 9 0.106
450 86 9 11 0.106
790 318 15 19 0.105
91 66 9 12 0.105
587 12 7 9 0.105
323 55 7 10 0.105
3 450 15 20 0.104
370 170 9 12 0.104
652 249 12 15 0.104
707 205 11 14 0.103
973 106 9 12 0.102
249 44 9 11 0.102
913 153 9 11 0.102
408 3 7 8 0.101
322 94 8 11 0.101
716 91 10 12 0.100
155 92 9 12 0.100
274 122 10 11 0.100
927 113 9 10 0.099
95 6 7 8 0.099
424 82 8 10 0.098
770 225 12 16 0.098
43 61 8 10 0.098
320 110 9 12 0.098
979 41 8 10 0.097
479 146 10 13 0.096
327 253 11 16 0.096
346 1 7 9 0.096
689 93 9 10 0.095
738 91 9 10 0.095
25 320 12 16 0.095
794 31 9 11 0.094
302 383 15 19 0.093
605 21 7 9 0.092
709 50 9 11 0.091
96 367 14 20 0.090
371 0 7 7 0.090
158 142 10 12 0.090
159 269 12 15 0.090
131 279 12 15 0.090
543 137 9 11 0.089
87 56 9 12 0.089
215 119 10 13 0.089
66 48 9 12 0.089
393 132 10 13 0.088
1001 152 9 13 0.088
340 80 9 12 0.088
834 294 12 15 0.088
521 4 8 10 0.088
605 116 10 12 0.087
876 329 10 14 0.087
603 6 8 10 0.086
965 105 10 13 0.086
830 97 9 10 0.085
362 182 10 13 0.085
370 31 8 11 0.085
788 158 11 13 0.085
426 88 9 12 0.085
297 143 10 13 0.084
17 152 11 12 0.084
750 291 11 14 0.084
369 40 8 11 0.084
807 0 7 8 0.083
814 97 10 14 0.082
326 28 9 11 0.082
413 150 11 15 0.081
265 35 7 10 0.080
249 1 7 9 0.080
635 127 10 11 0.080
872 21 9 12 0.079
785 87 8 12 0.079
524 81 8 12 0.079
173 4 9 10 0.079
557 212 10 13 0.078
771 281 14 17 0.078
1 350 11 16 0.078
497 102 8 11 0.077
613 63 9 11 0.077
45 24 7 10 0.077
212 317 14 18 0.076
311 5 7 10 0.075
409 227 12 15 0.075
375 297 12 16 0.074
183 304 12 16 0.074
404 325 12 17 0.074
69 126 10 13 0.074
591 254 14 17 0.073
415 99 9 11 0.073
453 2 7 9 0.073
267 84 9 12 0.072
662 376 14 19 0.072
727 71 9 11 0.072
168 212 12 15 0.072
717 37 10 11 0.071
709 296 13 17 0.071
620 69 9 11 0.071
770 7 8 10 0.071
863 171 13 15 0.071
510 156 9 12 0.070
416 383 15 18 0.070
378 0 6 7 0.070
184 3 8 10 0.070
1006 159 9 12 0.070
292 25 8 11 0.070
304 233 10 13 0.068
229 317 13 16 0.067
536 36 7 9 0.067
983 -1 8 8 0.066
1003 94 9 11 0.066
294 415 13 16 0.066
0 167 9 14 0.065
285 40 8 10 0.065
603 181 11 14 0.065
778 48 9 11 0.065
443 375 15 17 0.065
639 -2 6 7 0.064
637 202 12 16 0.064
674 48 8 10 0.064
561 139 10 10 0.063
236 49 8 11 0.063
18 291 11 14 0.063
266 136 9 12 0.063
142 99 9 12 0.063
251 2 8 10 0.062
540 97 10 11 0.062
403 1 7 8 0.062
569 48 9 12 0.062
550 176 11 14 0.062
837 306 13 17 0.062
766 92 10 13 0.061
805 0 7 6 0.061
197 293 14 18 0.061
737 22 9 11 0.061
799 312 13 16 0.061
83 122 9 13 0.060
804 86 9 10 0.060
507 166 10 12 0.060
931 163 11 13 0.060
159 387 13 15 0.060
106 38 9 12 0.059
81 116 9 12 0.059
925 24 8 10 0.059
397 60 8 10 0.059
769 303 11 15 0.059
681 282 13 17 0.059
951 27 9 11 0.058
261 263 13 16 0.058
900 250 11 13 0.058
119 137 9 12 0.058
922 21 9 11 0.058
212 495 13 16 0.058
820 130 10 13 0.057
755 147 10 13 0.057
4 153 8 13 0.057
92 61 9 11 0.057
701 26 8 11 0.056
785 168 10 12 0.055
90 115 9 11 0.055
959 44 8 10 0.055
136 101 10 11 0.054
869 20 9 11 0.054
349 113 9 11 0.054
450 217 14 17 0.054
498 250 10 13 0.053
505 138 10 12 0.052
270 228 13 16 0.052
688 117 11 12 0.052
466 66 8 10 0.051
640 271 10 15 0.051
667 363 15 19 0.051
669 423 14 16 0.051
0 359 8 17 0.051
906 459 15 19 0.050
177 125 9 13 0.050
81 88 9 11 0.050
246 93 10 11 0.050
309 127 8 11 0.050
200 128 10 12 0.049
346 71 9 12 0.048
534 205 12 14 0.048
670 439 13 17 0.048
118 171 10 13 0.046
910 157 10 13 0.046
1010 414 13 19 0.046
378 169 10 13 0.046
837 298 13 15 0.046
422 183 9 12 0.045
192 51 9 11 0.045
277 456 16 21 0.045
759 297 11 14 0.045
535 525 16 20 0.045
194 84 8 11 0.045
290 419 14 17 0.045
814 435 17 18 0.045
655 46 8 12 0.044
966 137 11 13 0.044
951 371 14 19 0.044
945 30 9 10 0.043
532 36 7 9 0.043
179 163 11 14 0.043
48 90 9 11 0.043
96 144 9 11 0.043
74 243 10 13 0.043
641 242 14 18 0.042
1015 206 9 14 0.042
998 133 9 12 0.042
401 276 11 15 0.042
991 6 9 11 0.042
375 326 13 17 0.041
42 133 10 12 0.041
983 336 15 17 0.041
748 295 11 13 0.041
191 84 8 11 0.041
184 24 8 9 0.040
376 116 8 12 0.040
246 322 13 17 0.040
802 46 8 10 0.040
461 134 11 14 0.040
496 409 12 15 0.040
699 73 8 11 0.040
54 53 9 12 0.040
126 82 8 11 0.039
153 75 8 11 0.039
327 0 7 8 0.039
610 496 15 18 0.039
843 89 8 10 0.039
298 38 9 11 0.039
362 88 9 12 0.038
923 35 8 11 0.038
740 0 7 7 0.038
150 45 9 13 0.038
933 153 9 11 0.038
868 125 9 13 0.038
920 -1 8 7 0.037
772 67 9 11 0.037
714 259 11 15 0.037
82 226 12 17 0.037
528 216 10 14 0.037
268 31 8 10 0.036
97 281 14 16 0.036
717 437 17 20 0.036
6 55 9 11 0.036
171 341 13 17 0.036
584 182 10 12 0.036
851 13 7 8 0.035
433 0 7 6 0.035
962 158 11 13 0.035
884 54 8 10 0.035
60 179 11 13 0.035
990 101 9 12 0.035
797 212 10 14 0.035
658 344 14 16 0.034
398 312 12 16 0.034
776 111 11 13 0.034
279 387 12 15 0.034
214 54 8 10 0.034
76 151 10 13 0.033
286 6 8 9 0.033
743 45 8 10 0.033
924 153 9 10 0.033
415 23 8 10 0.033
280 422 15 21 0.033
665 136 9 11 0.033
185 360 15 19 0.032
297 277 12 17 0.032
45 131 9 12 0.032
929 21 9 10 0.032
847 147 10 13 0.031
59 124 10 12 0.031
90 5 8 9 0.031
220 85 9 11 0.031
516 412 14 18 0.031
326 346 12 16 0.031
838 119 9 12 0.031
62 12 7 9 0.030
146 91 10 12 0.030
194 157 10 12 0.030
261 11 8 10 0.030
4 120 8 12 0.030
248 353 14 16 0.030
686 245 12 15 0.030
162 383 13 17 0.030
565 482 16 21 0.029
677 52 8 10 0.029
174 337 14 18 0.029
1017 83 9 12 0.029
497 287 13 16 0.029
392 69 8 11 0.029
65 654 18 20 0.029
131 448 16 19 0.029
497 177 10 13 0.029
670 417 15 17 0.028
27 242 12 17 0.028
723 176 10 13 0.028
595 23 8 11 0.028
484 44 8 10 0.028
460 61 8 10 0.027
841 291 12 14 0.027
524 365 12 15 0.027
866 38 8 11 0.027
430 201 12 15 0.027
686 165 10 13 0.026
368 174 11 13 0.026
475 461 13 15 0.026
392 159 9 12 0.026
773 208 11 13 0.026
670 84 10 12 0.026
345 67 9 12 0.026
329 371 12 15 0.026
374 288 12 16 0.026
818 69 10 12 0.026
860 56 8 10 0.026
173 9 9 11 0.026
929 245 13 14 0.025
977 16 9 11 0.025
418 59 8 10 0.025
914 217 11 15 0.025
554 37 8 10 0.025
372 144 9 10 0.025
650 391 13 17 0.025
927 0 7 8 0.024
337 3 8 8 0.024
810 1 9 10 0.024
88 174 10 13 0.024
479 241 11 14 0.024
14 135 10 14 0.024
246 47 8 11 0.024
647 209 10 14 0.024
445 300 12 15 0.023
579 180 10 12 0.023
329 343 13 16 0.023
383 335 11 16 0.023
134 49 9 11 0.023
909 17 9 11 0.023
283 384 14 17 0.023
295 322 12 17 0.023
114 43 8 11 0.023
596 262 12 16 0.023
165 348 15 17 0.023
216 11 8 9 0.023
917 221 11 15 0.023
814 69 9 12 0.023
2 41 7 10 0.022
775 305 12 14 0.022
352 236 12 15 0.022
496 182 10 14 0.022
545 68 9 11 0.022
613 0 7 7 0.022
655 2 7 9 0.022
87 138 9 11 0.022
631 195 11 15 0.022
69 114 8 12 0.022
11 77 8 11 0.022
970 259 11 14 0.022
960 121 9 12 0.021
224 19 8 9 0.021
134 362 13 15 0.021
82 93 9 11 0.021
920 33 8 10 0.021
795 250 11 14 0.021
362 5 8 9 0.021
514 407 14 19 0.021
974 52 9 11 0.021
898 217 11 12 0.021
363 44 9 12 0.021
243 326 13 17 0.021
390 138 9 12 0.021
969 156 9 11 0.020
1013 409 9 19 0.020
461 488 17 24 0.020
966 348 15 18 0.020
524 190 10 12 0.020
22 314 12 15 0.020
152 516 16 19 0.020
213 10 9 10 0.020
397 200 11 13 0.020
470 142 10 14 0.020
741 232 11 14 0.019
540 313 14 18 0.019
854 287 11 15 0.019
273 403 15 18 0.019
197 86 8 11 0.019
803 184 10 12 0.019
725 227 11 15 0.019
130 195 11 14 0.019
420 392 13 18 0.019
830 60 9 10 0.019
673 317 12 16 0.018
582 0 7 6 0.018
183 295 12 15 0.018
715 387 15 20 0.018
969 258 9 11 0.018
540 465 14 16 0.018
657 415 11 14 0.018
547 300 13 15 0.018
8 47 7 10 0.018
216 171 10 11 0.018
633 237 12 16 0.018
346 398 16 19 0.018
852 10 7 9 0.018
801 42 9 10 0.018
22 295 11 16 0.018
179 331 13 18 0.018
596 -4 6 6 0.018
260 188 9 13 0.018
293 318 13 17 0.017
704 387 14 18 0.017
823 207 11 15 0.017
302 250 11 15 0.017
964 48 8 11 0.017
73 93 9 11 0.017
826 397 17 19 0.017
96 188 10 12 0.017
396 5 9 10 0.016
764 274 12 15 0.016
570 137 9 11 0.016
526 138 9 13 0.016
482 316 13 16 0.016
176 346 14 19 0.016
132 50 8 11 0.016
38 333 12 14 0.016
21 608 21 27 0.016
788 113 9 13 0.016
439 165 8 12 0.016
345 334 14 18 0.016
468 378 16 14 0.016
570 468 14 17 0.016
698 0 8 8 0.016
629 157 10 12 0.016
795 48 8 11 0.016
548 59 11 15 0.016
240 190 10 14 0.016
580 232 10 13 0.016
17 398 13 17 0.016
83 31 8 9 0.015
251 212 10 13 0.015
950 65 8 11 0.015
417 46 7 9 0.015
610 210 10 13 0.015
242 209 11 11 0.015
442 247 12 15 0.015
68 183 11 13 0.015
140 115 9 12 0.015
245 63 8 10 0.015
159 231 11 15 0.015
929 115 9 11 0.015
209 349 15 19 0.015
124 0 6 8 0.015
436 415 15 17 0.015
911 464 15 19 0.015
-1 411 8 15 0.015
660 317 14 19 0.015
395 309 12 16 0.015
44 148 10 13 0.015
1005 374 14 18 0.015
175 311 13 16 0.015
149 106 9 12 0.014
860 142 10 14 0.014
965 464 12 16 0.014
123 238 11 15 0.014
-1 367 7 15 0.014
625 286 11 13 0.014
842 331 14 18 0.014
828 300 11 15 0.014
711 384 16 19 0.014
958 383 13 19 0.014
184 372 14 18 0.014
198 224 10 13 0.013
189 5 8 8 0.013
39 257 11 15 0.013
302 389 13 17 0.013
620 287 11 15 0.013
249 12 8 11 0.013
419 372 15 19 0.013
561 361 14 18 0.013
177 299 11 15 0.013
37 133 10 13 0.013
75 309 12 17 0.013
571 476 13 18 0.013
203 346 16 20 0.013
299 253 11 15 0.013
453 349 13 15 0.013
363 335 14 18 0.013
895 265 12 15 0.013
415 392 13 17 0.012
561 353 14 18 0.012
755 124 10 12 0.012
875 33 7 11 0.012
198 68 9 11 0.012
777 165 10 13 0.012
840 251 13 17 0.012
198 351 15 20 0.012
898 157 9 12 0.012
992 245 12 16 0.012
193 353 15 19 0.012
113 313 14 18 0.012
41 144 9 12 0.012
1015 342 8 17 0.012
213 50 9 11 0.012
587 258 12 16 0.012
741 123 9 12 0.012
15 203 11 14 0.012
166 356 15 18 0.012
507 501 14 17 0.012
204 112 9 11 0.011
505 250 12 13 0.011
750 312 12 15 0.011
0 14 6 10 0.011
425 276 12 17 0.011
720 389 14 18 0.011
922 233 12 15 0.011
728 324 11 14 0.011
942 364 14 16 0.011
695 52 9 11 0.011
995 146 10 13 0.011
1 118 7 13 0.011
148 22 10 14 0.011
425 157 10 12 0.011
622 180 10 12 0.011
890 111 9 14 0.011
515 182 10 13 0.011
792 186 10 14 0.010
914 275 10 12 0.010
432 283 13 16 0.010
393 168 9 12 0.010
917 82 10 12 0.010
354 262 11 14 0.010
564 367 14 17 0.010
436 26 11 14 0.010
303 228 11 15 0.010
