2_Demonstration_Demonstration_Or_Protest_2_117
248
698 449 33 47 0.809
937 470 32 41 0.804
660 414 30 40 0.797
15 524 26 33 0.791
610 454 28 38 0.785
912 608 34 44 0.778
165 418 21 26 0.771
801 456 33 34 0.765
515 436 27 37 0.763
227 413 23 28 0.756
283 438 23 31 0.753
372 420 25 33 0.751
62 414 21 27 0.736
439 427 25 31 0.734
174 386 19 23 0.732
626 410 24 30 0.731
597 428 24 35 0.724
371 366 16 19 0.693
778 526 30 34 0.686
992 266 16 20 0.683
881 490 38 48 0.679
432 402 20 27 0.676
970 432 25 30 0.660
24 414 19 26 0.639
130 428 19 25 0.634
199 364 14 17 0.634
363 345 13 15 0.625
276 335 12 14 0.617
529 378 20 26 0.573
185 343 13 16 0.565
435 331 10 12 0.560
136 345 12 15 0.559
408 356 15 18 0.555
782 309 10 12 0.547
345 331 11 14 0.543
46 239 11 14 0.513
381 333 10 11 0.461
768 312 8 10 0.440
493 327 11 14 0.429
829 292 7 9 0.399
750 280 9 11 0.398
684 300 9 10 0.349
671 313 7 9 0.344
612 312 9 12 0.336
684 322 10 11 0.324
40 309 8 9 0.315
405 361 17 21 0.302
490 357 11 13 0.301
420 333 9 12 0.299
340 407 17 25 0.299
811 291 7 9 0.294
778 294 9 10 0.293
924 470 36 46 0.289
299 353 12 17 0.277
446 347 11 15 0.266
156 348 10 12 0.261
6 404 15 21 0.260
731 393 16 21 0.240
63 333 10 13 0.224
653 318 9 9 0.223
174 330 9 10 0.221
296 351 12 16 0.215
384 330 10 12 0.214
709 316 7 9 0.197
668 329 10 12 0.184
686 302 9 9 0.181
106 322 9 11 0.178
67 321 6 7 0.171
85 405 16 23 0.162
827 291 7 9 0.160
121 386 15 22 0.158
780 293 9 9 0.131
758 298 8 10 0.126
178 329 10 11 0.126
68 319 7 8 0.124
714 371 15 18 0.123
599 305 8 9 0.122
50 401 14 17 0.122
441 349 12 16 0.113
229 360 13 15 0.112
195 361 13 16 0.109
43 309 7 8 0.105
503 305 7 8 0.104
378 399 19 21 0.099
742 310 8 10 0.098
509 319 7 10 0.096
3 403 13 18 0.096
97 311 8 10 0.096
335 403 16 24 0.096
792 293 8 10 0.094
388 330 9 12 0.090
189 331 10 11 0.088
377 333 10 12 0.088
468 314 8 8 0.084
601 303 7 9 0.084
820 259 6 8 0.083
414 307 7 10 0.081
104 319 10 13 0.080
58 102 12 15 0.079
537 376 19 25 0.075
753 280 8 10 0.066
182 330 10 12 0.065
505 307 7 9 0.063
67 334 9 11 0.063
962 263 6 8 0.062
683 326 11 12 0.062
786 293 9 11 0.060
681 334 9 11 0.059
193 329 8 10 0.059
291 351 13 16 0.058
94 308 9 12 0.057
713 333 8 9 0.057
503 318 9 11 0.056
476 331 9 12 0.054
193 433 15 21 0.053
644 311 7 9 0.052
766 314 8 11 0.051
793 289 7 8 0.051
412 315 7 10 0.049
703 304 6 7 0.047
258 335 10 12 0.047
99 314 10 12 0.046
158 45 21 23 0.045
711 313 7 9 0.045
536 393 22 28 0.042
598 302 7 9 0.040
606 314 9 12 0.037
4 254 12 19 0.037
478 335 9 13 0.037
831 280 5 7 0.037
916 264 5 6 0.036
233 359 11 14 0.035
641 309 7 8 0.035
588 381 17 23 0.035
646 324 9 12 0.034
43 242 12 13 0.034
1016 270 7 15 0.033
409 321 7 10 0.033
303 357 12 17 0.031
822 404 22 27 0.030
485 433 18 23 0.030
818 311 8 10 0.030
946 273 6 8 0.029
477 325 9 12 0.029
202 203 11 16 0.029
951 296 7 10 0.029
450 347 11 13 0.029
661 326 10 12 0.028
774 290 6 9 0.028
276 342 12 15 0.027
307 214 16 20 0.026
501 269 6 7 0.026
411 308 7 9 0.026
387 382 18 21 0.026
946 311 10 15 0.025
491 362 14 17 0.025
495 313 6 8 0.025
896 267 6 8 0.025
1012 271 10 16 0.025
204 326 9 11 0.024
898 268 6 8 0.024
759 323 8 9 0.024
492 434 19 28 0.024
594 306 10 12 0.023
824 259 6 8 0.023
868 499 39 46 0.022
486 355 11 14 0.022
670 294 6 8 0.022
773 277 6 8 0.022
135 343 9 13 0.022
506 326 9 12 0.021
155 339 8 11 0.021
930 282 6 9 0.021
946 305 11 16 0.020
25 401 15 18 0.020
99 309 10 13 0.019
33 403 16 20 0.019
917 263 6 8 0.019
422 271 8 10 0.019
784 377 10 14 0.019
530 268 7 8 0.019
84 258 10 13 0.018
345 411 19 24 0.018
81 381 12 17 0.018
814 312 8 10 0.018
442 378 15 19 0.018
670 291 6 7 0.018
928 287 7 11 0.018
114 343 9 11 0.017
514 291 7 8 0.017
651 316 12 15 0.017
92 305 7 9 0.017
1011 450 14 31 0.017
47 397 15 17 0.017
994 425 16 26 0.017
948 300 9 14 0.016
816 307 8 10 0.016
255 334 9 13 0.016
827 288 10 14 0.016
642 306 7 8 0.016
78 387 14 19 0.016
85 396 17 25 0.016
721 181 77 85 0.016
224 363 13 15 0.016
160 352 9 12 0.016
378 330 10 12 0.016
841 475 21 28 0.015
513 294 7 9 0.015
90 404 16 22 0.015
466 330 9 10 0.015
791 526 27 31 0.015
231 355 10 13 0.015
851 468 23 29 0.015
199 201 17 22 0.014
48 399 20 25 0.014
913 444 18 21 0.014
830 310 7 11 0.014
385 402 16 20 0.014
650 387 17 20 0.014
329 403 15 21 0.014
530 415 18 24 0.014
919 261 6 7 0.014
494 454 18 23 0.013
901 273 6 9 0.013
991 264 11 16 0.013
398 370 14 17 0.013
819 261 8 10 0.013
960 262 6 8 0.013
896 266 8 11 0.012
599 313 8 11 0.012
231 212 10 11 0.012
534 410 19 24 0.012
908 291 8 10 0.012
761 319 9 12 0.012
129 450 15 19 0.012
128 441 17 24 0.012
486 426 16 21 0.011
881 184 80 85 0.011
338 399 15 22 0.011
204 201 7 11 0.011
716 335 8 10 0.011
811 376 12 16 0.011
527 404 20 28 0.011
651 287 6 7 0.011
240 390 15 20 0.011
124 427 18 25 0.011
74 413 21 26 0.010
776 276 6 7 0.010
