2_Demonstration_Demonstration_Or_Protest_2_578
193
570 306 26 33 0.811
941 320 28 34 0.802
668 294 29 34 0.795
854 332 29 36 0.771
255 331 23 29 0.771
148 322 22 27 0.763
502 303 24 30 0.755
323 319 24 30 0.747
70 306 22 29 0.745
781 345 26 31 0.739
882 246 17 21 0.738
212 355 21 24 0.732
424 306 22 26 0.726
961 224 15 18 0.715
0 308 22 26 0.713
750 252 15 20 0.712
812 231 14 18 0.700
578 276 20 23 0.694
983 230 15 19 0.683
697 244 16 19 0.666
704 211 12 14 0.650
585 250 15 19 0.639
231 274 12 15 0.639
384 250 14 19 0.634
94 268 11 14 0.618
613 222 12 14 0.581
906 223 11 13 0.571
574 215 11 13 0.538
496 256 14 21 0.532
549 221 9 11 0.490
296 221 9 11 0.479
803 201 8 10 0.472
304 248 11 13 0.465
667 188 7 9 0.448
812 211 10 12 0.440
167 237 9 11 0.377
654 210 10 11 0.368
771 194 7 9 0.349
734 183 7 9 0.338
282 222 8 9 0.313
317 221 9 10 0.300
183 249 10 12 0.297
559 189 7 8 0.278
884 208 8 10 0.274
582 172 6 8 0.262
289 222 8 10 0.198
543 204 8 10 0.175
454 215 6 8 0.167
521 188 6 8 0.159
710 177 6 8 0.158
749 186 7 8 0.155
806 203 9 11 0.152
544 201 9 11 0.143
731 183 8 9 0.138
742 214 9 12 0.138
669 189 8 8 0.136
546 200 9 10 0.115
998 195 7 8 0.108
959 203 10 11 0.104
472 334 12 16 0.097
553 169 6 7 0.089
488 189 8 9 0.087
629 180 7 8 0.087
438 225 7 9 0.086
330 252 8 10 0.082
368 228 7 8 0.081
178 244 10 12 0.075
526 195 7 9 0.073
628 207 8 10 0.068
314 220 8 10 0.065
556 186 8 10 0.064
628 184 7 9 0.063
3 217 14 27 0.059
846 195 7 9 0.059
457 326 13 15 0.059
362 253 10 13 0.055
49 302 14 20 0.054
612 162 6 7 0.054
451 213 8 10 0.053
327 252 8 10 0.053
959 202 8 9 0.051
748 189 7 10 0.050
174 241 9 12 0.048
382 226 7 8 0.043
976 195 7 8 0.042
492 190 7 8 0.041
353 228 8 9 0.041
542 208 9 10 0.039
632 183 7 9 0.038
531 167 6 7 0.037
6 202 8 13 0.037
578 214 10 12 0.036
836 182 6 7 0.036
1016 204 7 12 0.035
887 206 8 10 0.035
529 201 8 9 0.035
753 153 6 6 0.035
365 228 7 9 0.034
748 174 6 7 0.033
640 140 6 7 0.032
656 126 5 7 0.031
498 251 11 17 0.031
972 180 6 7 0.030
317 224 9 12 0.030
555 266 10 14 0.030
450 217 8 10 0.029
822 191 7 9 0.029
131 317 15 19 0.029
444 204 7 8 0.027
747 170 6 7 0.027
1017 197 6 11 0.026
274 219 6 8 0.025
657 149 6 7 0.025
965 189 6 7 0.025
491 154 6 7 0.025
626 177 6 7 0.025
751 152 6 6 0.023
597 187 7 9 0.023
1016 195 6 9 0.023
199 291 11 14 0.023
467 227 7 9 0.023
748 223 10 12 0.022
593 190 7 9 0.022
402 226 7 8 0.022
494 278 16 19 0.022
811 181 6 7 0.022
903 224 10 14 0.021
1009 195 10 13 0.021
850 194 8 9 0.021
561 172 7 8 0.021
884 212 8 10 0.020
627 196 8 10 0.020
330 247 10 13 0.020
516 200 7 10 0.020
486 311 14 19 0.019
446 210 6 8 0.019
550 223 9 12 0.019
609 166 6 7 0.019
8 205 8 11 0.019
131 222 10 12 0.019
585 175 7 9 0.019
770 136 6 7 0.018
713 229 12 15 0.018
531 161 6 7 0.018
618 351 13 20 0.017
673 202 7 9 0.017
732 164 5 6 0.017
793 170 5 7 0.017
591 171 5 7 0.017
531 156 5 6 0.017
213 239 8 10 0.016
734 186 8 10 0.016
613 161 9 9 0.016
449 264 14 17 0.016
769 137 5 6 0.015
547 193 7 8 0.015
130 226 9 10 0.015
242 218 7 8 0.015
672 206 8 10 0.015
453 262 11 14 0.014
770 138 5 7 0.014
705 177 6 7 0.014
926 209 6 7 0.014
56 335 13 15 0.014
447 231 8 10 0.014
589 253 14 18 0.013
962 190 5 7 0.013
549 170 7 7 0.013
494 263 15 21 0.013
581 151 5 6 0.013
135 222 11 12 0.013
554 156 5 6 0.013
473 291 13 19 0.013
506 155 6 7 0.012
401 228 8 9 0.012
520 182 6 8 0.012
503 253 9 12 0.012
732 180 11 13 0.012
135 314 16 21 0.012
281 221 11 13 0.012
599 195 7 9 0.012
452 326 15 17 0.011
579 217 10 13 0.011
993 196 9 11 0.011
493 203 6 8 0.011
870 164 5 8 0.011
380 227 9 11 0.011
397 246 11 15 0.011
885 241 15 19 0.011
385 223 6 7 0.010
769 192 11 13 0.010
665 187 11 12 0.010
867 164 6 7 0.010
