2_Demonstration_Political_Rally_2_83
285
882 558 111 125 0.843
291 570 104 114 0.840
601 494 98 134 0.835
229 268 68 86 0.832
889 158 48 56 0.829
404 304 89 120 0.828
2 394 85 103 0.808
982 442 42 112 0.806
174 390 73 90 0.803
447 116 38 48 0.798
73 217 51 64 0.792
626 391 89 95 0.790
675 611 109 89 0.789
45 181 47 59 0.785
326 166 51 59 0.785
882 333 76 86 0.783
562 293 73 80 0.782
115 523 113 116 0.777
506 210 52 67 0.775
97 292 67 86 0.768
179 155 49 60 0.768
168 0 31 37 0.767
232 120 40 54 0.763
209 226 54 70 0.755
111 79 35 47 0.743
474 84 38 42 0.741
96 612 106 89 0.734
813 136 37 47 0.732
927 199 49 56 0.727
289 32 32 38 0.725
560 80 33 37 0.711
218 60 36 46 0.709
3 71 31 40 0.706
398 108 35 42 0.700
791 121 34 41 0.689
10 126 49 60 0.673
427 32 29 35 0.669
742 153 43 52 0.667
466 182 49 62 0.663
976 219 49 85 0.655
726 377 75 102 0.644
627 64 29 35 0.641
309 69 29 34 0.635
951 161 53 53 0.634
204 108 31 41 0.629
473 16 26 30 0.627
379 152 38 48 0.626
882 77 31 37 0.621
396 195 60 65 0.618
133 174 40 46 0.617
750 19 22 27 0.616
264 17 24 31 0.609
44 280 38 60 0.596
824 62 25 35 0.591
622 247 54 62 0.584
821 331 48 60 0.577
869 25 27 34 0.577
918 -2 23 27 0.572
386 61 29 31 0.567
815 38 23 26 0.548
475 45 20 26 0.545
556 187 32 40 0.542
667 46 25 27 0.533
34 63 30 39 0.513
994 125 27 36 0.511
79 39 31 33 0.505
567 41 18 24 0.504
946 10 27 34 0.489
245 185 41 47 0.483
343 31 29 36 0.481
233 9 27 34 0.473
757 89 31 39 0.457
971 84 33 45 0.449
0 155 16 58 0.435
593 115 55 64 0.423
251 66 27 37 0.418
116 41 27 36 0.380
494 45 25 31 0.372
943 78 36 42 0.368
600 57 28 30 0.359
830 15 22 25 0.349
666 92 32 36 0.337
882 131 30 35 0.336
371 246 53 67 0.324
61 137 39 43 0.323
215 111 38 48 0.303
880 275 57 61 0.294
535 50 26 34 0.277
587 19 23 25 0.275
749 184 49 63 0.250
607 25 24 27 0.244
337 19 30 36 0.241
693 6 18 22 0.240
52 281 51 69 0.239
593 100 47 54 0.238
23 0 30 33 0.235
378 93 32 38 0.234
0 255 31 69 0.231
567 179 45 51 0.218
606 232 48 59 0.214
670 20 24 26 0.212
564 50 24 31 0.206
986 30 22 30 0.204
780 41 23 27 0.202
345 129 38 42 0.197
0 326 11 78 0.187
588 173 50 53 0.180
589 56 21 26 0.179
445 63 30 36 0.174
6 27 27 34 0.169
429 23 30 32 0.167
794 20 22 24 0.167
952 80 40 48 0.166
404 84 27 31 0.161
533 19 25 27 0.155
586 140 53 59 0.147
3 30 19 36 0.145
510 0 26 24 0.144
825 255 31 57 0.143
412 -1 26 22 0.139
546 42 25 33 0.139
388 8 27 30 0.133
266 174 44 55 0.129
581 187 46 52 0.113
743 66 29 35 0.111
482 175 43 52 0.109
701 30 28 32 0.105
0 34 10 42 0.104
228 91 39 50 0.101
266 1 22 23 0.096
540 395 56 82 0.093
743 79 35 46 0.090
983 89 33 44 0.087
304 257 56 69 0.086
435 15 22 25 0.085
336 441 58 70 0.085
738 78 27 37 0.081
1001 95 23 45 0.079
598 208 47 52 0.077
587 29 23 27 0.074
75 47 32 38 0.074
908 275 50 57 0.074
936 186 58 69 0.065
986 14 22 29 0.064
506 98 22 34 0.062
225 190 49 55 0.061
884 142 41 48 0.058
749 56 22 26 0.058
932 272 41 60 0.057
770 184 57 64 0.056
611 30 26 26 0.055
338 9 29 29 0.053
539 44 22 26 0.052
733 271 52 67 0.051
132 441 48 66 0.049
1009 41 15 29 0.049
983 -1 23 22 0.048
639 75 35 44 0.048
787 44 21 26 0.047
385 25 28 35 0.047
606 2 20 23 0.044
301 1 18 22 0.043
791 10 21 23 0.043
750 383 71 92 0.043
128 5 30 32 0.042
329 88 32 37 0.042
596 90 37 39 0.041
538 63 21 27 0.041
20 7 28 34 0.041
665 23 21 24 0.040
-1 111 25 41 0.040
-1 142 25 58 0.039
747 167 45 57 0.039
318 31 36 43 0.038
361 0 28 23 0.038
661 97 39 47 0.038
967 72 31 39 0.037
299 72 31 36 0.037
73 57 31 39 0.035
795 70 22 30 0.033
944 24 27 31 0.033
786 4 23 21 0.032
656 28 16 20 0.032
627 268 58 65 0.031
854 120 35 45 0.031
100 19 29 30 0.029
935 114 39 41 0.029
592 47 20 25 0.029
898 52 21 26 0.029
779 -1 20 19 0.029
673 15 20 23 0.027
511 39 38 46 0.027
315 76 31 36 0.026
390 2 33 28 0.026
621 39 21 23 0.026
952 37 27 32 0.025
536 28 26 30 0.025
753 200 59 73 0.025
739 235 52 76 0.025
988 3 20 23 0.025
0 245 25 53 0.024
879 94 35 40 0.023
875 108 31 40 0.023
534 13 21 24 0.023
838 46 34 44 0.022
8 113 44 49 0.022
338 90 20 27 0.022
313 98 34 42 0.021
370 45 36 46 0.021
373 52 22 27 0.021
12 163 32 40 0.021
977 145 39 47 0.021
531 386 51 75 0.021
1013 49 11 27 0.020
609 135 48 55 0.020
364 262 51 70 0.020
937 79 26 35 0.020
700 19 22 27 0.020
620 62 25 33 0.019
758 100 35 44 0.019
389 276 53 58 0.019
420 12 29 28 0.019
603 66 32 35 0.018
696 30 21 25 0.018
899 6 20 24 0.018
820 4 24 20 0.018
737 90 30 39 0.018
774 206 59 70 0.018
559 414 48 55 0.017
662 114 34 44 0.017
131 54 32 42 0.017
650 104 34 40 0.017
871 285 48 54 0.016
197 54 27 31 0.016
632 324 66 70 0.016
1001 111 24 42 0.016
633 2 22 20 0.016
7 163 22 46 0.016
676 52 22 26 0.015
120 128 30 36 0.015
735 79 20 26 0.015
941 104 30 39 0.015
621 210 43 47 0.015
22 672 64 29 0.015
837 20 20 24 0.015
127 71 35 46 0.015
72 10 26 28 0.015
116 52 30 38 0.015
344 42 22 27 0.015
243 132 41 48 0.014
833 64 29 39 0.014
382 68 31 37 0.014
32 7 36 44 0.014
0 101 14 43 0.014
788 17 19 23 0.013
650 12 22 24 0.013
631 192 44 46 0.013
751 187 32 46 0.013
259 120 35 48 0.013
349 3 27 27 0.013
1014 -1 9 19 0.013
863 130 34 43 0.012
190 74 26 34 0.012
702 108 31 39 0.012
55 522 72 95 0.012
123 46 35 36 0.012
91 296 44 67 0.012
515 22 30 35 0.011
595 75 31 32 0.011
613 22 20 22 0.011
486 17 20 25 0.011
466 1 27 22 0.011
367 46 21 27 0.011
715 151 34 39 0.011
710 452 39 47 0.011
619 122 44 51 0.011
705 138 34 39 0.011
327 7 30 27 0.011
581 137 42 45 0.011
202 70 27 38 0.011
504 32 28 35 0.011
594 230 45 56 0.011
696 3 20 21 0.010
588 218 45 48 0.010
993 308 31 71 0.010
