2_Demonstration_Demonstration_Or_Protest_2_158
87
518 183 42 56 0.822
986 217 33 38 0.758
857 239 19 22 0.744
64 264 12 15 0.582
474 231 24 33 0.580
741 266 61 62 0.551
104 253 12 15 0.549
7 192 29 42 0.544
694 258 10 12 0.519
35 248 9 12 0.506
679 255 11 13 0.505
807 248 12 14 0.486
184 216 26 40 0.485
503 236 12 18 0.475
176 251 30 40 0.461
729 250 15 18 0.313
637 252 10 13 0.261
177 225 32 49 0.260
374 240 16 19 0.240
507 219 11 14 0.212
253 257 11 13 0.211
58 254 10 11 0.198
395 250 13 19 0.161
121 239 12 14 0.125
385 245 15 18 0.111
619 253 8 10 0.090
523 133 15 18 0.063
634 253 10 13 0.063
864 521 109 118 0.055
31 246 11 15 0.053
251 255 11 13 0.053
425 232 19 22 0.053
731 245 12 16 0.053
125 243 12 15 0.050
392 254 15 21 0.048
506 238 14 17 0.039
259 273 8 10 0.036
499 230 21 30 0.034
36 251 9 12 0.034
665 251 8 12 0.034
400 252 10 14 0.034
250 259 10 14 0.032
192 227 21 28 0.032
402 238 8 12 0.029
505 213 15 21 0.027
271 260 9 12 0.027
615 253 8 11 0.026
261 272 8 10 0.026
61 267 14 17 0.026
396 263 11 17 0.025
280 253 11 14 0.025
826 237 10 13 0.025
254 253 10 13 0.025
355 235 8 13 0.025
101 256 11 14 0.024
278 255 10 14 0.023
697 257 8 10 0.023
638 249 9 11 0.022
140 248 11 14 0.021
330 255 11 14 0.021
400 256 10 17 0.020
390 246 19 26 0.020
421 229 13 19 0.020
447 216 15 19 0.019
307 257 8 10 0.018
725 229 6 8 0.017
41 265 9 13 0.014
138 252 11 14 0.014
879 248 12 15 0.014
877 258 12 16 0.013
198 235 16 23 0.013
616 251 12 15 0.013
699 254 9 12 0.013
728 256 11 14 0.013
246 251 10 14 0.013
669 248 8 10 0.013
735 242 9 13 0.012
191 259 17 25 0.012
447 209 13 18 0.012
129 252 10 13 0.012
385 233 8 11 0.011
439 220 17 23 0.011
296 250 10 13 0.011
402 235 8 11 0.011
300 255 9 12 0.011
725 233 8 10 0.010
253 270 8 10 0.010
