2_Demonstration_Demonstrators_2_290
86
507 560 92 112 0.865
172 363 79 91 0.861
696 165 68 94 0.848
414 147 76 107 0.848
728 503 55 72 0.836
862 464 51 66 0.812
637 481 43 43 0.754
18 493 23 29 0.724
457 502 26 34 0.706
379 506 19 25 0.686
480 491 18 22 0.600
413 505 14 18 0.524
515 503 10 12 0.511
53 529 19 24 0.504
359 505 15 18 0.449
937 450 21 21 0.409
703 489 11 12 0.387
22 444 9 11 0.340
567 507 15 18 0.286
415 514 15 19 0.249
1002 452 21 89 0.228
543 504 8 11 0.216
783 480 14 14 0.152
563 508 13 14 0.112
730 481 13 16 0.103
675 486 17 20 0.097
252 471 15 16 0.084
287 430 16 21 0.064
726 481 13 14 0.059
269 385 18 21 0.059
417 503 14 17 0.054
55 494 15 21 0.045
720 482 10 11 0.042
361 496 14 19 0.041
258 378 12 15 0.040
842 450 15 18 0.039
619 494 6 8 0.033
852 453 42 50 0.032
17 469 15 18 0.032
19 441 11 16 0.031
1010 444 13 62 0.030
571 503 15 20 0.025
840 449 12 15 0.025
272 480 10 12 0.025
512 505 9 12 0.020
290 459 22 27 0.020
495 495 11 14 0.020
618 490 12 14 0.019
636 491 29 26 0.018
895 458 17 32 0.018
612 521 12 15 0.018
791 527 39 49 0.017
916 513 23 39 0.017
342 491 10 14 0.017
711 487 12 16 0.017
935 456 20 22 0.017
419 497 12 16 0.017
22 447 11 13 0.016
927 257 63 74 0.015
424 492 10 10 0.015
784 513 32 48 0.015
403 493 10 12 0.015
850 454 18 21 0.015
448 498 13 17 0.015
1 429 7 15 0.015
984 447 8 10 0.014
549 488 8 9 0.013
339 491 10 16 0.013
777 509 27 44 0.013
727 483 19 19 0.013
622 493 11 14 0.013
438 527 14 19 0.013
985 449 9 11 0.013
666 482 26 27 0.012
614 494 9 11 0.012
249 467 21 27 0.012
144 550 50 55 0.012
775 484 15 16 0.012
20 448 10 14 0.011
263 476 16 19 0.011
343 527 17 29 0.011
109 495 21 25 0.010
299 390 8 9 0.010
765 490 17 22 0.010
295 448 23 29 0.010
541 500 12 15 0.010
