2_Demonstration_Political_Rally_2_267
33
748 307 29 37 0.704
812 354 27 43 0.570
773 397 27 33 0.559
101 400 22 29 0.453
710 397 23 29 0.447
1 373 28 50 0.421
197 366 19 22 0.403
452 325 20 30 0.236
442 336 22 27 0.220
196 432 23 27 0.203
141 357 23 31 0.140
456 321 18 27 0.113
113 445 19 24 0.065
205 433 20 25 0.063
827 345 35 54 0.056
833 359 37 46 0.051
335 272 29 39 0.045
433 341 23 26 0.038
851 374 35 36 0.037
447 318 21 29 0.031
839 326 29 43 0.026
716 402 21 27 0.025
547 292 24 34 0.021
192 436 20 25 0.019
145 353 21 26 0.018
200 424 23 28 0.017
320 270 34 42 0.016
939 474 17 24 0.016
703 402 23 30 0.014
204 361 18 22 0.012
196 373 20 24 0.011
782 404 29 32 0.010
590 555 16 21 0.010
