2_Demonstration_Protesters_2_493
467
718 133 37 43 0.834
922 159 37 46 0.817
649 174 46 55 0.811
386 149 37 44 0.799
556 131 34 43 0.789
456 133 38 45 0.786
771 129 34 42 0.786
303 153 37 50 0.782
162 80 21 26 0.735
849 142 30 40 0.732
279 115 27 33 0.731
92 112 27 32 0.730
0 408 85 167 0.729
202 79 22 27 0.728
19 99 24 29 0.727
81 88 21 25 0.724
255 98 23 27 0.722
267 74 22 25 0.721
291 67 21 26 0.715
68 61 20 27 0.712
986 149 36 50 0.710
876 209 44 54 0.699
31 69 23 27 0.696
737 91 21 25 0.693
938 128 33 42 0.692
868 91 24 33 0.690
523 87 20 24 0.688
339 90 22 26 0.683
832 181 32 46 0.682
544 76 19 23 0.682
662 62 20 23 0.678
219 64 17 21 0.677
638 51 17 22 0.669
481 59 19 24 0.669
187 57 16 20 0.660
211 116 22 28 0.655
520 65 17 19 0.646
963 68 20 25 0.644
313 85 23 28 0.641
606 85 22 26 0.638
710 109 28 31 0.637
568 51 14 18 0.630
135 105 22 27 0.628
719 80 18 20 0.625
916 73 25 31 0.624
433 69 20 25 0.621
386 72 21 25 0.618
306 47 14 18 0.609
949 53 17 20 0.604
803 20 11 15 0.590
321 57 17 20 0.584
704 50 15 19 0.577
523 119 24 27 0.576
1 49 12 17 0.573
345 115 29 38 0.558
845 48 17 20 0.555
745 48 15 18 0.540
245 82 19 21 0.540
924 48 19 22 0.539
587 58 18 22 0.535
229 86 20 26 0.534
97 56 13 16 0.534
380 32 12 13 0.533
565 29 12 15 0.529
15 60 15 18 0.527
0 88 13 27 0.525
378 98 23 29 0.519
35 51 13 16 0.517
663 47 16 17 0.510
615 64 18 23 0.503
459 56 14 17 0.502
410 113 26 33 0.502
192 118 21 26 0.496
424 51 15 18 0.487
692 36 11 14 0.484
763 45 14 18 0.482
637 106 23 29 0.471
787 59 16 18 0.471
810 48 14 16 0.469
139 49 14 17 0.468
130 84 20 23 0.468
906 120 24 35 0.466
247 62 14 17 0.466
420 35 12 15 0.465
129 65 14 17 0.458
255 45 14 18 0.455
551 111 27 30 0.450
846 18 10 12 0.448
783 84 21 27 0.446
888 50 17 21 0.438
2 132 25 36 0.438
488 88 20 25 0.436
277 40 12 14 0.433
545 53 14 17 0.431
643 98 25 31 0.430
824 9 10 14 0.430
834 74 23 28 0.429
584 128 23 33 0.428
159 45 14 16 0.427
548 39 14 16 0.426
333 42 12 14 0.423
468 36 11 13 0.420
650 91 22 28 0.410
616 54 15 19 0.405
387 50 15 18 0.403
749 195 35 40 0.401
694 73 21 25 0.391
78 43 12 13 0.385
485 43 10 12 0.380
609 40 12 14 0.356
555 16 9 12 0.354
655 20 10 13 0.351
519 37 10 12 0.349
620 22 10 11 0.344
534 110 28 30 0.329
454 91 21 27 0.328
842 150 33 46 0.318
872 15 10 13 0.316
400 24 10 12 0.315
365 84 18 21 0.310
477 19 8 9 0.304
630 2 9 10 0.304
706 11 10 11 0.294
302 113 18 26 0.293
502 11 8 11 0.285
521 19 9 10 0.282
466 0 7 9 0.282
826 73 24 31 0.277
363 35 11 13 0.269
500 101 19 24 0.266
407 90 19 23 0.264
752 47 15 19 0.258
717 51 14 17 0.252
236 46 12 15 0.251
709 51 16 19 0.247
470 114 27 30 0.244
177 108 21 25 0.242
755 7 8 11 0.235
727 56 14 15 0.234
817 66 20 25 0.230
110 63 13 17 0.229
564 84 16 20 0.226
23 44 11 12 0.226
230 196 39 55 0.225
605 1 9 10 0.225
507 77 17 21 0.223
483 241 43 61 0.222
438 36 11 14 0.220
341 97 28 35 0.211
1014 116 10 28 0.210
112 48 11 14 0.209
441 34 10 12 0.208
918 14 10 12 0.195
1006 86 16 29 0.185
503 53 14 16 0.183
624 52 17 20 0.182
329 40 12 14 0.179
422 22 8 10 0.176
583 99 18 22 0.175
1010 107 13 35 0.174
739 134 40 44 0.173
75 42 10 13 0.170
986 345 38 100 0.166
96 30 8 10 0.166
783 8 9 11 0.160
228 47 13 15 0.159
584 -1 8 8 0.158
426 139 20 27 0.156
370 55 13 16 0.156
407 101 24 32 0.155
316 33 10 11 0.154
111 53 13 17 0.151
499 9 9 11 0.148
548 34 11 13 0.148
189 39 11 11 0.147
108 79 15 20 0.146
945 56 18 23 0.142
526 67 16 20 0.141
656 84 21 28 0.140
733 0 8 10 0.139
256 31 9 9 0.139
104 61 14 17 0.136
834 46 16 18 0.134
1010 36 12 19 0.134
47 35 9 12 0.131
681 24 10 12 0.129
144 36 9 10 0.129
822 121 23 29 0.127
179 38 10 12 0.123
498 61 15 19 0.123
387 11 7 8 0.122
913 14 11 12 0.121
886 66 19 24 0.119
396 85 22 26 0.119
1006 267 18 64 0.118
937 67 19 25 0.118
210 32 9 11 0.115
657 94 20 26 0.113
722 49 16 17 0.109
655 3 8 9 0.109
185 38 10 12 0.107
997 87 18 23 0.107
57 66 22 24 0.107
180 59 16 18 0.107
148 32 9 10 0.106
427 135 31 34 0.105
485 96 21 26 0.105
819 72 24 29 0.105
589 43 12 13 0.104
710 31 11 12 0.102
149 62 16 18 0.102
563 8 8 10 0.101
819 36 11 13 0.100
669 46 14 17 0.099
805 82 19 26 0.099
903 16 10 15 0.098
688 24 10 12 0.096
367 58 16 20 0.095
622 48 12 14 0.089
701 84 21 26 0.086
380 55 15 19 0.085
443 22 9 9 0.085
210 159 25 37 0.084
282 30 7 9 0.080
341 61 13 17 0.079
447 0 7 8 0.079
607 20 9 11 0.079
574 20 9 11 0.079
487 5 8 8 0.079
275 40 9 12 0.078
972 97 16 19 0.076
4 11 8 10 0.076
898 26 13 16 0.075
564 5 7 9 0.075
301 52 18 20 0.075
356 23 8 9 0.074
500 7 8 9 0.072
866 31 10 15 0.072
758 30 11 14 0.071
886 46 14 20 0.071
498 29 9 11 0.070
604 44 14 17 0.069
473 24 9 12 0.068
1009 9 12 16 0.068
654 8 9 12 0.067
871 11 10 12 0.067
92 58 15 19 0.067
123 37 8 10 0.066
283 34 9 11 0.065
622 69 16 21 0.065
67 109 22 26 0.064
18 23 8 9 0.064
484 51 13 18 0.064
669 161 30 38 0.064
372 22 8 10 0.064
447 78 20 24 0.063
845 21 11 15 0.063
724 59 15 18 0.062
677 31 9 12 0.062
244 31 9 10 0.062
369 47 13 15 0.061
610 6 9 12 0.061
589 0 8 9 0.060
812 13 13 14 0.060
50 36 9 11 0.059
385 26 8 13 0.058
69 41 8 9 0.058
414 14 7 8 0.057
393 12 7 8 0.057
677 52 14 17 0.057
1 43 9 13 0.057
688 0 8 9 0.056
420 52 14 18 0.056
702 367 64 86 0.056
889 73 18 23 0.056
347 88 21 25 0.055
196 111 17 24 0.055
322 26 7 9 0.054
152 28 7 8 0.054
653 4 9 11 0.053
237 39 9 12 0.053
461 81 18 22 0.052
207 65 17 22 0.052
920 11 11 12 0.052
275 24 7 9 0.051
634 1 8 9 0.051
170 289 55 81 0.050
443 36 12 13 0.050
365 65 16 19 0.049
842 45 16 19 0.049
228 26 7 9 0.049
770 0 8 9 0.048
50 77 19 24 0.048
623 24 11 13 0.047
384 10 7 9 0.047
422 2 7 7 0.047
227 38 11 13 0.044
689 6 9 11 0.044
209 37 10 12 0.044
150 28 7 8 0.044
910 11 11 13 0.043
607 133 24 33 0.043
172 37 10 12 0.042
987 85 17 22 0.041
908 64 18 24 0.041
666 5 9 10 0.040
692 81 19 24 0.040
767 0 8 11 0.040
611 1 9 10 0.039
78 94 20 25 0.038
328 60 16 20 0.038
61 115 24 27 0.038
348 36 9 12 0.036
475 120 26 31 0.036
813 81 21 26 0.035
837 5 9 11 0.035
536 373 65 87 0.035
20 23 8 8 0.035
203 22 7 9 0.035
1002 35 15 19 0.035
223 49 12 15 0.034
828 33 11 14 0.034
668 3 8 8 0.034
727 0 9 10 0.034
759 70 17 20 0.033
520 0 7 9 0.033
577 3 9 10 0.033
199 23 7 8 0.032
900 55 16 20 0.032
499 168 31 35 0.031
649 35 11 13 0.031
844 76 18 25 0.030
741 34 10 13 0.030
319 25 7 8 0.030
329 23 8 8 0.030
299 15 6 6 0.029
353 24 9 11 0.028
29 237 79 91 0.028
272 156 30 40 0.027
100 85 17 21 0.027
298 29 8 10 0.027
110 83 16 21 0.027
166 25 7 8 0.027
54 13 6 7 0.027
772 89 19 24 0.026
428 411 59 86 0.026
346 6 6 8 0.026
62 75 18 22 0.025
266 49 14 17 0.025
762 76 17 23 0.025
420 1 7 8 0.025
670 7 9 11 0.024
239 32 10 11 0.024
248 25 7 8 0.024
584 406 54 75 0.023
703 0 8 8 0.023
422 8 7 9 0.023
365 3 7 8 0.023
40 53 13 16 0.023
273 19 6 7 0.023
417 7 8 10 0.023
811 0 9 9 0.023
298 18 7 8 0.022
275 52 14 16 0.022
55 15 6 7 0.022
175 304 65 84 0.022
842 4 9 11 0.022
562 73 14 18 0.022
702 99 21 27 0.022
870 4 9 9 0.021
166 67 20 22 0.021
286 5 6 6 0.021
732 271 54 64 0.021
212 169 37 50 0.020
894 30 11 16 0.020
183 29 7 8 0.020
223 14 6 7 0.020
683 83 17 21 0.020
443 18 7 8 0.020
250 3 5 7 0.020
780 92 19 24 0.020
177 5 6 8 0.020
712 10 10 13 0.020
372 2 6 7 0.019
415 212 36 67 0.019
443 115 20 25 0.019
800 44 13 16 0.019
586 74 17 21 0.019
997 33 15 18 0.019
807 15 11 14 0.019
558 1 7 8 0.018
836 125 33 46 0.018
619 138 17 26 0.018
117 25 6 9 0.018
903 119 21 27 0.018
743 202 40 49 0.018
844 8 9 11 0.018
325 4 5 7 0.017
41 33 9 12 0.017
350 155 27 35 0.017
76 22 7 7 0.017
763 20 10 13 0.017
976 97 18 23 0.017
436 375 70 96 0.016
0 46 17 24 0.016
233 4 6 7 0.016
335 3 5 6 0.016
913 127 26 38 0.016
874 10 11 13 0.016
396 153 38 51 0.016
156 9 5 7 0.016
324 7 5 7 0.016
70 10 5 7 0.015
1000 92 17 26 0.015
47 0 6 5 0.015
133 19 6 8 0.015
992 263 32 75 0.014
691 112 18 24 0.014
196 16 6 8 0.014
233 6 6 7 0.014
1014 45 11 21 0.014
544 25 9 11 0.014
748 10 9 12 0.014
564 113 22 27 0.014
46 12 6 7 0.014
248 467 82 99 0.013
690 103 18 24 0.013
600 217 29 50 0.013
242 181 36 56 0.013
1 135 17 44 0.013
935 15 10 12 0.013
310 10 6 7 0.013
313 279 48 65 0.013
1 153 43 70 0.013
206 18 6 8 0.013
901 42 13 16 0.013
114 9 6 8 0.012
108 24 8 9 0.012
133 15 6 8 0.012
40 22 6 8 0.012
135 0 6 5 0.012
169 112 22 25 0.012
1010 4 11 14 0.012
599 132 24 33 0.012
319 82 21 25 0.012
312 6 6 6 0.011
480 49 20 26 0.011
518 117 21 25 0.011
259 10 6 7 0.011
145 33 11 15 0.011
217 183 42 52 0.011
0 119 10 23 0.011
518 3 9 11 0.011
116 12 5 8 0.011
95 53 18 23 0.011
671 88 18 24 0.011
114 29 10 11 0.011
178 117 27 31 0.011
69 8 6 6 0.011
397 333 56 71 0.011
613 89 19 23 0.011
967 104 18 22 0.011
544 0 7 7 0.011
135 1 5 7 0.011
83 0 5 6 0.010
185 88 16 20 0.010
813 0 10 11 0.010
