2_Demonstration_Demonstrators_2_414
93
400 33 21 25 0.733
135 41 23 28 0.692
202 40 19 23 0.687
764 45 19 23 0.666
598 40 23 25 0.636
486 29 21 25 0.614
817 51 22 25 0.580
251 51 19 23 0.565
689 56 19 23 0.547
314 41 24 28 0.515
19 39 22 29 0.492
931 44 25 29 0.491
95 61 17 22 0.447
46 53 17 21 0.391
540 68 16 19 0.275
872 22 6 8 0.183
228 42 13 16 0.159
905 51 18 22 0.139
672 59 15 22 0.132
1012 56 11 26 0.111
865 63 15 19 0.098
2 48 10 26 0.090
898 49 17 23 0.087
825 51 20 23 0.087
922 49 21 25 0.086
278 39 18 22 0.079
108 57 16 24 0.078
231 44 15 19 0.068
185 52 17 24 0.068
1007 53 12 26 0.065
179 54 19 24 0.055
321 45 22 26 0.054
112 63 17 23 0.051
842 106 18 23 0.051
287 39 17 23 0.050
265 48 17 21 0.049
947 42 18 25 0.044
607 42 20 23 0.039
309 45 21 26 0.039
545 66 17 20 0.035
12 45 20 26 0.030
364 39 10 13 0.030
105 23 15 19 0.030
174 55 18 21 0.030
940 39 21 26 0.029
167 55 18 21 0.029
14 37 20 26 0.028
4 88 26 32 0.028
874 21 7 8 0.028
272 39 15 18 0.025
112 50 14 20 0.025
809 51 16 21 0.025
284 35 15 18 0.023
35 35 16 21 0.023
420 31 13 19 0.023
579 49 15 19 0.022
1008 0 15 17 0.022
493 27 19 23 0.022
870 29 11 16 0.021
583 50 17 22 0.021
28 34 19 23 0.020
367 41 10 12 0.020
117 66 20 23 0.020
104 52 17 21 0.019
773 99 20 26 0.019
674 63 17 21 0.019
1010 52 10 21 0.018
165 49 15 20 0.018
1000 57 14 20 0.018
42 37 13 16 0.018
0 39 7 23 0.018
0 40 17 34 0.017
223 37 16 18 0.017
0 57 11 23 0.016
319 9 13 14 0.015
522 52 10 14 0.015
424 31 14 18 0.014
960 48 17 23 0.013
714 51 15 20 0.013
185 61 17 22 0.012
742 51 12 16 0.012
674 53 15 20 0.012
267 37 14 16 0.012
718 49 12 15 0.011
806 58 16 20 0.011
293 47 17 22 0.011
718 62 15 18 0.011
707 48 15 19 0.011
670 54 13 19 0.011
307 39 20 23 0.010
968 52 14 18 0.010
535 66 15 20 0.010
383 44 12 15 0.010
