2_Demonstration_Protesters_2_24
47
660 1050 80 104 0.867
155 810 84 93 0.857
451 1120 72 98 0.845
502 662 62 78 0.839
897 1122 91 112 0.829
812 652 65 88 0.829
480 755 71 109 0.828
372 266 101 160 0.813
582 865 44 58 0.798
373 584 61 74 0.794
545 260 95 151 0.790
391 808 61 66 0.779
600 630 66 74 0.764
8 395 107 147 0.761
674 858 38 51 0.707
638 686 60 76 0.696
622 119 111 133 0.644
743 0 39 22 0.623
681 465 48 92 0.543
29 835 51 65 0.463
183 453 56 85 0.355
867 1033 40 48 0.353
211 144 95 121 0.338
621 661 68 79 0.231
503 780 65 97 0.165
542 1024 45 44 0.147
723 1001 52 64 0.064
248 800 52 62 0.050
302 570 38 48 0.044
989 558 37 91 0.043
335 854 47 57 0.033
685 710 40 57 0.026
350 837 58 66 0.025
201 1115 60 78 0.023
299 713 46 60 0.019
320 464 52 68 0.019
753 582 43 58 0.019
867 1186 60 70 0.018
174 613 52 68 0.016
198 462 56 84 0.015
866 1009 45 62 0.014
874 1015 55 67 0.014
918 575 49 63 0.014
880 605 40 47 0.014
861 1044 35 44 0.013
725 791 37 67 0.012
430 697 36 40 0.012
