2_Demonstration_Protesters_2_293
109
291 434 54 72 0.854
223 528 85 102 0.833
544 463 68 92 0.829
864 458 73 88 0.819
165 375 38 52 0.802
457 436 49 73 0.787
834 587 72 96 0.787
798 457 55 71 0.786
479 365 41 50 0.782
353 360 35 52 0.780
90 346 42 65 0.713
606 386 34 49 0.709
725 516 52 90 0.689
410 334 36 47 0.655
563 410 51 64 0.637
413 465 39 94 0.633
0 367 23 75 0.595
674 454 46 56 0.581
243 456 48 63 0.578
677 360 29 41 0.559
844 395 46 56 0.505
127 357 30 51 0.471
45 327 33 44 0.466
861 394 40 52 0.404
54 306 30 39 0.395
749 414 48 61 0.378
0 426 30 84 0.346
120 271 16 30 0.305
296 349 20 27 0.202
260 454 46 61 0.186
341 305 24 31 0.157
588 295 27 40 0.156
793 378 27 34 0.154
550 359 31 37 0.153
835 409 49 53 0.129
422 457 37 79 0.122
437 255 22 32 0.121
1015 415 9 64 0.095
75 265 15 19 0.094
164 285 19 27 0.086
582 325 22 30 0.085
317 341 20 27 0.078
591 283 30 45 0.073
583 312 25 37 0.069
804 336 24 33 0.065
0 382 30 84 0.064
269 358 26 41 0.056
881 326 8 10 0.056
752 334 23 34 0.047
1 298 19 32 0.044
176 260 12 17 0.044
347 299 26 35 0.043
175 329 31 40 0.043
841 401 34 43 0.042
69 263 14 16 0.039
171 338 36 49 0.039
135 365 28 40 0.038
760 333 16 25 0.036
780 331 19 24 0.034
767 331 21 28 0.032
877 323 8 11 0.031
862 323 13 18 0.029
552 344 39 50 0.025
1 364 16 61 0.025
382 376 24 38 0.024
435 321 24 35 0.023
66 260 13 15 0.023
1012 497 13 63 0.023
797 335 18 23 0.021
304 344 19 25 0.021
162 292 24 32 0.021
868 381 26 32 0.021
45 313 32 42 0.020
275 346 37 47 0.019
556 354 26 30 0.019
881 326 11 14 0.019
103 324 24 40 0.018
68 271 19 23 0.018
801 371 22 29 0.018
238 260 13 16 0.018
518 375 19 25 0.017
518 73 30 36 0.016
540 365 36 40 0.016
278 348 22 36 0.016
336 293 34 45 0.016
805 336 14 19 0.015
489 419 54 78 0.015
859 329 14 19 0.015
764 411 53 69 0.015
592 312 23 34 0.014
893 339 14 22 0.013
175 322 27 30 0.013
67 281 22 28 0.013
815 419 47 64 0.013
430 248 34 44 0.012
712 333 17 22 0.012
419 348 32 42 0.012
511 369 28 37 0.012
372 376 25 37 0.012
38 333 30 45 0.012
648 371 30 41 0.011
65 278 19 22 0.011
218 262 12 15 0.011
101 286 20 28 0.011
1005 349 19 41 0.011
716 331 23 28 0.011
859 335 13 19 0.011
6 296 20 28 0.010
581 294 24 35 0.010
