2_Demonstration_Demonstration_Or_Protest_2_617
32
55 415 56 63 0.844
591 490 59 61 0.828
8 402 39 42 0.811
733 81 67 80 0.771
156 394 48 60 0.764
542 439 43 51 0.759
415 452 44 47 0.726
646 457 44 52 0.724
805 503 175 113 0.707
317 440 46 59 0.706
265 462 65 74 0.639
229 412 32 39 0.520
507 415 25 26 0.373
365 431 26 34 0.323
466 453 36 43 0.200
781 497 28 47 0.143
197 471 47 65 0.086
475 445 40 48 0.077
1000 98 24 86 0.070
715 518 35 40 0.067
412 414 27 33 0.044
290 475 43 60 0.037
484 427 28 34 0.031
344 431 41 51 0.030
661 472 45 52 0.030
485 425 16 22 0.025
287 425 25 30 0.024
307 435 40 52 0.022
507 421 31 35 0.013
152 405 33 49 0.012
449 468 50 56 0.012
502 404 37 46 0.011
