2_Demonstration_Demonstrators_2_518
30
88 256 62 76 0.825
983 262 41 60 0.821
944 419 58 83 0.817
390 144 51 58 0.809
474 148 47 56 0.801
620 414 53 68 0.794
938 46 31 39 0.701
830 85 34 42 0.671
236 192 37 66 0.663
698 142 34 46 0.654
760 53 27 43 0.606
343 153 33 63 0.601
190 -1 31 31 0.540
194 290 30 56 0.489
1005 82 20 31 0.469
563 138 28 46 0.455
602 137 34 44 0.327
744 126 32 41 0.207
568 135 40 50 0.100
496 0 30 28 0.097
723 135 34 45 0.084
186 471 47 83 0.052
810 86 35 41 0.039
774 253 43 55 0.037
736 131 31 39 0.035
756 126 29 38 0.023
0 55 29 120 0.016
178 283 40 61 0.016
953 116 22 27 0.012
755 242 46 58 0.011
