2_Demonstration_Demonstration_Or_Protest_2_665
30
476 436 219 305 0.820
791 571 72 93 0.813
386 557 108 153 0.753
168 383 30 65 0.663
769 468 16 21 0.613
846 487 50 106 0.599
329 577 38 50 0.596
718 603 40 58 0.590
166 441 39 70 0.340
844 606 39 53 0.224
338 625 39 47 0.137
334 602 37 51 0.102
824 584 59 78 0.090
698 579 28 44 0.075
353 624 33 42 0.041
800 495 17 21 0.033
695 593 32 54 0.025
626 1186 46 58 0.025
803 499 14 26 0.023
855 616 27 35 0.022
691 991 12 18 0.022
736 474 11 16 0.020
708 579 36 60 0.017
352 619 49 66 0.015
800 517 12 16 0.015
304 610 25 39 0.015
336 630 29 35 0.013
831 485 11 16 0.012
934 927 57 80 0.011
702 554 12 16 0.011
