2_Demonstration_Political_Rally_2_117
127
587 196 32 40 0.794
380 212 28 36 0.773
792 212 22 27 0.746
63 197 20 26 0.706
287 194 22 30 0.676
839 201 27 37 0.670
728 215 30 38 0.655
23 203 23 25 0.655
807 188 13 16 0.629
957 190 22 32 0.624
633 201 23 33 0.603
877 190 23 42 0.584
144 209 12 19 0.572
454 195 11 15 0.570
478 191 10 14 0.563
781 202 14 17 0.543
175 196 10 13 0.541
124 214 14 25 0.533
411 207 18 23 0.529
264 213 14 19 0.442
372 183 7 10 0.429
360 198 10 12 0.390
347 187 7 8 0.350
511 193 9 11 0.292
795 194 11 13 0.282
487 177 8 10 0.276
422 188 9 11 0.262
526 191 8 10 0.257
533 192 10 12 0.218
695 201 16 27 0.215
786 199 14 17 0.199
266 187 10 13 0.195
407 185 8 9 0.194
518 192 10 11 0.156
198 227 16 21 0.132
359 194 9 11 0.128
399 189 8 10 0.127
541 224 17 26 0.127
262 201 12 16 0.110
529 192 10 11 0.098
205 197 9 13 0.096
535 194 10 13 0.095
260 188 11 14 0.090
397 192 7 8 0.083
203 195 8 11 0.079
696 209 18 29 0.079
346 189 8 10 0.078
683 231 14 20 0.074
513 192 8 10 0.072
376 185 7 9 0.070
362 198 10 16 0.066
744 192 8 10 0.064
696 200 10 17 0.059
194 232 18 21 0.056
538 189 8 11 0.056
866 190 11 13 0.055
871 203 19 32 0.054
358 200 10 13 0.053
623 192 15 19 0.053
203 224 13 19 0.051
474 174 6 8 0.046
868 189 12 19 0.046
627 193 15 20 0.045
2 204 8 15 0.040
203 214 12 20 0.038
741 188 7 8 0.037
500 193 11 12 0.034
744 195 10 12 0.034
552 184 6 8 0.032
732 187 8 9 0.030
120 211 14 22 0.030
409 152 7 8 0.030
208 196 9 11 0.029
507 176 6 8 0.029
762 186 6 7 0.028
403 183 9 12 0.028
769 186 6 8 0.026
742 230 26 32 0.026
198 196 10 13 0.025
548 184 8 11 0.025
504 176 8 10 0.024
764 205 12 15 0.023
759 188 6 8 0.022
771 180 5 6 0.022
699 198 10 15 0.021
138 185 8 10 0.020
501 197 11 13 0.020
556 184 6 8 0.019
404 203 17 21 0.019
740 189 10 12 0.019
428 193 9 12 0.019
658 190 11 14 0.019
883 180 11 18 0.018
87 228 13 14 0.018
693 186 5 6 0.018
791 183 8 8 0.018
770 182 5 6 0.018
270 212 16 21 0.017
722 187 6 8 0.017
486 194 11 13 0.017
719 188 7 8 0.016
472 182 7 10 0.016
140 187 9 12 0.016
788 178 6 6 0.016
148 212 11 16 0.016
1012 197 10 24 0.015
95 228 11 15 0.015
252 192 9 14 0.014
627 190 9 13 0.014
861 190 8 9 0.014
477 174 8 11 0.013
732 183 9 10 0.013
540 180 6 8 0.013
690 184 6 7 0.013
745 237 33 35 0.013
407 182 11 15 0.013
209 201 9 14 0.013
762 180 5 6 0.012
661 194 14 17 0.012
679 235 17 22 0.012
370 182 11 13 0.011
206 227 14 19 0.011
616 196 20 26 0.011
658 188 9 11 0.011
476 752 61 17 0.011
200 235 16 20 0.011
623 191 22 28 0.010
