2_Demonstration_Political_Rally_2_746
144
585 89 68 82 0.821
356 2332 90 92 0.812
168 2368 90 110 0.808
585 365 66 76 0.744
780 1347 69 100 0.738
512 356 65 81 0.737
205 2254 38 52 0.657
851 2258 59 73 0.646
968 119 37 56 0.638
59 2333 43 58 0.634
597 2297 26 35 0.561
755 2328 27 31 0.519
308 2279 32 36 0.349
649 2287 23 31 0.314
480 1312 18 22 0.298
435 2293 31 40 0.294
334 193 15 17 0.291
130 2309 37 45 0.287
286 1333 24 32 0.271
719 1376 31 43 0.231
43 195 22 32 0.192
251 193 13 15 0.160
340 196 15 17 0.153
281 207 15 18 0.140
927 1326 16 20 0.134
485 1342 17 23 0.131
260 195 14 17 0.124
124 1295 18 22 0.111
455 1406 30 42 0.106
280 1338 21 29 0.101
115 1288 23 28 0.101
284 1284 15 18 0.095
354 213 14 16 0.093
443 1313 15 18 0.091
253 2323 37 45 0.090
336 198 15 18 0.087
285 209 15 18 0.085
318 2232 24 26 0.085
478 2304 23 30 0.079
461 1422 34 45 0.078
832 188 13 16 0.069
341 2261 22 25 0.067
393 1336 21 31 0.067
658 2285 24 34 0.067
321 2297 36 46 0.063
464 1438 35 44 0.062
397 1351 24 33 0.062
796 2310 22 28 0.061
397 1332 16 21 0.058
432 2289 27 32 0.058
382 1330 23 37 0.057
176 1333 22 26 0.055
105 1280 22 31 0.050
484 2280 24 27 0.046
361 2261 18 22 0.044
406 1333 16 21 0.043
11 415 57 84 0.042
130 2307 60 74 0.041
714 1380 22 30 0.039
687 1360 16 21 0.031
451 1399 23 32 0.030
730 197 16 19 0.028
493 2273 22 24 0.028
502 2296 29 32 0.028
447 2289 26 29 0.028
838 188 12 15 0.028
172 158 11 13 0.027
701 1350 14 18 0.027
57 186 21 30 0.027
691 1352 15 19 0.027
95 2345 28 37 0.027
264 2268 22 27 0.027
979 108 32 50 0.027
253 196 18 21 0.027
150 1312 25 29 0.027
723 194 15 21 0.025
176 1338 29 33 0.025
719 2358 55 90 0.025
-2 541 87 149 0.024
464 1350 17 24 0.024
534 1324 19 33 0.023
665 2297 28 34 0.023
641 2296 23 32 0.023
335 2286 28 36 0.022
745 206 13 18 0.022
165 2281 27 39 0.022
265 197 18 21 0.021
916 1329 19 21 0.021
956 117 37 54 0.021
264 191 12 15 0.020
805 2319 26 31 0.020
76 1180 24 32 0.020
749 208 14 16 0.020
923 1333 24 37 0.020
228 2254 23 32 0.020
327 1261 14 16 0.020
643 1349 25 36 0.019
835 202 13 16 0.019
750 213 14 18 0.019
818 193 13 16 0.018
508 1335 18 23 0.018
714 1368 47 64 0.018
107 1292 23 27 0.018
230 2265 29 38 0.017
31 194 19 29 0.017
671 1403 26 35 0.017
12 1280 20 38 0.017
130 1289 17 22 0.017
479 1310 24 36 0.017
332 1258 13 17 0.017
207 1344 24 28 0.016
434 1310 19 25 0.016
200 1292 16 19 0.015
777 1372 49 67 0.015
931 1323 15 18 0.015
307 2276 49 54 0.014
550 2277 22 26 0.014
527 1326 15 20 0.014
536 1334 33 52 0.014
722 1345 13 17 0.014
269 2273 29 35 0.014
250 1271 14 18 0.014
128 2321 42 51 0.013
235 194 12 14 0.013
255 2257 20 24 0.013
385 1265 14 17 0.013
927 1398 26 48 0.013
491 2291 24 32 0.013
927 1384 30 46 0.013
247 1266 15 18 0.012
235 2330 44 54 0.012
311 2239 23 28 0.012
371 2260 21 23 0.012
726 2259 13 17 0.012
739 2279 17 25 0.012
97 1229 24 39 0.011
653 1361 26 38 0.011
996 102 19 28 0.011
706 2289 22 32 0.011
798 203 13 16 0.011
779 1322 16 26 0.011
667 400 47 54 0.011
422 2281 47 58 0.011
382 1348 25 36 0.010
