2_Demonstration_Demonstration_Or_Protest_2_476
1291
991 592 25 32 0.806
390 604 20 27 0.783
824 587 26 30 0.782
192 552 22 27 0.776
696 602 28 29 0.771
996 519 25 29 0.771
328 616 23 29 0.763
877 534 25 32 0.763
879 473 22 27 0.761
781 504 25 27 0.760
626 456 23 25 0.759
921 623 25 31 0.759
425 491 24 27 0.758
275 501 22 26 0.756
691 376 22 26 0.755
515 608 20 24 0.752
500 496 23 25 0.749
137 494 21 26 0.748
468 543 22 24 0.747
492 649 26 30 0.742
914 318 20 24 0.742
193 500 20 25 0.741
771 403 21 25 0.740
541 363 20 23 0.737
304 610 21 26 0.734
132 404 16 20 0.729
247 484 21 25 0.729
623 561 26 29 0.727
428 367 16 20 0.724
644 324 19 22 0.723
728 507 22 26 0.722
522 567 23 28 0.722
82 341 17 22 0.722
678 463 23 26 0.721
827 433 23 26 0.720
984 321 20 24 0.719
228 427 17 22 0.718
930 403 23 25 0.717
883 417 22 25 0.717
44 378 17 20 0.716
462 428 20 24 0.715
578 327 18 21 0.714
524 466 19 23 0.714
848 324 20 23 0.713
785 443 24 27 0.713
371 293 16 20 0.712
743 375 21 23 0.711
63 439 19 22 0.711
199 445 21 24 0.711
750 468 23 27 0.710
238 310 19 22 0.709
213 649 26 28 0.707
562 553 23 30 0.707
108 425 21 24 0.703
904 387 22 25 0.702
281 359 18 21 0.702
92 480 17 20 0.702
811 290 18 20 0.702
278 554 22 26 0.700
707 548 24 28 0.699
576 362 18 22 0.699
191 326 16 18 0.698
9 330 17 21 0.697
990 374 22 25 0.697
732 279 19 23 0.696
756 578 28 30 0.695
283 406 18 22 0.695
591 386 21 25 0.695
663 361 19 22 0.695
217 481 18 21 0.694
946 290 18 22 0.694
906 290 20 24 0.691
165 348 19 20 0.691
516 398 21 25 0.690
5 535 23 25 0.689
803 413 22 25 0.688
443 462 18 20 0.688
948 445 25 27 0.688
432 298 20 22 0.688
122 359 17 20 0.687
637 372 21 24 0.687
174 303 17 21 0.686
603 334 18 21 0.684
88 262 14 17 0.683
375 375 18 22 0.683
51 253 17 19 0.683
954 386 19 23 0.681
275 292 18 21 0.681
333 222 14 16 0.680
220 404 17 21 0.680
241 386 18 21 0.676
126 291 15 18 0.675
479 214 16 20 0.675
261 430 18 24 0.675
360 438 23 27 0.675
441 344 18 23 0.674
733 420 20 23 0.674
304 343 19 22 0.673
580 436 21 24 0.673
35 417 22 23 0.673
385 277 16 19 0.672
805 220 16 19 0.671
867 296 19 21 0.671
580 254 16 19 0.670
590 624 25 30 0.669
29 357 16 20 0.667
186 428 16 20 0.666
324 292 19 21 0.666
475 282 16 20 0.666
649 496 22 26 0.664
943 360 20 22 0.664
625 196 14 16 0.662
366 322 18 21 0.662
2 486 15 21 0.662
655 531 24 28 0.661
416 265 17 20 0.661
906 238 16 19 0.660
333 494 22 24 0.659
802 320 18 21 0.659
554 256 14 17 0.659
365 402 20 23 0.659
322 252 15 18 0.658
328 332 19 21 0.658
182 402 16 20 0.657
138 381 17 20 0.657
494 293 17 21 0.655
100 304 17 19 0.655
48 320 17 19 0.654
946 243 19 22 0.652
664 245 16 18 0.650
753 261 19 22 0.650
422 342 15 19 0.650
974 168 15 18 0.649
558 228 16 18 0.649
419 405 21 23 0.648
556 315 18 20 0.648
314 371 18 22 0.648
909 187 13 17 0.647
880 208 16 18 0.645
623 303 19 22 0.645
244 588 21 25 0.643
1007 445 17 26 0.643
601 156 13 15 0.642
293 245 13 16 0.641
268 226 15 19 0.639
885 177 14 17 0.638
809 246 17 21 0.637
888 360 20 22 0.637
397 431 21 24 0.637
456 264 15 18 0.637
701 145 13 16 0.636
553 467 21 25 0.636
511 215 14 17 0.634
47 232 14 16 0.631
147 429 19 22 0.631
360 248 16 19 0.630
741 234 16 20 0.630
933 227 16 18 0.627
973 225 15 18 0.625
405 456 21 26 0.625
80 379 17 20 0.624
320 200 13 16 0.622
529 249 18 19 0.622
262 204 14 17 0.621
910 216 15 18 0.620
95 230 16 18 0.620
551 296 18 20 0.619
194 236 13 16 0.616
236 163 15 17 0.616
521 301 17 19 0.616
954 501 22 24 0.615
599 131 13 16 0.614
993 112 13 16 0.614
230 198 14 15 0.614
631 235 16 19 0.614
13 250 15 18 0.613
523 285 14 16 0.610
498 350 19 21 0.609
663 215 16 19 0.609
87 192 16 18 0.608
622 264 17 19 0.608
189 282 16 19 0.607
833 234 15 18 0.606
672 273 16 20 0.605
926 163 15 17 0.604
144 208 14 16 0.604
890 228 15 17 0.603
528 162 12 16 0.602
827 180 15 17 0.601
301 278 15 17 0.601
723 150 15 16 0.600
794 131 13 15 0.600
27 223 15 16 0.600
640 431 19 21 0.600
700 245 14 17 0.599
259 265 15 18 0.599
672 429 24 27 0.596
990 149 15 19 0.596
508 332 17 19 0.596
186 639 24 25 0.596
692 214 15 17 0.595
385 187 16 19 0.593
478 181 12 15 0.592
386 343 19 21 0.592
622 176 14 16 0.591
736 205 16 18 0.590
968 207 15 17 0.589
181 220 14 17 0.589
403 225 15 18 0.589
83 419 17 20 0.589
688 172 12 16 0.588
6 653 19 23 0.587
986 415 21 24 0.585
216 222 14 17 0.584
338 354 16 20 0.584
383 222 15 18 0.583
856 177 15 18 0.582
503 181 13 15 0.581
169 271 15 18 0.577
291 208 17 19 0.576
679 118 12 15 0.575
654 186 13 16 0.575
372 557 22 25 0.574
19 270 17 19 0.574
953 102 14 15 0.573
208 376 16 19 0.573
10 180 13 19 0.571
651 41 10 12 0.570
780 251 17 18 0.568
675 179 13 16 0.565
255 245 13 16 0.564
470 374 16 21 0.563
449 151 13 15 0.561
940 192 17 18 0.561
387 304 16 19 0.560
89 130 12 14 0.558
253 344 19 22 0.558
455 173 15 17 0.557
543 206 14 17 0.557
114 155 13 15 0.554
133 155 13 15 0.553
862 264 17 19 0.552
799 161 15 18 0.551
18 161 15 17 0.551
339 270 15 19 0.550
197 262 14 16 0.548
77 100 11 14 0.545
437 212 15 17 0.545
111 132 13 16 0.541
571 503 23 28 0.540
901 76 11 14 0.539
808 644 24 25 0.538
490 473 21 24 0.535
423 149 13 15 0.533
256 164 13 16 0.531
481 100 14 16 0.526
579 123 13 15 0.525
331 431 20 24 0.525
170 119 13 15 0.522
588 289 17 20 0.521
455 240 17 18 0.519
782 182 15 18 0.519
232 112 12 14 0.518
536 182 14 17 0.513
304 111 13 14 0.513
773 548 22 26 0.511
624 52 12 14 0.510
214 278 14 17 0.510
295 156 14 16 0.510
346 244 13 17 0.509
58 111 10 13 0.508
211 138 12 15 0.507
976 263 16 19 0.507
1003 217 16 20 0.506
363 203 15 17 0.504
333 111 13 14 0.504
559 151 14 15 0.503
169 98 11 13 0.501
141 104 11 14 0.501
735 105 14 15 0.498
140 469 20 22 0.496
402 171 13 17 0.495
68 298 15 17 0.494
396 254 16 19 0.493
404 126 11 14 0.492
610 65 12 14 0.492
537 115 13 16 0.490
63 549 22 25 0.489
739 446 19 24 0.488
865 391 19 22 0.485
602 83 13 15 0.482
317 96 12 14 0.482
207 103 11 14 0.482
503 236 15 18 0.479
363 174 13 15 0.477
138 233 16 19 0.475
19 72 10 13 0.474
39 204 14 16 0.473
921 97 13 15 0.468
209 299 18 20 0.466
444 86 12 14 0.466
575 210 15 17 0.462
514 105 15 17 0.462
180 160 13 15 0.461
759 178 15 17 0.459
666 197 14 17 0.458
281 431 19 24 0.458
860 116 12 15 0.458
244 235 13 16 0.457
680 155 14 16 0.456
65 64 11 14 0.456
155 186 13 16 0.455
297 188 14 16 0.453
361 367 15 18 0.453
606 368 19 23 0.451
676 55 11 13 0.450
441 230 14 16 0.448
43 9 9 12 0.446
748 117 13 16 0.444
815 170 14 18 0.443
312 242 12 16 0.442
195 186 15 17 0.441
132 185 14 16 0.441
274 167 14 16 0.440
881 143 14 16 0.440
334 179 14 17 0.439
880 57 11 13 0.438
113 178 13 14 0.438
103 109 10 12 0.438
441 50 11 13 0.437
719 127 12 14 0.436
646 74 12 14 0.434
551 96 13 16 0.434
351 128 10 13 0.434
57 87 10 13 0.433
570 51 11 13 0.432
898 199 15 17 0.429
234 292 17 17 0.429
75 130 11 14 0.429
396 112 12 14 0.427
97 168 13 16 0.424
432 72 11 13 0.418
445 197 14 16 0.418
260 75 12 15 0.417
1004 267 16 19 0.416
519 198 13 16 0.416
756 294 17 20 0.416
211 240 14 16 0.415
589 107 13 14 0.412
481 452 19 22 0.412
320 129 13 16 0.409
712 96 13 15 0.406
644 59 11 13 0.406
485 383 19 22 0.405
890 109 12 14 0.399
552 12 9 12 0.398
757 149 13 16 0.396
541 141 13 16 0.395
44 280 17 18 0.394
774 59 11 14 0.393
924 260 16 19 0.393
154 159 14 15 0.393
41 163 14 16 0.391
524 43 11 14 0.387
303 87 12 14 0.387
871 155 12 16 0.386
675 114 13 17 0.386
315 165 13 17 0.384
705 183 15 17 0.383
739 46 10 13 0.382
8 287 15 18 0.382
512 128 11 14 0.382
271 114 12 14 0.381
471 328 18 21 0.381
205 164 14 16 0.378
564 172 13 15 0.377
692 102 11 15 0.376
303 669 26 25 0.375
690 9 10 13 0.374
559 110 12 15 0.374
153 309 18 21 0.374
506 39 11 14 0.373
866 222 16 19 0.372
285 126 13 15 0.372
613 225 14 16 0.370
828 72 11 13 0.370
132 250 13 17 0.368
514 64 11 14 0.367
189 94 12 14 0.364
861 36 10 12 0.363
773 152 13 16 0.361
66 194 13 15 0.361
695 123 13 14 0.358
270 469 18 21 0.358
409 38 11 13 0.356
426 49 11 14 0.352
90 70 11 13 0.351
240 138 13 15 0.350
417 198 13 14 0.349
342 397 18 22 0.348
647 14 11 13 0.346
524 129 13 15 0.344
563 69 12 15 0.341
189 75 11 13 0.341
234 92 13 15 0.341
943 152 13 15 0.336
624 93 13 15 0.335
292 36 11 14 0.329
868 240 16 19 0.328
208 59 10 12 0.326
661 29 11 12 0.326
408 59 11 14 0.324
16 99 11 13 0.323
207 78 11 12 0.322
342 154 13 15 0.316
493 143 13 14 0.315
1002 187 13 16 0.315
837 46 11 14 0.315
293 31 11 15 0.315
334 90 11 12 0.315
489 34 11 14 0.313
669 11 9 10 0.313
646 138 13 14 0.312
153 68 10 12 0.310
682 91 11 13 0.310
600 245 16 18 0.309
194 121 12 14 0.309
327 75 11 13 0.308
839 202 15 18 0.308
357 687 29 15 0.305
621 21 10 12 0.305
438 104 13 15 0.305
791 102 14 16 0.303
504 165 11 13 0.302
636 98 11 14 0.300
576 165 13 15 0.300
612 115 13 14 0.298
61 211 14 16 0.298
482 68 11 14 0.294
472 46 12 14 0.294
641 164 12 15 0.294
172 181 13 15 0.293
82 293 16 18 0.290
784 314 18 21 0.288
802 65 12 13 0.286
586 22 10 11 0.285
625 137 13 15 0.282
606 201 14 17 0.282
717 172 14 16 0.281
395 149 13 15 0.281
365 131 13 16 0.280
841 146 14 17 0.275
13 217 13 16 0.274
523 81 12 14 0.273
871 88 11 13 0.273
957 61 12 14 0.265
13 49 10 14 0.265
467 126 12 14 0.265
701 67 11 14 0.264
150 95 11 12 0.263
408 142 12 14 0.263
244 14 10 12 0.263
415 89 12 14 0.262
850 233 14 16 0.262
864 397 20 25 0.262
203 43 9 13 0.261
563 141 14 17 0.261
690 337 17 21 0.260
250 109 12 15 0.260
475 406 17 20 0.257
316 157 13 17 0.257
478 80 12 13 0.257
314 130 13 15 0.257
420 178 12 15 0.255
172 64 12 14 0.255
932 73 11 13 0.253
627 132 12 15 0.251
139 592 24 26 0.251
174 35 9 12 0.251
813 268 16 18 0.249
227 71 11 13 0.248
620 141 13 15 0.248
606 192 13 17 0.245
275 89 11 14 0.244
761 151 15 16 0.244
297 60 11 12 0.241
222 260 14 17 0.240
427 124 12 15 0.239
673 367 21 23 0.239
272 53 10 12 0.237
107 175 14 16 0.237
41 144 12 13 0.236
593 51 10 12 0.233
22 205 12 15 0.233
369 68 10 13 0.233
379 35 11 14 0.232
430 478 23 27 0.232
101 404 17 20 0.232
663 91 12 15 0.230
846 128 12 13 0.230
805 28 11 13 0.228
380 30 11 14 0.226
954 63 12 14 0.226
412 18 10 11 0.225
631 31 10 12 0.225
427 118 12 16 0.223
99 61 11 13 0.222
244 49 9 12 0.222
308 131 12 14 0.221
266 218 14 18 0.219
480 75 11 14 0.219
133 240 16 19 0.217
997 245 16 19 0.215
172 69 11 14 0.214
8 312 13 17 0.213
675 452 23 28 0.213
47 61 10 12 0.212
816 391 18 21 0.209
78 51 10 12 0.208
25 114 13 14 0.205
632 96 12 15 0.202
957 122 12 14 0.200
150 266 14 17 0.200
383 87 11 13 0.198
480 203 15 18 0.198
851 166 14 15 0.196
141 573 25 28 0.196
501 90 11 13 0.195
917 58 11 14 0.194
519 147 11 14 0.192
292 28 11 13 0.192
388 67 10 13 0.192
286 143 13 15 0.192
577 192 13 16 0.192
628 120 13 15 0.190
272 154 12 16 0.190
727 30 10 12 0.189
747 61 11 13 0.188
563 133 13 16 0.187
649 136 13 15 0.187
186 27 10 12 0.184
207 170 13 16 0.184
670 142 13 15 0.183
238 109 12 16 0.181
599 179 12 14 0.181
283 94 12 14 0.181
192 146 13 14 0.181
720 223 13 17 0.179
768 154 14 17 0.178
815 137 13 15 0.176
615 280 17 19 0.176
593 10 10 12 0.173
218 271 14 18 0.173
89 453 19 23 0.172
425 25 10 11 0.171
773 90 12 15 0.171
119 16 8 10 0.170
867 139 12 15 0.169
287 73 11 14 0.168
139 73 11 12 0.167
371 115 12 15 0.167
15 274 15 19 0.166
261 136 13 16 0.165
49 59 10 12 0.165
158 23 9 11 0.164
132 318 16 19 0.164
660 154 12 16 0.162
947 280 18 21 0.160
24 121 12 14 0.160
332 30 11 13 0.159
535 92 12 14 0.159
745 90 11 14 0.159
825 356 18 22 0.159
651 266 16 18 0.159
195 242 13 17 0.159
864 75 12 15 0.158
369 205 14 16 0.158
240 236 13 17 0.157
377 10 10 11 0.157
75 212 13 15 0.156
810 254 17 21 0.156
620 270 17 19 0.156
606 207 13 16 0.155
625 24 10 12 0.154
503 69 12 13 0.154
102 30 9 11 0.154
143 231 15 18 0.154
781 45 11 13 0.154
126 42 9 12 0.153
596 242 15 19 0.153
24 90 10 13 0.152
929 119 12 14 0.152
366 171 14 16 0.150
119 98 11 14 0.150
258 84 12 15 0.150
401 83 11 13 0.150
322 69 11 14 0.148
355 101 11 13 0.147
665 96 12 15 0.147
386 70 11 14 0.147
806 202 15 17 0.146
351 74 10 12 0.146
803 70 12 15 0.146
568 495 20 25 0.146
619 148 13 15 0.145
129 322 17 21 0.145
727 189 13 17 0.144
1005 288 15 22 0.144
958 66 12 14 0.144
41 150 13 17 0.144
773 97 12 15 0.142
566 138 13 16 0.141
165 185 12 16 0.140
643 212 13 16 0.140
47 30 11 12 0.140
120 94 12 14 0.140
745 163 13 15 0.138
475 122 12 16 0.138
994 429 20 26 0.138
586 103 11 15 0.137
894 155 13 16 0.136
951 164 14 17 0.136
650 305 17 19 0.135
615 150 12 15 0.135
376 40 11 14 0.133
588 136 13 15 0.132
261 191 12 15 0.132
255 189 13 15 0.131
487 157 13 16 0.130
836 30 10 13 0.129
612 198 15 18 0.129
688 52 11 13 0.128
187 142 11 15 0.128
20 107 11 14 0.127
957 104 14 16 0.126
47 152 14 16 0.126
139 317 17 19 0.126
912 311 21 25 0.126
553 125 13 14 0.126
645 165 12 15 0.125
780 227 17 20 0.125
698 114 13 15 0.125
818 132 12 15 0.125
145 18 9 11 0.124
615 118 12 15 0.122
481 209 15 19 0.122
288 97 12 14 0.122
566 72 13 15 0.121
95 33 9 11 0.121
390 62 11 14 0.121
840 264 16 19 0.121
610 280 15 17 0.120
591 15 9 13 0.120
748 158 13 16 0.120
285 147 13 17 0.120
75 79 10 13 0.119
567 5 10 11 0.119
519 44 12 15 0.119
653 272 16 19 0.119
921 135 14 17 0.118
496 281 15 18 0.118
704 263 16 19 0.117
994 154 14 18 0.117
172 60 10 14 0.117
400 197 13 15 0.116
7 386 14 19 0.116
948 274 16 19 0.116
44 147 13 15 0.115
742 54 12 14 0.114
954 139 11 14 0.114
771 113 12 16 0.113
822 318 16 20 0.113
28 398 15 18 0.113
93 72 11 14 0.112
774 25 11 13 0.112
651 104 11 14 0.111
448 162 14 18 0.111
82 24 9 11 0.111
447 69 10 13 0.111
412 84 11 14 0.110
503 252 15 18 0.110
680 70 10 12 0.110
355 95 11 14 0.110
774 30 10 13 0.108
5 457 14 21 0.108
538 93 12 15 0.108
744 173 13 16 0.108
510 41 12 14 0.108
520 371 18 20 0.106
531 11 9 11 0.106
27 247 16 19 0.106
124 92 11 14 0.106
289 67 10 13 0.105
265 270 15 18 0.105
951 65 11 13 0.105
97 91 11 13 0.105
806 80 11 14 0.105
126 62 10 12 0.105
408 16 10 12 0.104
777 14 10 13 0.103
88 51 10 12 0.103
400 122 12 14 0.103
645 68 12 15 0.103
94 216 14 15 0.103
464 129 12 15 0.103
329 54 10 12 0.102
220 73 11 13 0.102
422 22 10 12 0.101
569 170 12 16 0.101
866 268 18 20 0.101
738 11 9 12 0.101
401 115 11 15 0.100
40 376 16 20 0.100
900 58 11 13 0.099
912 58 10 13 0.098
1005 90 12 15 0.098
90 413 18 20 0.098
798 150 14 19 0.098
275 421 19 24 0.098
389 59 11 13 0.096
485 445 20 23 0.096
46 101 10 12 0.095
589 74 11 14 0.095
258 40 11 12 0.095
195 377 14 17 0.095
622 18 10 12 0.094
480 127 12 14 0.094
566 82 12 15 0.094
125 417 20 23 0.093
949 141 13 16 0.092
717 138 13 17 0.091
89 217 14 16 0.090
133 161 13 17 0.090
461 194 12 14 0.090
148 138 11 13 0.090
226 51 9 12 0.089
528 40 10 14 0.089
420 95 11 15 0.089
925 126 13 17 0.089
566 214 14 18 0.088
160 161 14 15 0.088
978 270 16 21 0.088
552 344 17 19 0.087
148 308 17 19 0.086
323 52 11 13 0.086
263 38 11 13 0.085
329 387 17 19 0.085
219 224 14 18 0.084
712 169 13 16 0.084
722 178 14 16 0.084
818 384 18 24 0.084
373 160 11 15 0.084
74 52 10 13 0.083
327 216 14 18 0.083
73 148 12 15 0.083
890 126 12 15 0.083
768 122 13 16 0.082
478 440 20 23 0.082
963 65 13 14 0.082
108 106 11 13 0.082
375 197 15 18 0.082
479 375 19 23 0.081
26 18 10 11 0.081
162 23 10 11 0.081
662 158 12 16 0.081
167 20 9 11 0.080
457 74 11 13 0.080
74 135 12 16 0.080
909 79 11 14 0.080
613 9 9 11 0.079
218 16 9 11 0.079
455 27 10 13 0.078
703 51 10 13 0.078
564 166 13 16 0.078
604 152 13 16 0.078
866 85 12 14 0.077
810 27 11 12 0.077
571 194 13 16 0.077
343 27 10 12 0.076
98 366 16 20 0.076
680 54 12 14 0.076
375 164 12 15 0.076
147 69 11 13 0.075
231 297 18 21 0.075
49 467 18 22 0.075
219 219 13 17 0.075
142 125 11 14 0.075
703 43 10 13 0.074
892 123 13 16 0.074
468 423 19 24 0.074
99 111 11 13 0.074
912 88 13 16 0.074
335 358 16 20 0.073
743 11 9 11 0.073
540 177 14 17 0.073
230 31 10 12 0.072
557 10 9 12 0.072
373 200 14 18 0.072
232 287 16 18 0.071
631 116 11 14 0.071
453 7 10 12 0.071
170 1 8 9 0.071
327 121 13 15 0.071
451 25 10 13 0.071
557 101 12 17 0.070
449 246 14 16 0.070
13 99 10 13 0.070
398 145 12 15 0.070
534 229 12 16 0.070
478 0 9 11 0.069
56 468 17 22 0.069
1001 250 14 18 0.069
443 108 12 15 0.069
363 221 12 16 0.068
581 206 14 18 0.068
674 75 11 12 0.068
615 14 10 12 0.067
694 43 10 13 0.067
234 37 10 13 0.067
31 159 14 17 0.067
436 109 13 15 0.067
436 5 10 11 0.067
258 47 11 13 0.066
292 188 14 17 0.066
649 11 11 13 0.066
348 44 9 14 0.066
799 221 17 21 0.066
473 179 13 16 0.066
484 162 12 13 0.066
204 29 8 11 0.065
37 98 10 12 0.065
262 30 10 13 0.065
472 129 13 15 0.065
694 204 14 18 0.065
697 265 16 19 0.065
229 89 11 13 0.065
121 43 9 11 0.064
482 629 22 27 0.064
592 47 10 13 0.064
127 45 9 13 0.063
368 29 10 11 0.063
324 36 10 13 0.063
851 124 13 15 0.063
109 162 13 16 0.062
140 1 9 11 0.062
507 123 14 16 0.062
597 263 14 17 0.062
24 199 13 16 0.062
159 215 12 15 0.062
235 50 11 12 0.062
147 290 16 18 0.061
41 71 10 13 0.061
775 216 16 18 0.061
294 61 11 14 0.060
132 259 14 17 0.060
899 154 13 16 0.060
123 77 10 13 0.060
640 524 19 25 0.059
465 68 11 13 0.059
439 132 12 15 0.059
574 58 11 14 0.059
517 289 16 20 0.059
44 31 11 12 0.059
914 601 21 26 0.059
935 230 18 20 0.058
786 76 11 15 0.058
69 100 11 15 0.058
575 48 10 14 0.057
861 72 11 14 0.057
904 581 25 26 0.057
842 125 12 15 0.057
265 263 14 17 0.057
970 113 12 14 0.057
354 156 13 15 0.057
710 50 10 13 0.057
540 8 9 10 0.056
811 98 10 14 0.056
734 8 9 11 0.056
699 8 10 11 0.056
750 11 10 12 0.056
518 84 12 15 0.055
221 21 10 11 0.055
803 200 14 17 0.055
456 5 10 11 0.055
567 209 14 17 0.054
554 189 14 16 0.054
516 69 11 15 0.054
724 226 14 18 0.054
769 148 13 16 0.053
467 241 15 17 0.053
990 250 17 20 0.053
647 527 20 26 0.052
514 4 9 11 0.052
62 191 12 15 0.052
202 36 10 13 0.052
316 29 11 13 0.052
702 7 9 11 0.052
747 66 10 14 0.052
333 67 11 14 0.052
421 173 12 16 0.051
335 156 12 15 0.051
373 107 12 14 0.051
776 226 16 19 0.051
588 63 11 14 0.051
204 191 13 17 0.051
530 48 11 14 0.050
536 67 10 14 0.050
832 109 12 15 0.050
664 202 15 19 0.050
417 243 14 16 0.050
697 337 16 21 0.050
819 87 11 14 0.049
467 44 11 14 0.049
450 12 10 14 0.049
474 3 10 11 0.049
456 299 15 19 0.048
954 170 13 15 0.048
479 151 13 16 0.048
806 99 12 15 0.048
381 93 11 14 0.048
395 298 15 19 0.048
881 266 16 19 0.047
657 304 15 20 0.047
308 50 10 13 0.047
483 50 11 13 0.047
444 167 12 16 0.047
572 86 12 14 0.047
791 667 21 22 0.047
682 330 16 19 0.047
114 13 8 11 0.046
352 42 10 12 0.046
1007 185 12 16 0.046
819 145 12 15 0.046
755 193 13 17 0.046
378 89 12 14 0.046
154 268 14 18 0.046
608 7 10 12 0.046
445 44 10 14 0.045
933 139 14 16 0.045
613 63 12 14 0.045
830 112 13 16 0.045
212 189 14 16 0.045
98 379 16 19 0.044
720 12 9 11 0.044
486 453 20 23 0.044
379 347 16 19 0.044
144 565 22 27 0.044
198 41 10 12 0.044
590 231 14 18 0.044
530 120 13 16 0.044
213 133 12 16 0.044
239 59 10 13 0.043
151 34 10 12 0.043
582 245 16 19 0.043
342 182 14 18 0.043
800 111 12 14 0.043
754 43 10 12 0.043
876 131 14 17 0.043
534 75 12 14 0.042
841 308 17 19 0.042
631 200 13 17 0.042
286 0 9 11 0.042
393 58 11 13 0.042
312 141 13 16 0.042
222 42 9 12 0.042
838 59 11 13 0.041
557 170 14 17 0.041
520 308 17 20 0.041
671 690 33 13 0.041
278 0 10 11 0.041
700 191 13 16 0.041
358 189 13 16 0.041
509 37 10 13 0.041
472 247 12 16 0.041
282 3 10 11 0.041
654 285 17 21 0.041
740 190 14 17 0.040
817 320 17 20 0.040
790 97 13 16 0.040
86 151 11 16 0.040
263 469 16 21 0.040
145 36 10 13 0.040
153 319 15 18 0.040
779 553 21 24 0.040
64 43 9 13 0.040
429 176 13 15 0.040
831 85 11 13 0.039
24 16 10 11 0.039
418 3 10 11 0.039
846 79 11 14 0.039
404 286 14 18 0.039
172 1 9 10 0.039
890 267 16 19 0.039
774 84 11 14 0.039
962 58 10 13 0.038
645 427 18 22 0.038
139 6 10 12 0.038
178 57 10 13 0.037
147 125 11 14 0.037
447 134 13 15 0.037
213 142 12 15 0.037
75 223 13 17 0.037
389 36 11 14 0.037
566 22 10 12 0.037
630 6 9 11 0.036
142 52 10 13 0.036
341 9 10 12 0.036
475 372 17 21 0.036
139 127 11 14 0.036
779 297 16 19 0.035
490 351 16 19 0.035
665 427 20 25 0.035
546 345 15 18 0.035
340 12 9 11 0.035
850 84 11 14 0.035
9 111 10 14 0.035
805 23 11 13 0.034
821 58 11 13 0.034
12 91 9 14 0.034
490 4 9 12 0.034
804 61 11 14 0.034
342 14 10 11 0.034
879 272 17 19 0.033
514 322 18 19 0.033
182 26 12 15 0.033
903 121 13 15 0.033
785 47 10 12 0.032
171 140 11 14 0.032
999 293 16 20 0.032
523 8 10 11 0.032
12 42 9 13 0.032
731 59 10 14 0.032
412 269 15 20 0.032
371 328 19 21 0.032
953 213 14 17 0.032
107 7 9 11 0.032
88 290 13 16 0.032
159 225 13 16 0.031
525 359 16 20 0.031
737 17 11 12 0.031
15 181 13 16 0.031
721 8 9 11 0.031
258 334 18 22 0.031
61 33 9 11 0.031
944 497 24 25 0.031
455 20 11 13 0.031
480 183 13 17 0.031
722 237 14 17 0.031
147 465 18 22 0.031
143 432 18 22 0.030
564 229 15 18 0.030
293 24 10 12 0.030
1014 81 8 17 0.030
861 389 18 20 0.030
355 49 10 13 0.030
971 66 11 14 0.030
574 13 10 13 0.030
504 36 11 14 0.030
534 29 9 12 0.030
561 280 15 19 0.029
205 70 11 14 0.029
178 17 8 11 0.029
2 452 11 23 0.029
880 190 13 17 0.029
147 53 10 13 0.028
12 524 21 26 0.028
656 256 16 20 0.028
276 467 17 20 0.028
824 212 14 16 0.028
314 10 9 12 0.028
766 10 11 12 0.028
37 141 11 14 0.027
378 7 10 12 0.027
895 269 16 18 0.027
460 85 12 14 0.027
488 622 21 24 0.027
131 108 11 14 0.027
772 242 16 20 0.027
756 10 10 11 0.027
874 684 31 17 0.027
88 635 23 28 0.026
75 318 16 18 0.026
727 251 14 18 0.026
784 196 14 19 0.026
784 232 17 22 0.026
266 91 12 15 0.026
91 691 20 12 0.026
560 345 17 21 0.025
682 9 11 12 0.025
445 6 10 11 0.025
575 498 21 24 0.025
634 217 13 17 0.025
310 8 10 13 0.025
298 28 10 13 0.025
677 325 16 19 0.025
151 114 10 14 0.025
983 224 15 19 0.025
125 336 16 18 0.024
700 555 25 30 0.024
242 73 12 14 0.023
555 320 17 20 0.023
509 2 9 10 0.023
142 0 9 9 0.023
174 242 13 17 0.023
775 157 11 15 0.023
1001 194 13 18 0.023
5 356 12 16 0.023
687 41 11 12 0.022
125 203 12 15 0.022
245 293 15 18 0.022
715 262 15 18 0.022
31 350 17 20 0.022
469 263 14 18 0.022
312 40 10 13 0.022
758 21 8 11 0.022
711 59 11 14 0.022
49 174 12 15 0.022
21 22 10 12 0.022
29 126 11 13 0.021
404 23 10 12 0.021
911 597 21 24 0.021
380 9 10 12 0.021
499 270 14 20 0.021
828 320 17 20 0.021
361 414 18 21 0.021
403 428 20 23 0.021
754 48 11 14 0.021
52 325 16 19 0.021
124 316 15 17 0.020
338 427 18 23 0.020
139 417 18 21 0.020
3 401 11 20 0.020
424 331 15 20 0.020
287 403 17 21 0.020
181 303 16 20 0.020
290 222 13 16 0.020
601 20 9 11 0.020
39 543 19 24 0.020
146 554 20 23 0.020
1009 92 10 16 0.020
332 132 12 14 0.020
326 472 20 24 0.020
618 36 11 13 0.020
42 687 22 16 0.019
956 270 16 20 0.019
11 651 19 23 0.019
46 9 9 11 0.019
750 68 11 14 0.019
267 325 16 19 0.019
743 18 10 12 0.019
282 -1 10 10 0.018
177 248 14 17 0.018
149 20 10 12 0.018
998 60 10 12 0.018
177 473 16 21 0.018
124 327 16 20 0.018
879 74 11 13 0.018
480 409 17 19 0.018
664 308 15 19 0.017
499 477 21 25 0.017
59 228 14 16 0.017
846 96 12 15 0.017
928 92 12 15 0.017
725 261 15 19 0.017
156 0 9 10 0.017
959 382 18 23 0.017
690 344 16 21 0.017
68 477 18 22 0.017
596 42 10 13 0.017
508 113 11 14 0.017
250 246 13 17 0.017
958 148 12 15 0.017
374 348 16 20 0.017
370 3 9 10 0.016
383 495 18 23 0.016
339 481 20 22 0.016
383 559 20 24 0.016
169 250 14 15 0.016
382 126 11 14 0.016
779 11 10 12 0.016
337 473 19 23 0.016
824 163 13 15 0.016
230 1 9 10 0.016
522 336 15 19 0.016
718 200 14 18 0.015
385 138 11 15 0.015
168 298 16 21 0.015
228 335 16 20 0.015
7 460 16 21 0.015
829 349 17 22 0.015
889 304 15 18 0.015
474 28 11 13 0.015
276 326 16 19 0.015
486 0 8 8 0.015
877 247 15 19 0.015
863 495 18 24 0.015
84 17 9 12 0.015
842 268 15 20 0.015
941 274 15 19 0.014
46 543 20 24 0.014
1011 293 11 20 0.014
572 491 19 23 0.014
975 204 14 18 0.014
248 80 12 14 0.014
356 401 17 23 0.014
602 365 17 21 0.014
971 191 13 16 0.014
812 401 19 24 0.014
178 194 13 15 0.014
947 13 10 12 0.014
970 150 12 14 0.014
43 461 16 21 0.014
339 388 16 20 0.014
979 416 20 24 0.014
578 506 23 27 0.014
875 672 24 21 0.013
634 74 11 15 0.013
428 292 17 22 0.013
857 96 12 14 0.013
866 34 10 13 0.013
239 265 13 17 0.013
277 279 15 17 0.013
907 116 11 15 0.013
988 89 12 15 0.013
131 205 13 14 0.013
86 14 9 12 0.013
712 226 14 16 0.013
348 197 13 16 0.013
814 648 27 25 0.013
352 300 14 18 0.013
161 320 15 17 0.013
701 338 18 22 0.013
671 301 15 20 0.013
197 12 8 11 0.013
112 6 9 11 0.013
770 542 18 23 0.013
19 7 9 11 0.012
740 75 10 13 0.012
195 192 13 16 0.012
607 250 15 19 0.012
292 286 16 19 0.012
649 276 15 18 0.012
921 272 15 19 0.012
647 434 16 20 0.012
59 123 11 14 0.012
960 423 19 22 0.012
480 256 14 18 0.012
908 264 17 21 0.012
443 250 14 17 0.012
1008 207 14 19 0.012
368 544 21 26 0.012
14 289 15 18 0.012
74 284 15 19 0.012
663 447 17 20 0.012
797 352 19 23 0.012
259 4 9 11 0.012
1017 56 7 16 0.012
365 558 22 25 0.012
314 357 18 21 0.012
211 8 8 10 0.011
133 209 12 15 0.011
194 446 17 21 0.011
188 3 8 10 0.011
692 563 17 23 0.011
317 9 9 11 0.011
491 202 13 17 0.011
224 1 9 11 0.011
321 469 18 22 0.011
950 429 24 25 0.011
166 3 10 11 0.011
675 329 14 18 0.011
902 9 10 12 0.011
693 21 10 12 0.011
428 399 18 23 0.011
71 490 17 21 0.011
168 201 12 17 0.011
861 39 11 13 0.011
741 139 12 14 0.011
7 401 14 19 0.011
788 137 14 16 0.011
182 0 8 8 0.011
803 651 28 25 0.011
502 178 17 22 0.010
79 161 13 16 0.010
849 199 14 18 0.010
964 186 14 17 0.010
802 35 10 13 0.010
530 319 16 18 0.010
392 243 13 17 0.010
898 324 15 18 0.010
195 437 18 22 0.010
