2_Demonstration_Demonstration_Or_Protest_2_225
626
446 430 16 20 0.713
986 502 15 19 0.686
944 433 16 21 0.668
257 409 17 20 0.665
137 412 14 19 0.652
920 409 13 16 0.643
354 441 16 19 0.639
321 441 18 21 0.639
857 429 17 22 0.625
463 412 14 16 0.574
883 435 14 17 0.548
502 434 15 17 0.540
763 417 14 15 0.536
39 406 16 21 0.535
918 386 13 15 0.533
799 431 16 20 0.521
994 404 12 16 0.520
678 426 12 15 0.512
558 425 15 19 0.464
864 424 16 21 0.456
225 438 15 17 0.446
663 416 15 16 0.444
849 411 14 17 0.435
392 423 13 17 0.431
589 394 12 13 0.417
538 342 9 11 0.410
346 347 10 11 0.382
700 424 13 18 0.350
595 346 9 11 0.345
174 411 17 20 0.328
885 439 16 18 0.327
414 351 10 11 0.325
933 304 13 15 0.316
360 346 9 11 0.304
703 349 8 10 0.303
731 429 16 20 0.296
348 412 15 20 0.288
977 422 12 16 0.281
680 293 7 8 0.280
450 356 10 13 0.280
207 453 14 18 0.279
904 365 11 13 0.278
631 410 12 15 0.276
892 447 15 17 0.267
590 295 8 10 0.249
817 417 13 15 0.247
272 435 13 18 0.239
690 453 14 17 0.230
569 359 8 11 0.228
831 398 12 14 0.226
783 365 9 12 0.223
930 404 13 16 0.221
575 403 13 15 0.216
1010 500 12 15 0.212
315 343 9 11 0.210
583 411 15 18 0.209
629 370 9 13 0.206
172 425 17 21 0.203
921 395 13 18 0.199
891 364 10 13 0.192
579 409 15 18 0.185
629 296 7 9 0.179
378 303 9 9 0.179
693 450 13 18 0.179
988 357 11 12 0.177
739 380 9 12 0.176
822 375 11 13 0.174
932 400 12 16 0.172
764 438 14 16 0.169
864 355 9 12 0.168
0 416 7 19 0.164
169 409 17 18 0.164
504 349 9 10 0.162
635 407 14 16 0.160
812 343 9 10 0.159
588 293 8 10 0.158
387 352 9 11 0.155
504 352 10 12 0.151
369 330 9 9 0.148
467 369 11 13 0.144
428 287 8 10 0.144
261 361 9 12 0.142
382 342 9 12 0.141
804 359 9 11 0.141
546 368 10 11 0.140
109 400 13 16 0.137
993 383 11 12 0.137
289 353 9 10 0.134
736 351 10 12 0.133
584 313 8 9 0.132
399 406 15 18 0.131
350 296 9 11 0.129
698 432 13 18 0.127
502 356 11 13 0.126
354 402 15 18 0.126
593 295 8 10 0.126
1007 506 13 16 0.125
950 350 11 14 0.121
994 341 10 12 0.121
676 351 8 13 0.120
338 367 11 12 0.119
765 395 10 13 0.119
569 296 8 10 0.119
665 380 9 11 0.117
678 347 8 10 0.113
805 426 16 18 0.113
736 432 15 18 0.112
711 391 10 13 0.112
833 352 10 12 0.112
682 293 8 9 0.111
1016 403 8 16 0.110
982 356 11 13 0.109
853 391 12 15 0.108
159 378 9 12 0.107
674 354 9 12 0.106
898 312 11 13 0.105
366 363 10 13 0.105
803 294 10 12 0.105
750 367 9 11 0.105
956 346 10 12 0.104
952 347 11 13 0.104
711 376 10 12 0.104
642 316 7 10 0.103
100 426 15 20 0.102
584 398 13 16 0.102
727 429 14 19 0.102
93 431 16 19 0.101
830 393 11 16 0.099
687 459 12 17 0.097
232 436 16 18 0.096
456 300 8 9 0.095
600 314 8 10 0.093
866 406 12 15 0.092
389 353 10 11 0.091
598 368 9 12 0.091
651 233 7 8 0.089
823 417 14 18 0.087
766 398 12 13 0.087
895 364 10 12 0.085
593 370 10 12 0.085
598 346 9 11 0.085
590 375 10 12 0.084
993 355 10 12 0.084
740 350 9 12 0.084
633 429 14 17 0.084
112 399 11 14 0.083
108 417 13 17 0.083
933 408 12 17 0.082
989 408 13 15 0.081
154 376 11 14 0.079
768 363 9 11 0.079
369 362 10 12 0.079
582 328 8 9 0.078
733 424 15 19 0.077
105 401 13 17 0.076
711 373 9 11 0.075
646 408 12 15 0.073
719 312 7 8 0.073
265 419 15 19 0.071
649 378 10 12 0.071
327 332 10 11 0.071
846 324 8 11 0.071
774 352 8 10 0.070
634 440 13 20 0.070
866 359 10 12 0.070
785 366 10 12 0.070
1015 400 9 14 0.070
1002 517 13 16 0.070
763 399 11 14 0.070
365 341 9 13 0.070
459 297 8 10 0.068
713 374 9 11 0.068
787 297 8 10 0.068
470 371 11 14 0.068
660 379 9 11 0.067
326 425 15 18 0.067
770 360 9 11 0.066
889 362 9 12 0.066
326 282 7 8 0.065
703 345 8 11 0.065
737 421 16 18 0.065
871 330 9 11 0.064
102 420 14 19 0.064
175 431 17 19 0.063
383 373 12 14 0.062
606 406 10 13 0.061
168 400 13 18 0.061
586 418 14 18 0.061
843 339 9 10 0.061
270 363 10 12 0.061
533 365 11 13 0.061
691 365 9 11 0.059
384 337 8 12 0.059
992 386 9 13 0.059
754 364 9 11 0.058
895 329 9 10 0.058
802 377 9 13 0.058
719 295 7 9 0.058
356 345 11 12 0.058
371 256 7 9 0.058
292 351 8 11 0.057
556 421 14 19 0.057
327 366 10 11 0.057
37 403 14 20 0.056
828 401 13 16 0.056
605 410 11 14 0.056
265 332 8 9 0.056
339 362 11 13 0.056
667 387 10 13 0.056
782 368 9 12 0.055
385 364 10 13 0.055
895 367 12 14 0.055
957 210 11 14 0.055
918 332 10 12 0.054
654 296 7 9 0.054
385 356 10 13 0.053
635 447 14 20 0.053
693 247 7 9 0.053
867 412 12 17 0.052
770 258 7 8 0.052
939 414 11 15 0.052
605 400 10 15 0.052
759 420 14 17 0.052
330 420 14 17 0.052
690 383 11 13 0.051
107 423 12 18 0.051
544 405 14 16 0.051
499 354 10 13 0.051
276 364 9 11 0.050
599 371 10 12 0.050
427 409 12 16 0.050
631 294 8 10 0.050
306 367 10 12 0.049
112 358 9 12 0.049
437 261 7 8 0.048
823 335 9 10 0.048
753 259 8 10 0.047
827 354 9 11 0.047
407 413 14 17 0.047
382 302 8 9 0.047
805 377 10 12 0.046
742 262 8 11 0.046
495 381 12 15 0.045
583 271 7 8 0.045
759 166 6 6 0.045
820 198 7 8 0.045
652 260 8 8 0.045
815 329 8 9 0.044
842 354 10 12 0.044
434 374 10 13 0.044
926 448 12 16 0.044
710 343 9 10 0.044
695 326 7 8 0.044
384 381 13 15 0.044
555 321 8 9 0.044
636 339 10 11 0.043
288 331 8 9 0.043
0 397 6 15 0.043
717 294 7 8 0.042
606 393 11 14 0.042
386 319 9 12 0.042
543 389 11 14 0.042
695 445 13 16 0.041
0 403 6 19 0.041
768 220 7 8 0.041
906 373 12 14 0.041
407 370 10 11 0.040
937 403 12 16 0.040
429 413 12 14 0.040
305 373 10 12 0.040
686 382 10 12 0.040
423 316 9 11 0.040
895 314 10 13 0.040
735 381 11 15 0.040
220 354 7 9 0.039
752 214 7 8 0.039
657 299 7 9 0.038
457 415 12 15 0.038
780 399 11 13 0.038
757 166 6 6 0.038
584 366 9 12 0.038
679 359 9 11 0.038
889 367 10 14 0.038
944 351 12 14 0.038
587 378 10 12 0.038
419 438 12 14 0.037
653 376 9 11 0.037
744 261 9 10 0.037
382 377 12 14 0.037
703 332 7 9 0.037
996 453 11 17 0.036
628 206 6 8 0.036
427 362 9 12 0.036
903 400 13 15 0.036
333 366 11 12 0.036
335 266 8 8 0.036
538 365 11 13 0.036
826 303 8 10 0.036
557 260 6 7 0.035
812 345 11 12 0.035
718 269 7 9 0.035
326 442 17 22 0.035
573 396 11 13 0.035
699 329 8 8 0.035
476 387 11 14 0.035
867 311 8 10 0.035
911 334 10 13 0.035
227 442 16 20 0.035
668 306 7 9 0.034
645 207 6 7 0.034
610 269 7 8 0.034
678 389 10 13 0.034
832 423 13 17 0.034
734 217 7 8 0.034
451 353 10 11 0.033
178 452 13 16 0.033
657 360 8 10 0.033
80 433 14 18 0.033
443 328 8 10 0.033
926 353 11 13 0.033
88 305 10 13 0.033
671 308 7 10 0.033
189 367 10 13 0.033
770 303 8 10 0.033
707 365 10 12 0.033
625 387 10 12 0.033
641 258 8 8 0.033
761 166 5 7 0.032
668 374 8 11 0.032
854 317 9 10 0.032
1015 350 7 13 0.032
867 399 12 15 0.032
846 356 9 12 0.031
143 376 11 12 0.031
706 395 11 13 0.031
348 442 16 19 0.031
567 425 15 20 0.031
632 338 8 10 0.031
399 348 9 11 0.031
901 391 12 14 0.031
724 402 12 15 0.031
542 369 10 13 0.030
666 262 7 8 0.030
602 426 14 18 0.030
550 365 9 11 0.030
606 269 7 8 0.030
58 436 14 18 0.029
266 344 8 10 0.029
992 337 9 13 0.029
684 257 7 8 0.029
788 299 9 11 0.029
708 255 8 9 0.028
617 301 7 10 0.028
264 337 7 10 0.028
626 377 10 13 0.028
639 314 8 11 0.028
432 409 12 14 0.028
779 351 8 10 0.028
653 444 13 19 0.028
613 328 9 10 0.028
823 449 12 16 0.027
799 383 10 13 0.027
390 315 9 11 0.027
658 439 13 18 0.027
390 381 10 14 0.027
319 397 12 14 0.027
475 259 7 7 0.027
930 368 10 14 0.027
606 429 13 16 0.027
1018 437 6 18 0.027
379 243 7 8 0.027
481 388 12 15 0.027
804 382 10 14 0.027
217 355 8 9 0.026
588 219 7 7 0.026
247 338 7 9 0.026
885 343 8 10 0.026
789 249 8 10 0.026
375 324 8 11 0.026
281 445 11 14 0.025
297 391 11 13 0.025
196 389 14 17 0.025
343 351 10 13 0.025
414 420 12 16 0.025
931 374 10 13 0.025
579 434 13 16 0.025
436 303 7 9 0.025
852 307 8 10 0.025
835 310 8 9 0.025
400 272 7 8 0.025
964 382 11 15 0.025
995 252 11 14 0.025
774 300 9 12 0.025
323 314 8 10 0.025
472 259 7 8 0.025
423 426 12 16 0.024
791 238 8 10 0.024
294 294 8 9 0.024
97 417 15 19 0.024
292 293 7 9 0.024
650 340 7 10 0.024
605 203 6 7 0.024
394 268 7 9 0.024
852 312 10 12 0.023
916 431 13 17 0.023
597 259 6 8 0.023
678 230 7 7 0.023
559 258 7 8 0.023
900 442 13 18 0.023
744 202 7 8 0.023
224 352 8 10 0.023
843 327 9 10 0.023
192 369 10 14 0.023
1009 369 9 13 0.023
310 296 8 9 0.023
641 322 9 11 0.022
645 316 7 9 0.022
1018 466 6 19 0.022
981 437 11 15 0.022
842 436 12 18 0.022
774 217 7 8 0.022
505 381 10 13 0.022
923 442 13 18 0.022
58 401 11 18 0.022
798 218 7 9 0.022
466 266 7 8 0.022
221 472 13 16 0.021
100 405 13 16 0.021
1015 344 8 14 0.021
542 400 12 15 0.021
252 271 6 8 0.021
440 325 8 10 0.021
720 397 12 15 0.021
699 229 6 8 0.021
857 384 11 15 0.021
408 392 13 14 0.021
789 234 7 9 0.021
246 352 8 10 0.021
432 279 8 9 0.021
600 432 14 17 0.021
320 244 6 8 0.020
742 240 7 9 0.020
110 366 11 15 0.020
422 250 6 7 0.020
813 325 8 10 0.020
650 257 9 11 0.020
836 439 14 19 0.020
998 330 9 12 0.020
683 229 6 8 0.020
850 387 11 14 0.020
1015 323 7 11 0.020
523 399 11 14 0.019
508 362 10 12 0.019
395 405 13 15 0.019
855 180 8 8 0.019
663 387 10 13 0.019
754 306 8 10 0.019
427 266 7 8 0.019
953 210 11 14 0.019
495 409 12 15 0.019
276 387 12 14 0.018
971 378 9 13 0.018
186 437 14 18 0.018
772 387 9 12 0.018
0 426 10 19 0.018
418 348 9 11 0.018
670 245 7 8 0.018
906 304 11 12 0.018
821 298 8 11 0.018
827 448 13 17 0.018
863 330 9 12 0.018
717 303 8 9 0.018
465 268 7 9 0.018
547 319 8 10 0.018
441 261 7 9 0.018
323 368 10 13 0.018
722 294 7 9 0.018
360 402 13 17 0.018
873 294 9 11 0.018
681 330 8 9 0.018
726 436 13 18 0.018
432 309 8 10 0.017
219 385 10 15 0.017
711 334 7 9 0.017
99 317 7 9 0.017
949 355 11 14 0.017
1003 521 14 17 0.017
830 356 10 13 0.017
660 426 14 17 0.017
806 344 8 10 0.017
183 429 16 20 0.017
403 389 12 14 0.017
599 258 7 9 0.017
716 265 9 11 0.017
935 342 9 11 0.016
685 304 8 9 0.016
280 278 7 9 0.016
830 330 10 12 0.016
328 421 12 15 0.016
450 326 8 9 0.016
629 451 14 20 0.016
721 312 8 10 0.016
585 270 7 9 0.016
858 308 9 11 0.016
1002 367 10 13 0.016
792 430 13 17 0.016
786 256 7 9 0.016
721 243 8 9 0.016
859 295 9 11 0.016
246 345 7 9 0.016
738 335 7 10 0.016
583 437 13 16 0.016
557 206 6 7 0.016
331 289 7 9 0.015
360 326 9 10 0.015
794 280 8 10 0.015
1014 328 7 11 0.015
436 348 9 11 0.015
638 342 11 12 0.015
266 438 14 17 0.015
824 220 8 10 0.015
338 264 8 9 0.015
420 251 7 8 0.015
3 416 9 17 0.015
566 377 8 12 0.015
253 270 7 8 0.015
709 259 8 10 0.015
698 407 10 14 0.015
913 285 10 11 0.015
194 366 11 13 0.015
443 279 7 9 0.015
377 452 11 15 0.015
396 274 7 9 0.015
405 369 9 11 0.015
436 262 9 11 0.015
395 328 9 10 0.014
341 289 9 12 0.014
713 261 9 11 0.014
873 419 12 15 0.014
1001 326 8 10 0.014
223 381 8 11 0.014
1008 526 15 17 0.014
948 594 7 9 0.014
355 329 8 9 0.014
473 260 7 9 0.014
1001 230 7 9 0.014
770 215 9 10 0.014
420 336 9 12 0.014
710 350 10 11 0.014
423 321 9 11 0.014
340 237 6 7 0.014
403 268 7 8 0.014
487 404 13 16 0.014
1 333 7 17 0.013
484 272 7 8 0.013
616 313 8 10 0.013
858 190 9 12 0.013
638 400 10 13 0.013
510 387 10 13 0.013
898 447 14 17 0.013
648 357 8 11 0.013
588 274 7 8 0.013
736 334 7 9 0.013
756 380 10 13 0.013
755 61 5 6 0.013
857 185 8 11 0.013
728 254 8 8 0.013
229 294 7 8 0.013
416 394 11 14 0.013
864 256 9 12 0.013
599 260 9 11 0.012
603 204 5 7 0.012
655 276 7 9 0.012
737 366 9 12 0.012
404 276 8 9 0.012
686 255 7 8 0.012
677 431 13 16 0.012
763 304 9 11 0.012
771 305 9 11 0.012
361 373 10 13 0.012
332 269 7 9 0.012
886 400 10 13 0.012
909 262 9 11 0.012
527 370 9 12 0.012
495 433 15 18 0.012
343 318 9 11 0.012
771 417 12 15 0.012
488 330 8 9 0.012
491 285 6 8 0.012
781 162 6 8 0.012
397 242 7 8 0.012
486 303 8 9 0.012
805 191 7 8 0.011
633 260 6 8 0.011
666 373 12 17 0.011
632 258 7 8 0.011
323 285 9 11 0.011
622 254 7 9 0.011
867 259 9 11 0.011
654 335 8 9 0.011
888 280 9 10 0.011
901 339 9 12 0.011
141 376 9 11 0.011
307 394 12 14 0.011
201 453 16 19 0.011
82 307 9 11 0.011
820 319 9 11 0.011
679 318 8 9 0.011
701 251 9 10 0.011
457 303 9 12 0.011
784 401 11 13 0.011
438 243 6 7 0.011
990 428 11 16 0.011
768 280 8 10 0.011
423 252 7 8 0.011
418 249 6 7 0.011
807 191 7 7 0.011
293 319 8 9 0.011
711 254 8 9 0.010
140 319 7 8 0.010
136 365 8 9 0.010
534 398 13 15 0.010
142 363 8 9 0.010
909 277 11 12 0.010
134 363 7 9 0.010
409 333 9 11 0.010
