2_Demonstration_Political_Rally_2_335
363
671 416 57 68 0.845
379 333 54 59 0.831
788 565 69 85 0.830
823 477 69 79 0.811
353 501 58 74 0.810
109 268 47 50 0.810
608 160 34 42 0.809
282 429 49 62 0.809
704 317 48 60 0.806
311 323 53 65 0.802
7 330 45 57 0.799
943 114 29 36 0.796
212 284 47 59 0.796
233 226 41 47 0.796
405 258 52 63 0.794
171 187 41 46 0.789
250 551 68 86 0.788
554 562 74 99 0.787
0 230 30 45 0.783
272 265 47 55 0.783
2 404 51 62 0.781
920 194 34 42 0.780
480 442 42 68 0.778
473 294 43 52 0.775
474 172 33 42 0.773
895 339 50 64 0.771
736 445 59 78 0.771
849 212 42 45 0.766
275 325 41 52 0.765
332 426 64 68 0.765
618 80 29 33 0.764
109 147 28 31 0.764
86 233 42 52 0.761
779 198 36 45 0.761
159 258 36 44 0.759
572 328 44 53 0.759
581 134 31 39 0.757
447 375 42 57 0.756
135 478 46 74 0.754
443 150 31 42 0.753
339 55 22 30 0.753
879 150 30 37 0.751
66 203 40 48 0.748
1 495 39 54 0.747
658 125 32 38 0.744
754 175 34 43 0.741
579 60 27 29 0.741
877 307 38 52 0.734
612 408 50 53 0.733
664 176 40 43 0.733
858 115 25 31 0.730
192 262 33 47 0.725
731 78 29 36 0.722
72 398 45 58 0.719
845 166 37 42 0.718
241 175 33 37 0.718
147 145 33 42 0.714
248 91 23 36 0.711
144 226 34 39 0.710
62 137 36 39 0.709
340 278 48 55 0.709
120 350 49 59 0.703
700 212 37 42 0.700
567 478 52 70 0.698
519 196 28 42 0.695
939 404 42 55 0.694
891 218 33 41 0.692
328 103 29 36 0.691
909 5 18 23 0.691
987 4 19 23 0.683
547 219 40 43 0.678
272 192 29 40 0.676
660 230 40 47 0.672
826 428 45 52 0.671
32 145 28 34 0.667
490 245 43 50 0.666
905 63 17 22 0.663
0 72 16 21 0.663
458 651 47 50 0.661
32 216 33 43 0.660
-2 559 57 93 0.659
364 156 38 41 0.656
833 55 21 24 0.651
484 126 29 35 0.648
27 -5 18 19 0.644
178 22 20 26 0.636
70 89 25 30 0.634
336 151 29 37 0.631
660 38 17 22 0.628
743 141 28 34 0.627
356 227 41 44 0.621
756 246 41 51 0.618
0 141 21 36 0.607
33 35 17 21 0.605
688 117 24 31 0.589
15 32 20 22 0.577
211 9 17 21 0.565
568 116 20 25 0.556
739 25 18 22 0.554
657 516 70 85 0.551
37 77 25 30 0.547
534 258 34 41 0.546
931 31 17 20 0.545
295 99 29 37 0.544
183 114 28 34 0.541
771 153 32 34 0.538
170 73 22 27 0.536
141 97 26 32 0.534
864 64 23 27 0.529
647 80 22 28 0.520
473 57 24 29 0.517
370 204 40 46 0.514
920 96 18 25 0.514
471 28 24 25 0.510
409 90 19 29 0.503
572 188 37 39 0.498
458 113 28 34 0.494
265 146 26 28 0.491
158 394 69 77 0.490
315 191 24 36 0.487
511 374 52 66 0.481
346 204 31 37 0.480
816 73 22 26 0.472
403 428 47 65 0.469
14 50 20 23 0.464
64 61 25 29 0.462
542 302 37 50 0.449
715 75 16 21 0.445
778 51 20 28 0.441
819 104 28 34 0.428
856 47 19 24 0.423
640 234 30 37 0.410
667 62 24 31 0.405
77 179 33 35 0.401
306 49 17 23 0.393
407 66 17 25 0.390
332 33 16 24 0.388
272 244 42 43 0.387
16 221 36 45 0.381
460 263 33 43 0.381
74 188 36 41 0.369
198 268 43 54 0.349
1011 295 13 61 0.337
79 217 42 51 0.335
692 65 16 20 0.315
129 259 42 48 0.313
793 125 32 35 0.301
861 215 46 45 0.300
69 41 22 25 0.298
826 58 24 27 0.293
217 505 41 63 0.292
210 90 20 25 0.289
70 8 17 19 0.278
691 282 41 50 0.273
358 114 19 25 0.265
881 81 19 25 0.264
22 77 19 26 0.261
337 670 37 30 0.252
360 214 40 44 0.250
717 11 14 17 0.248
615 57 17 20 0.239
279 164 32 33 0.237
636 130 22 28 0.235
64 32 19 23 0.233
0 19 11 20 0.231
190 56 18 23 0.224
544 149 34 37 0.221
115 67 19 25 0.220
751 57 19 23 0.216
589 106 21 25 0.210
183 56 19 23 0.203
966 11 16 22 0.195
534 283 37 49 0.177
969 0 13 15 0.172
818 188 31 39 0.170
203 631 42 53 0.169
159 143 34 38 0.167
0 118 13 26 0.163
233 3 15 22 0.162
0 29 9 20 0.150
967 5 15 20 0.149
305 103 25 33 0.138
404 170 38 46 0.138
771 126 31 35 0.135
859 40 17 20 0.134
495 375 41 60 0.133
640 300 44 52 0.132
778 98 20 24 0.132
323 242 44 51 0.130
784 13 15 20 0.124
245 396 44 54 0.117
218 265 45 56 0.117
120 11 14 20 0.112
65 25 20 22 0.110
560 106 22 29 0.110
18 404 54 61 0.109
918 64 19 23 0.104
813 175 27 33 0.100
730 19 16 19 0.098
462 122 30 34 0.093
126 118 22 27 0.090
818 92 29 32 0.088
175 7 15 20 0.085
253 183 36 44 0.085
127 6 18 22 0.084
970 58 20 30 0.084
755 12 14 18 0.082
697 68 17 20 0.081
403 243 34 47 0.079
805 125 27 34 0.078
935 -2 12 13 0.078
175 123 33 43 0.077
479 141 33 44 0.075
48 382 45 59 0.074
0 35 8 21 0.068
102 63 18 24 0.066
810 113 29 36 0.065
257 202 37 45 0.065
464 28 17 22 0.064
269 151 29 31 0.062
472 646 54 53 0.058
298 186 36 45 0.057
26 -1 21 26 0.057
486 296 46 52 0.057
478 61 26 31 0.056
-1 119 19 34 0.055
752 16 15 20 0.055
167 149 35 37 0.054
783 7 15 19 0.053
460 103 24 33 0.052
98 530 42 58 0.051
780 131 37 35 0.051
362 111 23 30 0.050
1014 284 10 59 0.050
752 9 15 16 0.049
784 25 15 21 0.049
65 5 15 19 0.048
694 299 31 39 0.045
-1 175 13 37 0.044
594 45 15 17 0.043
773 248 38 47 0.042
100 39 18 22 0.042
206 509 38 63 0.040
689 10 16 16 0.040
469 56 20 27 0.039
167 129 31 36 0.039
582 109 26 30 0.038
776 48 17 24 0.038
281 171 38 37 0.037
567 122 29 35 0.037
831 184 29 41 0.037
199 59 15 21 0.036
355 35 14 19 0.035
26 55 19 21 0.035
953 0 15 15 0.035
544 375 37 59 0.034
695 120 23 30 0.034
23 476 48 56 0.033
829 307 35 45 0.032
461 151 26 35 0.030
872 64 20 24 0.030
666 507 57 63 0.030
679 202 33 39 0.029
876 75 21 24 0.029
147 21 16 22 0.028
929 60 17 23 0.028
786 1 16 18 0.028
968 16 18 26 0.028
529 301 38 55 0.028
131 362 50 61 0.027
203 49 19 25 0.027
656 35 16 22 0.026
409 56 17 25 0.026
1015 240 8 53 0.026
108 42 18 24 0.026
119 42 18 22 0.025
216 43 19 24 0.025
778 333 44 54 0.024
624 299 38 48 0.024
282 42 15 22 0.024
368 167 40 40 0.024
814 315 40 50 0.024
563 122 22 26 0.024
744 44 20 24 0.024
125 72 17 24 0.023
752 255 30 41 0.023
455 111 20 25 0.022
34 412 49 58 0.022
682 209 37 43 0.022
766 328 42 55 0.021
1007 313 15 44 0.021
56 3 14 17 0.021
222 41 19 25 0.021
671 188 39 43 0.020
626 308 47 54 0.020
646 72 19 24 0.020
0 166 10 37 0.020
551 157 33 36 0.020
823 4 15 18 0.020
528 631 45 55 0.019
562 340 40 57 0.019
930 -1 15 16 0.019
917 15 17 21 0.019
813 175 19 24 0.019
429 231 37 45 0.019
845 686 67 15 0.019
534 264 42 54 0.019
237 4 17 23 0.019
290 91 21 26 0.018
624 288 32 41 0.017
910 100 23 26 0.017
756 455 51 67 0.017
170 56 18 20 0.017
181 402 53 59 0.017
490 273 44 55 0.016
66 82 23 28 0.016
237 36 16 24 0.016
127 32 19 25 0.016
450 129 33 45 0.016
749 0 15 15 0.015
77 8 15 19 0.015
759 137 27 32 0.015
374 237 38 46 0.015
11 84 19 25 0.014
466 142 29 37 0.014
3 323 34 55 0.014
268 244 26 34 0.014
19 199 32 38 0.014
905 42 17 19 0.013
814 194 26 39 0.013
495 2 16 22 0.013
677 262 32 40 0.013
2 6 14 18 0.013
861 31 14 17 0.013
538 245 38 44 0.013
789 128 25 29 0.013
287 102 23 33 0.013
673 248 30 46 0.013
584 200 33 37 0.012
129 113 36 45 0.012
408 42 16 25 0.012
9 -1 12 13 0.012
409 143 26 33 0.012
324 250 28 39 0.012
824 0 13 16 0.012
75 533 51 73 0.012
478 44 22 27 0.011
37 65 35 46 0.011
174 142 35 36 0.011
965 64 19 26 0.011
217 91 19 25 0.011
379 164 33 34 0.011
93 67 19 23 0.011
539 588 66 86 0.011
0 651 10 50 0.011
912 30 15 19 0.011
96 261 47 51 0.011
452 225 34 39 0.010
404 238 26 36 0.010
148 351 37 56 0.010
810 329 35 56 0.010
970 -3 15 12 0.010
58 73 35 44 0.010
