2_Demonstration_Demonstrators_2_547
43
218 140 53 69 0.855
822 136 45 60 0.838
683 139 55 77 0.814
484 162 42 50 0.806
641 161 43 55 0.805
878 178 41 47 0.754
0 212 27 42 0.751
984 207 33 52 0.699
456 199 32 41 0.661
414 191 32 39 0.630
934 203 26 35 0.580
733 202 28 31 0.336
760 211 27 33 0.319
165 167 35 42 0.207
199 184 27 38 0.145
358 192 34 38 0.133
94 215 31 39 0.121
179 176 34 43 0.115
775 207 16 21 0.083
791 206 22 23 0.056
746 210 37 46 0.056
162 167 26 34 0.046
462 200 38 48 0.044
404 228 28 34 0.031
65 82 35 60 0.028
397 220 28 35 0.028
365 192 22 26 0.027
47 238 25 32 0.025
938 205 38 39 0.024
433 195 32 39 0.020
1 434 16 32 0.020
176 161 35 43 0.018
174 217 29 36 0.018
194 196 26 36 0.016
590 230 29 36 0.016
852 150 47 52 0.015
490 210 36 41 0.015
203 195 25 36 0.015
207 179 23 38 0.014
349 206 36 38 0.014
282 208 41 46 0.012
335 212 32 36 0.011
311 215 32 38 0.011
