2_Demonstration_Protesters_2_738
31
926 1035 98 184 0.840
727 1011 118 160 0.838
460 102 107 124 0.833
308 56 55 71 0.832
-6 1209 122 214 0.825
243 874 123 151 0.820
218 23 81 104 0.815
776 177 61 92 0.727
814 77 40 49 0.715
671 686 36 44 0.601
576 691 29 32 0.359
688 3 23 26 0.286
21 726 36 41 0.217
983 14 36 45 0.072
302 708 31 47 0.063
222 693 24 28 0.061
169 106 18 24 0.038
462 696 20 23 0.023
781 137 58 91 0.022
16 98 14 17 0.019
809 844 91 109 0.018
164 104 15 19 0.017
8 725 23 34 0.016
80 121 14 16 0.016
300 699 52 69 0.015
393 1353 174 75 0.014
184 697 31 34 0.014
125 131 18 25 0.013
441 1388 106 38 0.012
-1 731 21 32 0.011
314 693 43 51 0.010
