2_Demonstration_Demonstration_Or_Protest_2_402
104
477 122 46 55 0.828
387 111 57 68 0.806
796 123 58 72 0.798
608 111 54 66 0.777
313 153 57 66 0.767
186 150 54 65 0.764
669 138 59 66 0.737
147 144 37 67 0.487
616 24 22 26 0.221
971 175 16 20 0.195
838 55 35 43 0.191
151 81 45 70 0.178
981 153 12 13 0.149
770 8 23 29 0.120
441 62 14 16 0.103
981 201 16 17 0.100
597 25 15 18 0.095
362 60 7 8 0.070
150 28 47 73 0.066
18 118 19 41 0.064
683 89 12 15 0.062
479 53 10 11 0.058
691 28 14 16 0.054
586 127 23 35 0.046
975 113 14 17 0.044
996 156 10 12 0.043
346 55 6 7 0.043
988 153 11 14 0.041
978 201 23 29 0.041
971 198 42 55 0.041
324 57 14 16 0.030
568 59 7 8 0.028
971 74 8 10 0.028
550 11 10 12 0.027
987 199 15 19 0.025
581 45 6 8 0.025
976 150 13 14 0.024
728 64 7 10 0.024
685 90 8 10 0.023
683 76 6 7 0.023
460 55 13 15 0.023
977 173 16 18 0.022
588 59 6 8 0.022
1005 201 10 13 0.021
914 10 22 31 0.021
841 21 27 37 0.021
431 59 7 9 0.020
563 31 6 7 0.020
649 64 11 14 0.020
978 13 11 14 0.019
991 158 13 15 0.019
642 35 9 11 0.019
501 17 6 7 0.018
538 67 8 9 0.018
924 160 6 7 0.018
349 28 5 6 0.017
727 80 12 24 0.017
978 103 12 13 0.017
150 -4 41 41 0.017
1002 203 12 14 0.017
659 29 7 7 0.017
990 170 12 13 0.016
1014 154 8 13 0.016
990 110 13 17 0.016
987 95 8 10 0.016
833 49 15 20 0.015
331 60 8 9 0.015
484 72 18 22 0.014
647 0 5 6 0.014
310 14 6 7 0.014
657 124 55 65 0.014
309 11 6 7 0.014
985 97 10 11 0.014
438 59 20 24 0.014
518 49 7 9 0.013
642 29 11 13 0.013
148 2 48 59 0.013
976 16 12 17 0.013
360 62 8 9 0.013
482 60 14 17 0.013
661 32 6 7 0.013
972 181 17 20 0.013
989 101 11 15 0.013
288 31 7 10 0.012
338 55 10 11 0.012
909 159 6 8 0.012
684 93 18 18 0.012
568 55 9 12 0.012
839 14 25 30 0.012
550 164 24 26 0.012
486 68 13 15 0.012
1016 105 7 12 0.012
519 66 8 9 0.012
726 66 10 19 0.011
451 30 6 7 0.011
490 17 6 8 0.011
975 210 28 36 0.011
522 27 6 8 0.011
319 55 13 15 0.011
536 125 15 20 0.011
835 14 16 19 0.011
680 76 5 6 0.010
993 115 11 15 0.010
478 48 13 17 0.010
