2_Demonstration_Demonstration_Or_Protest_2_615
44
0 266 36 42 0.815
116 251 36 41 0.788
287 220 34 39 0.784
898 244 28 31 0.783
558 242 27 33 0.777
759 255 28 34 0.776
943 246 30 32 0.774
35 251 34 40 0.759
827 251 27 31 0.759
430 252 32 37 0.744
506 267 26 32 0.738
610 258 27 31 0.721
176 245 33 36 0.682
677 257 21 25 0.669
721 272 17 21 0.485
658 264 19 24 0.190
654 269 19 24 0.145
149 249 20 25 0.073
592 294 19 20 0.069
669 258 20 25 0.057
473 219 18 23 0.054
359 271 24 28 0.049
385 264 26 34 0.047
511 223 22 28 0.029
328 168 52 63 0.026
386 218 26 35 0.024
535 241 19 22 0.022
856 267 14 17 0.019
635 262 17 23 0.018
741 271 14 16 0.017
425 217 20 22 0.016
542 285 21 24 0.016
498 223 23 28 0.015
167 249 25 32 0.015
138 247 28 36 0.015
983 256 19 24 0.015
552 243 25 27 0.014
1016 242 8 23 0.013
469 217 17 22 0.012
161 261 19 25 0.012
848 262 20 22 0.012
529 235 19 24 0.011
300 265 23 28 0.010
575 273 13 17 0.010
