2_Demonstration_Political_Rally_2_135
34
937 632 73 92 0.789
149 546 68 96 0.775
517 440 97 103 0.748
46 673 52 75 0.511
-3 1029 26 46 0.269
23 1043 25 31 0.098
910 908 16 20 0.095
338 681 11 16 0.079
830 785 11 14 0.049
375 686 14 22 0.041
65 321 25 32 0.034
860 791 14 20 0.033
13 777 20 23 0.028
141 922 28 34 0.025
8 657 22 42 0.024
443 695 14 17 0.024
63 677 42 62 0.022
834 784 15 18 0.019
470 306 16 19 0.019
371 682 14 20 0.018
518 339 83 80 0.018
895 793 14 19 0.018
258 726 29 36 0.016
132 655 19 24 0.014
-6 1043 24 41 0.013
913 905 16 19 0.012
148 273 18 22 0.012
417 771 20 28 0.011
404 696 13 16 0.011
375 662 10 14 0.011
21 763 20 30 0.011
437 688 14 16 0.011
11 648 21 34 0.011
836 776 14 18 0.010
