2_Demonstration_Demonstration_Or_Protest_2_453
85
474 231 89 112 0.817
9 291 42 59 0.812
61 306 33 46 0.777
574 325 30 35 0.753
400 261 40 61 0.746
608 294 24 33 0.723
755 327 22 28 0.688
718 337 20 24 0.674
739 310 16 22 0.670
693 311 20 26 0.651
662 306 20 27 0.646
192 282 57 63 0.637
648 280 21 28 0.636
913 321 17 22 0.624
805 309 19 26 0.610
723 318 17 20 0.566
270 336 19 21 0.527
175 278 57 63 0.375
753 305 15 18 0.322
293 325 16 20 0.297
555 322 14 21 0.271
337 313 31 43 0.156
874 332 15 24 0.143
0 75 14 88 0.099
168 279 42 52 0.098
664 380 25 27 0.096
233 309 22 32 0.095
529 317 15 18 0.093
238 318 19 25 0.088
837 295 14 21 0.086
832 325 13 17 0.086
546 293 15 19 0.084
640 284 18 23 0.049
241 326 16 22 0.045
678 361 22 29 0.044
687 364 22 27 0.043
549 314 15 22 0.038
637 287 13 18 0.037
560 305 16 22 0.034
553 304 19 26 0.034
558 326 17 22 0.031
246 321 12 19 0.030
1005 297 19 90 0.027
1007 268 17 80 0.027
822 322 16 22 0.026
699 364 17 23 0.026
675 370 20 26 0.025
586 305 31 43 0.025
843 292 15 20 0.025
1011 259 13 58 0.024
1013 254 11 37 0.024
814 314 17 23 0.023
856 284 12 17 0.020
799 313 16 22 0.019
680 248 14 20 0.019
567 307 18 22 0.018
557 298 16 20 0.018
780 308 10 13 0.018
684 238 15 25 0.016
833 304 16 22 0.015
869 339 18 26 0.015
678 255 14 17 0.015
658 382 20 24 0.014
828 339 16 22 0.014
805 273 17 21 0.014
700 369 21 23 0.014
540 346 16 21 0.014
662 387 22 25 0.013
308 353 26 33 0.013
848 288 13 19 0.013
97 320 25 37 0.013
526 311 18 19 0.012
1013 374 10 44 0.012
318 306 17 28 0.012
810 342 16 22 0.012
309 266 18 25 0.012
986 285 39 113 0.011
531 348 22 25 0.011
567 298 15 19 0.011
215 294 35 44 0.011
1014 61 11 21 0.011
775 320 12 16 0.011
542 285 12 17 0.011
317 315 14 20 0.010
0 330 17 56 0.010
