2_Demonstration_Protesters_2_369
53
532 368 115 135 0.825
276 444 113 118 0.768
634 348 53 69 0.764
963 198 61 106 0.739
185 84 48 57 0.731
607 269 24 28 0.687
660 310 34 41 0.676
614 304 29 39 0.594
420 53 16 19 0.449
458 50 11 15 0.340
697 283 19 24 0.244
607 343 73 94 0.170
996 27 28 87 0.165
629 256 14 18 0.129
694 284 15 20 0.094
324 382 39 70 0.094
753 259 49 57 0.093
738 454 26 71 0.082
916 144 45 63 0.062
325 292 29 38 0.061
742 226 8 10 0.060
634 257 13 17 0.045
388 47 13 21 0.045
637 261 14 18 0.043
438 110 10 15 0.036
742 224 12 15 0.034
647 307 23 29 0.032
574 340 28 33 0.032
327 296 44 53 0.029
703 277 15 22 0.026
643 264 12 16 0.025
300 375 57 76 0.024
770 272 35 48 0.022
740 446 45 80 0.022
695 213 9 9 0.022
332 390 47 68 0.022
328 293 19 24 0.021
313 293 30 42 0.020
83 538 65 84 0.019
347 315 41 46 0.019
689 285 14 19 0.019
604 319 33 44 0.017
80 321 67 64 0.017
625 254 19 25 0.016
21 542 90 108 0.016
627 306 23 33 0.014
695 211 11 14 0.012
347 406 58 84 0.011
781 321 46 60 0.011
773 303 35 49 0.011
393 48 16 21 0.011
319 237 18 19 0.011
607 354 30 39 0.010
