2_Demonstration_Protesters_2_213
82
365 304 72 101 0.845
590 547 67 80 0.834
960 591 53 70 0.813
753 540 40 52 0.809
843 703 64 64 0.763
525 469 21 28 0.757
50 399 11 15 0.578
0 422 9 16 0.524
120 456 20 25 0.512
66 420 16 19 0.512
68 393 10 12 0.390
496 476 13 23 0.372
20 404 11 14 0.359
998 379 9 11 0.281
269 296 45 60 0.279
710 377 7 8 0.250
24 419 11 14 0.234
680 375 7 9 0.208
0 399 8 12 0.182
770 610 44 55 0.178
98 399 11 14 0.168
845 377 8 10 0.162
950 378 9 11 0.158
102 404 11 14 0.157
249 295 56 69 0.138
106 407 11 13 0.111
888 376 9 10 0.109
911 649 18 29 0.107
970 381 8 9 0.105
1 420 11 16 0.103
1 437 8 18 0.094
0 415 8 17 0.081
922 378 7 9 0.080
809 386 8 9 0.078
682 376 7 8 0.072
812 387 8 9 0.068
29 418 11 14 0.067
71 425 13 17 0.049
44 395 10 12 0.047
578 100 9 11 0.046
55 571 22 30 0.043
947 380 10 12 0.042
790 398 7 8 0.040
24 387 9 10 0.036
95 396 9 12 0.035
100 397 9 11 0.033
848 377 8 10 0.030
616 382 7 8 0.029
126 427 10 12 0.028
66 390 9 11 0.027
5 469 15 25 0.026
906 393 9 10 0.026
0 395 7 12 0.025
715 376 7 8 0.025
853 387 8 9 0.022
116 466 18 22 0.022
34 716 145 52 0.021
103 412 12 15 0.020
951 387 9 12 0.020
649 214 24 33 0.019
501 477 15 22 0.019
821 388 8 10 0.019
992 395 8 10 0.019
773 378 8 9 0.018
638 45 12 13 0.017
1008 629 15 33 0.017
610 385 7 8 0.016
490 478 14 23 0.016
24 425 12 15 0.016
123 426 11 14 0.015
843 380 9 11 0.015
882 383 9 12 0.015
902 386 10 11 0.012
108 403 9 12 0.012
773 382 9 10 0.012
72 418 13 17 0.012
1 462 8 20 0.011
900 381 8 11 0.011
607 388 6 7 0.011
47 493 15 23 0.011
884 376 9 11 0.011
857 389 8 10 0.010
