2_Demonstration_Demonstrators_2_309
41
814 286 46 59 0.819
990 380 34 50 0.818
152 234 20 21 0.666
136 263 24 31 0.658
443 171 114 140 0.594
82 230 21 26 0.566
230 297 48 54 0.461
298 265 9 10 0.439
964 378 12 14 0.324
32 223 13 16 0.296
932 365 10 12 0.238
913 354 10 13 0.130
190 258 12 19 0.125
1 263 7 17 0.053
960 395 15 18 0.039
187 256 12 17 0.035
933 369 9 12 0.031
963 386 13 18 0.028
64 213 12 14 0.028
952 307 10 11 0.028
909 354 10 12 0.023
969 378 11 13 0.023
123 261 21 29 0.021
251 306 35 50 0.020
11 251 10 13 0.019
239 284 45 55 0.018
3 262 10 15 0.017
3 258 8 12 0.016
989 317 7 8 0.015
386 258 48 51 0.014
337 257 8 10 0.013
397 265 52 61 0.013
962 396 17 24 0.013
119 263 15 22 0.012
507 191 52 73 0.012
413 278 36 41 0.011
501 301 20 24 0.011
959 394 11 14 0.011
0 196 7 15 0.011
957 307 9 11 0.010
0 262 12 23 0.010
