2_Demonstration_Demonstration_Or_Protest_2_360
408
857 600 65 71 0.849
513 599 42 56 0.829
653 618 49 55 0.813
619 591 28 37 0.775
953 581 52 60 0.709
501 553 20 25 0.692
476 575 27 36 0.682
559 646 56 36 0.679
616 547 21 25 0.679
782 550 21 27 0.662
320 563 19 24 0.652
776 585 28 33 0.648
665 542 18 21 0.635
538 540 19 22 0.631
787 623 37 40 0.628
584 556 23 27 0.628
799 529 15 20 0.616
682 561 27 32 0.615
326 643 40 42 0.601
520 529 11 13 0.591
558 567 20 25 0.587
646 570 16 22 0.564
146 601 27 34 0.545
597 535 15 18 0.520
368 578 17 20 0.520
339 554 13 17 0.519
73 637 39 48 0.516
205 626 40 43 0.469
819 535 18 21 0.461
390 629 43 50 0.422
372 559 13 16 0.409
433 596 22 26 0.397
683 529 11 12 0.380
958 530 15 20 0.378
344 588 22 23 0.375
43 626 30 36 0.368
750 534 10 12 0.353
612 534 11 13 0.310
906 517 13 15 0.306
384 545 9 10 0.281
442 660 38 26 0.276
324 627 27 34 0.268
277 544 9 12 0.264
756 572 19 25 0.262
770 530 10 12 0.243
911 574 30 38 0.234
577 536 12 14 0.233
433 557 10 12 0.233
137 549 14 17 0.229
866 524 12 15 0.226
332 542 8 10 0.223
151 571 16 19 0.222
168 548 13 15 0.218
307 556 9 14 0.216
438 576 14 19 0.213
278 565 11 13 0.212
104 592 22 26 0.204
717 537 11 14 0.201
813 580 29 35 0.198
419 544 8 10 0.197
765 555 15 17 0.196
401 550 10 12 0.195
582 523 8 10 0.192
194 634 34 41 0.191
394 562 13 16 0.190
639 541 11 13 0.186
154 536 10 12 0.186
251 562 16 22 0.177
454 545 13 16 0.172
146 570 16 18 0.166
883 528 11 13 0.164
864 523 11 14 0.164
779 517 7 8 0.156
30 568 17 20 0.153
56 643 36 41 0.151
333 493 6 7 0.148
75 573 19 23 0.145
368 536 8 8 0.145
348 594 25 27 0.142
816 522 9 11 0.142
420 534 8 9 0.138
1003 551 16 21 0.137
692 592 23 28 0.136
759 561 18 23 0.135
568 529 8 10 0.134
457 547 14 16 0.132
254 559 13 16 0.131
826 532 14 16 0.129
90 548 11 13 0.126
134 548 12 15 0.116
300 537 7 8 0.112
755 565 18 24 0.111
104 550 13 16 0.109
122 527 10 12 0.109
690 536 14 16 0.108
465 515 7 9 0.108
917 547 16 19 0.105
630 519 6 8 0.105
727 554 17 23 0.105
192 527 9 12 0.105
534 537 14 17 0.102
209 667 36 27 0.102
326 624 21 26 0.102
435 583 18 22 0.102
1014 514 8 11 0.101
477 556 12 15 0.100
435 563 11 15 0.098
523 527 8 11 0.094
489 538 9 11 0.094
714 529 10 13 0.089
651 530 9 10 0.089
992 557 24 26 0.088
685 528 14 16 0.087
42 542 9 11 0.084
984 657 41 70 0.083
364 561 13 16 0.083
651 527 8 9 0.082
57 527 7 9 0.082
171 545 11 14 0.081
995 559 26 36 0.081
540 518 8 8 0.080
215 570 23 26 0.079
7 529 8 10 0.078
36 565 18 21 0.078
897 513 7 9 0.077
718 573 19 25 0.077
668 529 11 10 0.076
961 528 11 15 0.075
922 571 25 38 0.074
10 528 8 10 0.074
361 524 6 7 0.073
173 617 24 32 0.073
640 545 14 18 0.073
316 534 7 9 0.072
274 547 10 12 0.070
386 545 11 12 0.068
614 555 21 24 0.067
564 534 11 13 0.067
581 527 9 11 0.066
348 539 7 9 0.065
279 543 8 10 0.065
885 512 7 8 0.065
308 553 9 12 0.064
526 516 6 7 0.064
561 531 9 11 0.064
768 536 13 17 0.063
390 575 17 22 0.063
317 528 8 11 0.063
366 540 8 10 0.063
851 538 13 17 0.062
713 538 14 16 0.062
438 645 30 35 0.062
788 592 36 45 0.062
688 447 74 101 0.061
486 515 6 8 0.061
500 536 8 10 0.060
191 513 6 7 0.060
415 588 16 21 0.060
1009 547 14 19 0.059
48 630 36 40 0.059
11 541 9 12 0.058
833 527 10 12 0.057
883 546 15 19 0.055
69 577 20 23 0.054
108 547 10 13 0.053
359 523 6 8 0.053
45 543 10 12 0.053
169 534 9 10 0.052
93 518 6 7 0.052
47 594 21 24 0.051
320 526 7 8 0.051
546 521 7 8 0.050
12 527 8 9 0.050
626 529 10 11 0.050
689 529 9 12 0.049
911 549 19 22 0.049
502 520 7 8 0.048
715 533 10 13 0.048
187 513 7 7 0.048
570 607 33 34 0.048
415 556 13 14 0.048
819 573 26 30 0.047
591 532 11 13 0.047
483 511 7 7 0.046
648 525 8 9 0.046
157 535 10 12 0.046
25 526 7 9 0.046
303 561 11 14 0.046
722 538 11 14 0.045
1010 515 9 12 0.045
319 548 12 14 0.044
521 532 13 15 0.044
8 643 23 36 0.043
813 508 8 9 0.043
611 525 7 9 0.043
388 514 6 7 0.042
658 538 13 17 0.042
215 620 34 37 0.041
815 541 19 22 0.041
81 570 17 21 0.041
803 499 6 7 0.040
444 551 11 14 0.040
65 607 23 24 0.040
881 511 7 8 0.040
15 646 26 36 0.039
349 502 6 7 0.039
41 557 14 16 0.039
246 568 18 22 0.038
78 525 8 10 0.038
58 529 7 9 0.038
887 544 14 15 0.038
318 526 7 8 0.037
422 528 7 8 0.037
442 514 7 7 0.037
144 515 6 8 0.037
445 514 7 9 0.036
28 586 14 20 0.036
403 535 8 9 0.035
135 506 6 8 0.035
103 519 7 8 0.035
0 571 8 22 0.035
441 573 14 18 0.034
985 563 21 25 0.034
57 524 7 8 0.034
197 529 7 11 0.033
483 517 6 8 0.033
143 518 7 8 0.033
711 526 7 9 0.033
106 518 6 7 0.033
1005 559 16 25 0.033
256 555 11 12 0.032
125 606 20 25 0.032
775 514 7 7 0.032
616 570 18 23 0.032
188 573 16 21 0.031
135 504 5 7 0.031
81 506 6 7 0.030
228 552 11 13 0.030
57 659 30 30 0.029
154 574 17 20 0.029
335 635 39 45 0.029
483 542 9 12 0.029
509 535 12 16 0.028
502 508 5 7 0.028
444 533 7 9 0.028
451 503 6 7 0.028
411 586 15 21 0.028
891 527 11 13 0.028
687 508 6 6 0.028
222 552 14 16 0.028
48 552 12 14 0.027
393 581 19 24 0.027
450 649 42 35 0.027
898 510 9 11 0.026
44 574 17 21 0.026
337 526 6 8 0.026
480 505 5 7 0.026
997 529 13 16 0.026
501 506 6 7 0.025
37 590 19 24 0.025
44 514 6 7 0.025
58 545 10 12 0.025
126 525 9 12 0.024
167 516 6 7 0.024
25 595 19 22 0.024
540 519 9 11 0.024
540 501 5 6 0.024
140 570 21 25 0.024
762 523 7 8 0.024
1 557 9 16 0.024
423 562 13 15 0.024
81 508 6 7 0.024
17 604 17 21 0.023
446 535 9 11 0.023
222 550 11 12 0.023
38 542 9 11 0.023
188 511 9 10 0.023
515 514 6 7 0.022
165 518 7 9 0.022
449 509 6 8 0.022
812 507 7 8 0.022
559 561 16 20 0.022
379 636 33 44 0.022
669 474 77 103 0.022
163 520 7 8 0.021
706 550 17 19 0.021
115 511 6 7 0.021
854 522 9 10 0.021
459 548 16 20 0.021
29 633 38 46 0.021
191 518 9 11 0.021
185 515 6 8 0.021
983 593 36 43 0.020
871 552 19 23 0.020
460 528 8 11 0.020
601 596 18 24 0.020
24 569 13 17 0.020
399 498 6 7 0.020
377 517 5 6 0.019
799 507 6 8 0.019
866 561 19 22 0.019
528 504 5 7 0.019
838 531 11 14 0.019
216 580 20 22 0.019
369 556 20 23 0.019
18 518 6 7 0.019
400 500 6 7 0.018
255 599 26 30 0.018
527 565 15 20 0.018
410 513 7 7 0.018
804 497 7 8 0.018
971 506 7 9 0.018
405 640 41 44 0.018
44 518 7 8 0.018
179 623 26 35 0.017
434 605 23 33 0.017
46 643 33 42 0.017
975 538 15 18 0.017
868 359 75 65 0.017
795 515 7 9 0.017
749 525 8 10 0.017
186 569 14 19 0.017
391 486 6 7 0.017
461 516 9 11 0.017
104 530 8 9 0.016
102 581 18 21 0.016
951 532 14 17 0.016
912 519 10 12 0.016
878 368 54 42 0.016
1005 533 12 17 0.016
63 548 9 12 0.016
476 532 8 10 0.015
1009 568 14 26 0.015
695 594 28 33 0.015
127 644 21 32 0.015
744 568 26 31 0.015
41 597 21 24 0.015
930 570 18 27 0.015
492 522 9 11 0.015
925 529 11 13 0.015
94 529 7 9 0.015
427 582 15 21 0.015
314 482 6 7 0.015
802 502 9 10 0.014
2 512 6 8 0.014
564 615 36 35 0.014
423 516 6 7 0.014
386 582 18 22 0.014
195 656 37 31 0.014
808 548 17 22 0.014
450 665 24 22 0.014
415 518 7 8 0.014
568 528 12 15 0.014
858 543 16 20 0.014
137 499 6 7 0.013
158 516 7 8 0.013
888 546 17 20 0.013
647 527 12 14 0.013
390 487 6 8 0.013
86 551 12 15 0.013
277 570 15 19 0.013
206 515 5 7 0.013
301 615 15 20 0.013
762 595 19 26 0.013
448 588 29 35 0.013
988 506 7 9 0.013
321 512 5 8 0.013
568 516 5 6 0.012
127 623 21 33 0.012
63 627 28 34 0.012
88 519 9 11 0.012
153 550 14 15 0.012
110 581 16 19 0.012
473 620 27 36 0.012
63 652 43 42 0.012
316 484 5 6 0.012
397 496 8 10 0.012
404 561 12 15 0.012
432 619 24 35 0.012
713 579 20 26 0.012
350 601 27 32 0.012
359 599 20 25 0.012
203 519 6 8 0.012
998 493 6 7 0.012
79 507 9 11 0.011
533 566 15 19 0.011
499 508 8 10 0.011
191 582 16 21 0.011
464 510 8 10 0.011
30 516 6 6 0.011
683 555 37 47 0.011
194 645 23 29 0.011
314 479 5 7 0.011
210 567 18 22 0.011
11 577 13 23 0.011
641 508 5 7 0.010
711 631 37 45 0.010
375 519 6 7 0.010
694 506 4 5 0.010
190 538 10 14 0.010
313 489 6 7 0.010
72 569 15 20 0.010
444 669 27 25 0.010
353 508 5 7 0.010
425 497 6 7 0.010
318 508 6 7 0.010
451 540 20 26 0.010
554 504 5 6 0.010
