2_Demonstration_Political_Rally_2_791
213
593 33 70 94 0.861
649 271 71 91 0.860
546 297 69 93 0.853
396 348 64 83 0.840
206 408 75 93 0.838
779 364 66 85 0.830
402 134 60 87 0.808
955 510 30 30 0.752
22 544 34 40 0.744
489 541 38 36 0.732
331 542 39 37 0.713
824 541 38 40 0.681
623 501 23 30 0.664
58 439 20 24 0.662
1003 409 20 25 0.653
42 469 24 29 0.652
924 492 21 27 0.650
323 470 27 31 0.649
941 550 32 32 0.646
589 481 19 28 0.634
400 527 29 35 0.626
993 520 27 31 0.619
861 522 26 35 0.615
128 525 24 28 0.581
739 538 36 37 0.567
857 493 20 27 0.532
654 493 26 30 0.532
963 429 21 26 0.499
15 509 21 30 0.494
1006 494 19 32 0.449
315 434 20 24 0.439
475 520 24 28 0.435
38 395 15 18 0.422
45 517 23 27 0.379
27 452 18 20 0.352
82 393 20 25 0.351
667 536 38 41 0.340
987 569 33 27 0.338
85 517 25 29 0.334
689 478 18 24 0.319
679 521 28 38 0.319
714 439 15 18 0.295
1016 465 8 25 0.275
103 452 16 23 0.258
161 560 33 34 0.256
58 537 30 37 0.254
376 537 20 25 0.244
945 327 16 19 0.244
616 472 17 22 0.225
961 337 16 20 0.209
91 486 25 28 0.208
1013 467 11 33 0.176
310 476 19 26 0.174
87 480 20 25 0.172
65 570 32 26 0.145
1017 369 7 22 0.143
939 350 15 20 0.134
669 430 12 16 0.134
333 403 20 24 0.132
41 428 16 19 0.123
654 427 12 14 0.122
971 385 18 20 0.121
909 288 17 25 0.110
996 345 16 21 0.101
909 540 30 31 0.101
347 504 18 23 0.098
639 475 15 17 0.095
947 465 14 25 0.092
981 392 19 22 0.092
949 330 16 20 0.090
558 567 54 30 0.088
320 393 23 29 0.087
975 388 18 22 0.076
956 334 17 20 0.073
648 487 20 24 0.072
453 486 18 23 0.064
1013 338 11 18 0.063
978 306 13 18 0.062
623 447 10 12 0.060
341 406 18 22 0.060
32 364 12 17 0.060
56 367 15 19 0.059
85 469 17 23 0.058
681 449 12 16 0.056
286 509 24 27 0.056
60 528 24 34 0.054
404 489 21 23 0.053
395 490 28 27 0.052
950 258 20 25 0.050
310 431 20 26 0.050
701 472 18 24 0.049
996 508 25 35 0.049
706 519 22 35 0.048
993 341 15 18 0.048
71 363 15 18 0.046
802 534 29 35 0.045
138 448 16 19 0.045
17 10 117 218 0.044
0 498 16 23 0.043
644 477 19 22 0.042
443 489 19 27 0.042
1004 354 13 24 0.042
649 463 18 21 0.042
896 489 17 23 0.042
887 515 21 30 0.039
64 532 36 46 0.039
329 398 17 20 0.038
647 492 39 46 0.037
1000 340 13 19 0.036
39 423 17 19 0.036
1010 341 10 22 0.036
27 316 11 15 0.035
315 387 20 26 0.035
53 322 13 14 0.034
434 498 17 25 0.034
862 568 36 26 0.033
621 450 12 16 0.033
108 448 16 21 0.032
469 422 24 29 0.032
810 325 12 13 0.032
700 481 17 24 0.032
340 462 19 24 0.031
315 555 30 22 0.031
891 230 11 13 0.030
383 497 20 24 0.030
334 369 14 17 0.027
299 193 60 75 0.027
497 438 13 19 0.027
952 248 20 25 0.026
102 488 20 25 0.026
77 359 14 17 0.025
687 510 16 23 0.025
87 350 13 16 0.024
667 398 7 8 0.023
90 395 17 24 0.023
1 281 10 40 0.022
629 486 38 44 0.022
84 476 19 24 0.022
674 549 37 30 0.021
34 361 14 18 0.021
702 522 19 27 0.021
32 315 11 14 0.021
371 542 25 30 0.020
966 379 17 21 0.020
610 469 14 19 0.020
503 538 31 34 0.020
870 518 23 35 0.019
0 268 6 22 0.019
975 380 17 20 0.019
83 343 13 16 0.018
958 417 15 20 0.018
19 260 13 16 0.018
16 259 10 21 0.018
831 484 24 29 0.018
346 403 16 19 0.018
387 491 23 24 0.017
998 353 16 22 0.017
908 482 15 18 0.017
1015 282 9 17 0.017
893 231 16 18 0.016
858 306 14 18 0.016
639 483 19 24 0.016
96 522 25 29 0.016
68 528 22 28 0.016
88 356 13 16 0.016
313 395 19 25 0.016
74 392 15 19 0.015
704 445 13 15 0.015
478 426 21 27 0.015
387 251 9 10 0.015
756 524 29 39 0.015
966 507 36 43 0.015
751 534 30 37 0.015
309 382 40 51 0.015
978 50 39 51 0.015
416 582 53 15 0.015
114 517 19 24 0.014
851 496 21 26 0.014
707 467 15 21 0.014
82 498 36 46 0.014
19 317 13 25 0.014
367 254 5 8 0.014
38 312 11 13 0.014
1012 314 10 18 0.014
702 489 18 25 0.013
10 328 15 21 0.013
664 491 19 26 0.013
436 506 15 23 0.013
468 322 10 14 0.013
348 370 14 18 0.013
881 304 17 22 0.013
65 360 15 19 0.012
304 206 41 45 0.012
32 418 14 19 0.012
900 484 16 21 0.012
315 477 22 26 0.012
645 456 17 20 0.012
53 314 14 17 0.011
1004 311 12 17 0.011
982 510 25 28 0.011
430 481 17 22 0.011
906 235 15 18 0.011
34 423 15 19 0.011
886 432 13 19 0.011
1017 381 8 21 0.011
965 342 15 19 0.011
483 528 31 32 0.011
21 315 11 15 0.011
913 481 16 22 0.011
59 495 17 21 0.010
985 303 13 18 0.010
884 426 14 20 0.010
92 354 12 16 0.010
