2_Demonstration_Demonstrators_2_306
56
212 368 9 12 0.292
271 366 9 11 0.286
0 380 7 11 0.279
169 333 10 12 0.187
236 372 9 11 0.148
24 369 8 10 0.140
247 372 8 10 0.128
564 189 68 70 0.119
165 424 10 13 0.114
38 374 8 9 0.110
190 361 10 14 0.108
242 371 9 10 0.101
65 374 9 10 0.083
207 392 10 12 0.082
27 371 9 10 0.064
112 415 12 15 0.064
140 406 14 20 0.053
161 419 12 15 0.053
214 370 10 12 0.052
30 371 9 10 0.050
17 372 8 11 0.049
93 369 10 11 0.048
143 411 13 18 0.046
91 370 8 10 0.044
98 369 9 10 0.040
63 372 8 9 0.033
87 369 7 9 0.032
343 459 15 19 0.031
335 374 9 12 0.031
272 369 9 11 0.030
41 378 9 12 0.029
5 354 8 10 0.025
90 368 8 9 0.023
246 367 9 10 0.023
57 363 7 9 0.020
151 414 12 16 0.019
0 403 7 16 0.019
199 422 9 14 0.015
169 421 11 14 0.015
197 426 9 12 0.014
137 410 14 19 0.014
154 360 7 10 0.013
164 415 10 13 0.013
0 482 15 21 0.013
247 396 10 12 0.013
82 368 7 8 0.012
374 506 15 20 0.012
237 370 12 15 0.012
333 373 8 10 0.011
336 376 10 15 0.011
240 378 10 12 0.011
61 363 7 8 0.011
4 360 9 12 0.011
62 329 8 8 0.011
212 297 6 8 0.010
48 376 9 11 0.010
