2_Demonstration_Political_Rally_2_341
34
129 341 20 26 0.756
567 331 22 27 0.711
473 354 15 21 0.685
62 368 13 16 0.679
507 344 16 27 0.661
207 362 14 16 0.659
182 353 17 19 0.643
402 361 12 15 0.611
868 337 17 22 0.524
795 336 14 18 0.514
111 348 14 20 0.464
236 368 9 11 0.433
118 345 17 23 0.247
862 335 18 24 0.072
240 366 9 12 0.045
801 335 15 19 0.042
992 380 19 23 0.040
857 339 18 22 0.039
917 441 28 40 0.039
107 348 12 16 0.034
922 315 10 14 0.033
238 391 8 10 0.033
44 376 8 9 0.032
418 367 9 12 0.031
235 364 10 12 0.030
583 458 30 36 0.024
412 366 11 13 0.020
674 60 56 64 0.019
920 317 10 15 0.018
47 373 10 13 0.015
184 377 15 18 0.015
856 349 17 19 0.014
852 342 17 21 0.013
185 358 16 18 0.013
