2_Demonstration_Political_Rally_2_90
59
540 269 53 76 0.772
788 380 22 27 0.731
922 378 12 16 0.623
113 359 12 16 0.574
201 355 12 15 0.573
876 379 11 15 0.539
63 320 11 15 0.529
25 315 11 14 0.527
298 363 12 15 0.509
155 362 11 14 0.406
40 370 13 16 0.397
237 379 12 15 0.397
196 335 11 13 0.343
234 355 11 14 0.231
327 368 12 15 0.200
73 298 11 14 0.149
330 370 12 15 0.121
232 381 12 15 0.114
9 326 10 13 0.100
161 344 11 11 0.089
258 354 11 15 0.087
372 371 10 13 0.086
218 386 12 15 0.081
324 371 11 15 0.058
374 370 11 12 0.056
5 327 10 12 0.048
334 375 12 15 0.046
303 361 11 15 0.046
343 379 11 15 0.043
364 373 13 15 0.042
958 330 8 9 0.034
80 371 11 14 0.032
188 369 11 13 0.030
127 313 12 14 0.028
161 363 11 14 0.027
939 408 9 12 0.027
1011 388 12 15 0.025
359 378 12 14 0.024
192 334 11 14 0.023
39 349 10 13 0.023
235 351 11 13 0.022
330 360 12 15 0.022
154 367 11 14 0.022
824 374 10 13 0.021
231 356 10 14 0.021
394 360 10 13 0.020
47 372 12 15 0.017
850 394 14 14 0.017
186 372 11 14 0.016
920 374 12 16 0.015
0 358 8 16 0.014
28 311 11 14 0.014
221 380 11 14 0.014
201 335 10 13 0.013
956 329 7 9 0.012
154 383 10 15 0.012
456 417 9 10 0.011
408 422 9 12 0.011
984 288 9 13 0.010
