2_Demonstration_Demonstration_Or_Protest_2_604
73
405 136 56 71 0.808
95 164 47 62 0.805
656 123 60 104 0.775
284 36 83 114 0.749
538 136 21 25 0.634
468 149 15 20 0.601
171 171 24 29 0.568
519 95 12 15 0.508
72 133 14 17 0.478
41 127 14 17 0.427
564 95 10 12 0.409
14 134 12 13 0.384
37 207 18 25 0.377
15 178 23 32 0.332
819 392 151 177 0.292
104 131 13 16 0.275
698 109 25 32 0.253
87 118 11 13 0.179
387 150 12 18 0.177
483 96 11 13 0.134
476 189 16 20 0.113
364 137 13 17 0.107
20 174 20 28 0.101
316 164 25 27 0.087
562 144 14 20 0.079
8 169 33 48 0.060
8 223 20 29 0.056
5 230 21 30 0.054
94 136 14 16 0.051
89 140 13 15 0.051
690 102 35 49 0.046
685 107 30 35 0.046
376 141 14 19 0.046
776 108 20 22 0.040
3 156 15 20 0.037
326 164 19 23 0.036
459 125 12 15 0.035
742 113 15 17 0.035
4 161 16 21 0.033
14 221 16 21 0.032
676 110 48 84 0.032
159 171 16 22 0.029
23 167 15 23 0.029
706 111 18 25 0.027
356 138 15 22 0.027
162 166 18 23 0.026
8 170 15 21 0.026
310 171 20 23 0.025
481 95 10 12 0.024
390 154 14 22 0.023
304 179 18 23 0.021
368 139 13 17 0.021
33 111 10 12 0.021
483 100 11 14 0.020
474 149 14 19 0.019
4 240 21 29 0.018
10 129 11 13 0.018
733 88 12 15 0.017
383 145 23 33 0.017
37 126 11 14 0.016
563 92 10 11 0.016
162 162 33 44 0.015
153 157 14 19 0.015
474 108 12 15 0.014
463 122 13 16 0.014
313 71 54 83 0.014
351 166 19 29 0.013
475 118 14 17 0.013
806 165 29 39 0.012
385 145 13 18 0.011
520 91 11 13 0.011
12 138 13 16 0.010
495 10 10 12 0.010
