2_Demonstration_Political_Rally_2_406
32
508 698 59 70 0.866
617 619 142 149 0.845
493 581 22 30 0.823
559 612 39 51 0.821
251 546 21 27 0.797
264 596 93 115 0.793
801 621 174 148 0.784
125 588 24 28 0.782
69 556 20 23 0.755
139 560 22 26 0.748
747 336 14 18 0.657
327 546 18 27 0.653
389 624 38 58 0.650
775 591 40 52 0.583
208 629 23 24 0.582
251 611 28 49 0.493
16 662 50 101 0.334
0 143 47 109 0.299
809 359 10 14 0.165
161 651 29 48 0.118
249 604 46 66 0.094
1 583 18 25 0.092
41 666 21 47 0.037
29 660 34 74 0.033
3 576 16 22 0.022
19 612 22 33 0.020
218 628 20 24 0.020
687 549 21 22 0.016
382 580 23 24 0.016
35 690 36 60 0.014
775 643 82 126 0.013
789 418 12 21 0.013
