2_Demonstration_Political_Rally_2_22
32
77 384 102 122 0.840
578 474 53 68 0.789
381 332 59 90 0.755
862 401 53 83 0.751
456 382 21 25 0.746
575 411 23 31 0.681
427 442 20 29 0.666
764 359 32 44 0.515
448 423 16 19 0.250
715 429 21 32 0.232
1011 395 12 22 0.149
599 411 22 32 0.148
0 238 7 11 0.101
586 412 25 31 0.092
481 519 36 46 0.061
444 426 14 21 0.060
300 419 22 31 0.057
487 227 7 8 0.049
562 361 18 33 0.047
721 430 24 37 0.039
761 371 31 45 0.036
504 228 7 8 0.033
502 229 7 8 0.032
200 77 67 82 0.028
432 386 13 18 0.021
770 369 23 30 0.020
495 227 9 10 0.019
297 410 34 48 0.015
362 163 7 9 0.015
442 417 17 21 0.014
758 387 26 37 0.012
555 370 22 34 0.010
