2_Demonstration_Demonstration_Or_Protest_2_895
260
674 332 32 41 0.794
487 352 52 65 0.774
24 285 20 24 0.718
277 306 21 29 0.689
633 338 29 39 0.673
68 283 17 20 0.662
374 319 21 28 0.633
139 271 15 19 0.606
805 304 21 26 0.601
300 310 17 22 0.601
609 280 13 16 0.537
199 273 13 15 0.537
416 279 13 15 0.528
967 305 15 19 0.510
114 285 16 19 0.504
615 330 22 31 0.491
206 370 24 42 0.481
423 311 17 31 0.480
341 279 13 15 0.476
522 292 13 16 0.465
0 281 11 18 0.451
994 324 19 23 0.424
256 267 10 12 0.402
868 322 15 19 0.400
386 274 11 13 0.398
807 338 21 29 0.396
678 276 10 12 0.385
136 315 23 24 0.338
368 267 10 12 0.335
298 292 16 19 0.333
531 275 11 13 0.329
47 297 19 23 0.319
977 271 9 10 0.314
729 278 9 11 0.307
833 293 15 16 0.307
57 268 12 15 0.304
926 309 13 15 0.297
924 285 13 15 0.297
206 301 17 21 0.284
462 305 20 26 0.275
452 301 15 21 0.274
710 282 9 12 0.256
641 334 35 43 0.250
275 289 15 17 0.240
1018 294 6 19 0.237
464 300 17 22 0.227
211 308 19 23 0.222
748 298 16 20 0.210
780 262 7 9 0.206
454 288 13 17 0.204
303 276 12 14 0.175
943 270 7 9 0.169
889 269 8 10 0.164
227 316 19 24 0.164
465 311 22 27 0.149
856 287 10 12 0.148
830 255 8 9 0.145
331 287 14 16 0.139
120 259 10 13 0.133
838 345 24 29 0.131
669 259 8 9 0.128
591 267 8 9 0.126
155 283 11 15 0.123
834 353 26 34 0.122
945 269 8 10 0.122
371 270 10 12 0.122
668 296 12 16 0.121
549 301 17 21 0.120
885 268 9 12 0.117
911 261 9 10 0.115
63 427 68 82 0.114
708 259 8 9 0.114
620 266 9 10 0.106
829 360 26 34 0.103
144 275 14 17 0.101
493 260 8 11 0.100
196 255 8 9 0.099
569 278 11 13 0.089
799 259 7 8 0.088
781 352 18 29 0.084
510 266 9 10 0.084
214 283 14 16 0.083
565 280 12 15 0.083
301 283 13 16 0.082
523 244 7 7 0.082
551 251 7 8 0.080
829 292 14 16 0.080
681 275 10 13 0.079
812 257 8 9 0.077
732 276 10 12 0.077
881 268 9 10 0.073
617 262 7 10 0.069
276 256 7 9 0.067
329 292 15 18 0.065
66 309 14 18 0.065
940 271 9 11 0.064
752 400 41 79 0.064
134 253 9 10 0.063
257 292 12 16 0.062
890 282 9 10 0.061
312 280 10 12 0.060
303 253 9 10 0.058
595 267 7 9 0.057
460 273 8 10 0.057
612 257 7 8 0.056
751 302 17 21 0.055
298 271 10 11 0.054
483 278 11 14 0.054
802 277 8 10 0.053
271 293 14 19 0.053
667 258 7 9 0.053
760 300 11 17 0.052
54 304 17 20 0.052
455 283 10 14 0.051
850 285 10 12 0.049
273 288 12 15 0.049
562 278 10 12 0.048
223 311 18 22 0.048
472 259 9 11 0.048
914 264 9 9 0.048
575 267 9 11 0.048
751 331 21 30 0.047
156 267 11 13 0.047
293 266 8 10 0.047
633 289 12 14 0.046
238 254 7 9 0.044
124 265 11 13 0.043
193 255 8 9 0.043
820 253 7 8 0.043
429 311 12 19 0.042
46 414 66 81 0.041
158 280 11 14 0.040
543 287 12 16 0.040
458 280 10 13 0.040
585 357 28 32 0.039
557 264 9 11 0.039
821 311 15 18 0.039
255 264 9 11 0.039
748 262 8 8 0.038
572 281 13 15 0.038
873 283 10 12 0.038
573 268 9 12 0.037
157 252 7 8 0.037
609 332 20 28 0.036
574 353 23 31 0.036
860 261 8 9 0.036
676 279 12 15 0.036
850 260 7 9 0.035
956 266 8 10 0.033
86 436 47 62 0.033
414 252 6 8 0.032
254 291 12 16 0.032
800 302 18 23 0.032
712 283 10 13 0.032
793 253 6 8 0.032
228 319 23 29 0.031
824 367 27 33 0.030
132 255 9 10 0.030
3 256 8 12 0.030
859 292 12 14 0.030
417 318 19 27 0.029
558 259 8 9 0.028
833 340 22 26 0.028
893 282 10 12 0.028
126 260 11 13 0.027
808 337 34 46 0.026
529 251 8 8 0.026
466 320 21 25 0.026
364 270 10 12 0.026
922 315 17 22 0.026
537 288 12 16 0.026
987 310 17 20 0.026
914 278 10 12 0.026
497 261 10 12 0.025
897 312 10 13 0.025
596 284 12 16 0.024
1014 304 10 19 0.024
111 280 14 17 0.024
863 255 9 10 0.024
240 255 8 9 0.024
27 401 50 70 0.024
245 345 24 29 0.023
903 313 13 16 0.023
158 253 8 9 0.023
154 348 26 42 0.023
636 270 9 10 0.023
992 258 7 8 0.023
387 270 10 12 0.022
844 323 18 22 0.022
146 357 29 41 0.022
629 293 13 15 0.022
219 314 23 27 0.022
297 260 10 11 0.022
301 252 9 10 0.022
819 344 36 46 0.021
525 298 14 18 0.021
578 264 9 10 0.021
177 288 11 17 0.021
597 358 22 31 0.021
764 300 10 14 0.020
942 257 7 8 0.020
886 266 9 9 0.020
915 260 8 8 0.020
1015 291 11 19 0.020
472 290 14 17 0.020
340 277 9 12 0.019
274 289 19 25 0.019
907 260 7 8 0.019
663 298 14 18 0.019
406 287 13 16 0.018
524 242 6 7 0.018
867 329 17 21 0.018
428 265 9 10 0.018
745 302 18 23 0.017
413 276 18 24 0.017
664 292 11 16 0.017
539 250 6 8 0.016
215 376 30 40 0.016
786 252 6 7 0.016
137 317 28 31 0.015
689 301 16 20 0.015
923 307 19 24 0.015
975 557 48 114 0.015
174 280 11 14 0.015
175 295 13 18 0.015
822 262 8 10 0.015
633 273 10 12 0.015
601 243 6 7 0.015
849 340 18 24 0.015
692 260 9 10 0.015
191 265 9 12 0.014
449 188 9 12 0.014
640 280 9 12 0.014
295 313 17 22 0.014
418 255 8 10 0.014
241 262 8 11 0.014
244 258 9 11 0.014
171 286 12 16 0.014
615 252 6 8 0.013
846 316 16 21 0.013
799 270 9 10 0.013
718 259 8 9 0.013
390 273 10 12 0.013
770 252 6 7 0.013
411 272 10 13 0.012
860 303 12 14 0.012
1018 286 6 16 0.012
791 299 12 17 0.012
835 367 27 35 0.012
327 298 14 18 0.011
802 337 19 28 0.011
812 334 18 24 0.011
961 263 7 9 0.011
538 305 16 19 0.011
729 261 7 9 0.011
89 264 11 14 0.011
570 350 18 26 0.010
758 309 15 22 0.010
633 283 10 13 0.010
684 251 7 7 0.010
