2_Demonstration_Demonstration_Or_Protest_2_79
80
901 621 29 38 0.777
864 567 17 23 0.694
604 563 13 15 0.662
818 520 11 15 0.657
642 574 12 14 0.610
702 537 12 14 0.551
692 508 10 12 0.544
754 496 10 13 0.539
649 520 9 10 0.495
661 568 12 14 0.437
598 125 23 24 0.427
571 584 10 13 0.419
760 635 27 36 0.379
537 596 10 11 0.370
943 590 65 73 0.349
675 562 11 15 0.335
983 652 29 25 0.314
555 590 9 11 0.294
739 554 12 15 0.294
779 33 29 26 0.246
667 565 12 15 0.240
730 550 9 12 0.217
734 552 12 14 0.204
636 623 15 18 0.193
940 583 51 61 0.187
541 598 9 11 0.181
703 563 9 10 0.172
765 561 12 17 0.151
858 473 11 13 0.135
734 386 93 104 0.104
689 584 12 16 0.095
706 537 11 13 0.093
779 46 27 27 0.079
835 641 20 29 0.076
689 550 8 10 0.054
853 506 9 13 0.050
708 153 16 18 0.049
957 611 43 48 0.048
731 558 12 16 0.043
684 572 12 15 0.043
756 518 10 12 0.043
942 589 32 36 0.040
963 607 54 64 0.039
744 610 15 19 0.035
768 646 33 31 0.034
728 579 12 16 0.034
710 147 17 20 0.031
887 652 19 22 0.030
853 499 10 16 0.027
746 612 17 26 0.027
918 554 9 11 0.027
533 595 8 10 0.026
749 548 11 15 0.025
732 584 12 17 0.024
728 586 11 14 0.023
559 549 8 10 0.022
729 573 11 15 0.022
856 476 11 13 0.020
754 526 10 15 0.016
842 581 12 17 0.016
863 566 12 19 0.015
914 513 5 6 0.015
653 574 11 14 0.015
736 520 9 11 0.015
780 56 21 22 0.015
905 477 10 12 0.014
700 565 10 12 0.014
873 161 15 18 0.013
552 626 8 10 0.013
808 177 26 30 0.012
843 586 13 17 0.012
905 559 8 11 0.012
935 578 35 41 0.011
823 585 11 15 0.011
553 600 10 11 0.011
759 498 9 12 0.011
559 600 10 11 0.010
924 512 6 6 0.010
728 554 10 12 0.010
714 144 12 15 0.010
