2_Demonstration_Demonstrators_2_713
242
98 381 48 65 0.721
362 384 27 39 0.669
399 311 22 28 0.611
556 341 26 36 0.607
518 330 26 35 0.458
299 314 15 18 0.450
859 313 17 19 0.406
373 244 7 9 0.384
484 282 8 10 0.343
40 322 16 21 0.332
419 283 10 12 0.321
526 258 8 10 0.311
248 268 8 10 0.309
460 268 8 10 0.297
577 284 8 11 0.286
934 278 15 18 0.273
190 281 9 10 0.264
218 266 9 11 0.212
350 244 8 9 0.209
558 275 7 10 0.209
85 287 10 12 0.196
684 323 22 25 0.188
521 279 9 10 0.178
94 233 6 7 0.177
576 265 8 9 0.170
268 239 6 8 0.163
327 241 9 10 0.162
430 256 6 8 0.158
432 257 6 8 0.155
605 267 7 8 0.154
593 293 8 8 0.150
988 285 8 9 0.148
107 269 8 10 0.138
592 255 7 8 0.135
401 269 7 9 0.131
25 245 7 10 0.130
206 291 10 12 0.125
640 246 6 7 0.119
651 273 8 9 0.115
1008 280 7 9 0.114
538 280 7 10 0.112
482 258 7 8 0.112
198 254 8 10 0.111
465 377 27 34 0.111
83 289 12 15 0.104
111 234 7 8 0.104
615 275 6 8 0.103
414 268 7 8 0.101
260 285 8 10 0.097
81 273 9 11 0.095
40 271 10 12 0.092
286 261 8 10 0.088
502 265 8 11 0.084
600 273 7 9 0.082
802 271 7 8 0.081
305 306 13 17 0.075
754 294 7 9 0.075
57 233 6 7 0.074
477 269 7 9 0.071
444 273 7 10 0.070
182 238 6 8 0.070
82 277 10 14 0.069
635 263 7 8 0.069
213 278 9 11 0.068
626 279 7 8 0.068
532 260 8 9 0.068
198 248 8 9 0.065
599 278 7 8 0.065
597 293 7 8 0.065
158 237 7 8 0.064
160 236 7 8 0.062
198 251 9 10 0.060
417 270 7 9 0.059
645 296 8 10 0.059
229 252 7 9 0.058
201 229 7 8 0.057
921 311 15 18 0.057
152 265 8 11 0.057
83 238 6 7 0.056
495 245 7 8 0.056
847 264 8 9 0.053
109 238 7 9 0.052
873 263 7 8 0.050
108 234 6 7 0.050
671 264 7 9 0.050
51 239 8 9 0.049
708 270 7 8 0.048
89 236 6 8 0.046
185 272 8 10 0.046
653 271 9 10 0.045
49 241 7 9 0.045
201 228 6 7 0.044
480 257 7 7 0.043
628 277 7 9 0.042
54 235 6 8 0.041
479 259 9 10 0.041
338 294 14 17 0.041
516 279 9 11 0.040
505 276 9 11 0.040
574 264 7 8 0.040
95 279 10 13 0.040
300 306 12 16 0.040
180 254 8 10 0.040
797 268 8 9 0.039
819 295 8 9 0.039
866 308 15 19 0.039
785 283 7 7 0.038
203 227 6 8 0.037
177 253 8 10 0.037
111 231 6 7 0.036
858 319 16 17 0.036
769 272 7 7 0.036
830 263 8 8 0.035
544 259 7 9 0.035
181 240 7 9 0.035
908 289 11 14 0.035
461 290 10 12 0.034
391 285 9 11 0.034
325 246 8 11 0.034
436 296 9 11 0.034
557 314 15 18 0.034
359 231 8 9 0.034
147 257 8 12 0.032
695 268 6 8 0.032
123 262 8 10 0.031
629 297 7 9 0.031
229 254 9 11 0.031
75 309 13 15 0.030
417 285 11 15 0.030
448 277 8 10 0.030
615 275 9 11 0.030
709 267 7 9 0.029
865 263 6 8 0.029
145 251 7 10 0.029
111 275 9 12 0.029
112 246 7 9 0.029
304 300 12 15 0.028
49 237 7 8 0.028
927 309 15 18 0.028
886 265 6 7 0.028
222 250 7 9 0.027
883 265 6 7 0.027
61 281 10 12 0.026
115 278 10 13 0.026
406 275 10 12 0.026
944 308 13 17 0.026
786 280 7 9 0.026
266 210 6 7 0.026
468 249 6 8 0.026
183 235 8 9 0.026
497 243 8 9 0.025
952 308 11 15 0.025
135 238 7 8 0.025
455 267 7 9 0.025
75 269 10 14 0.025
690 271 7 8 0.025
424 300 11 17 0.025
450 291 10 11 0.024
441 300 10 13 0.024
796 271 8 9 0.024
861 264 7 8 0.024
202 251 9 11 0.024
653 269 8 9 0.023
176 247 7 9 0.023
138 238 7 8 0.023
713 257 8 8 0.023
443 302 10 13 0.022
483 310 11 16 0.021
1006 279 7 9 0.021
124 266 9 13 0.020
636 247 8 9 0.020
35 326 17 19 0.020
696 298 11 14 0.020
274 336 15 22 0.020
226 267 9 11 0.020
169 292 8 9 0.020
805 272 7 9 0.020
149 261 10 13 0.020
576 262 8 10 0.019
303 296 11 15 0.019
915 314 16 18 0.019
74 266 9 10 0.018
120 277 11 14 0.018
691 274 7 8 0.018
341 298 14 18 0.018
902 257 7 7 0.018
490 248 9 11 0.018
458 266 12 14 0.018
396 376 21 35 0.018
469 373 21 26 0.017
397 291 11 13 0.017
233 286 9 10 0.017
56 230 5 7 0.017
892 304 13 17 0.016
476 363 26 30 0.016
85 304 14 16 0.015
909 265 7 7 0.015
543 261 8 10 0.015
279 254 8 10 0.015
623 296 7 8 0.015
903 260 6 7 0.015
296 318 16 19 0.014
274 246 7 9 0.014
712 255 7 8 0.014
704 331 17 22 0.014
910 267 6 8 0.014
901 269 6 7 0.014
670 400 23 26 0.014
43 306 13 17 0.013
395 271 8 11 0.013
385 370 22 35 0.013
52 213 6 7 0.013
367 369 26 40 0.013
40 194 5 6 0.013
113 231 6 7 0.013
104 237 9 10 0.013
69 258 9 11 0.012
256 280 8 10 0.012
146 249 9 11 0.012
962 271 7 9 0.012
987 282 11 14 0.012
225 225 6 7 0.012
823 268 7 8 0.012
551 311 20 27 0.012
715 256 7 8 0.012
611 267 6 8 0.012
817 300 10 13 0.012
818 297 9 12 0.012
469 382 31 37 0.012
279 277 9 11 0.011
702 285 10 12 0.011
233 242 7 8 0.011
235 278 8 11 0.011
783 287 7 8 0.011
908 286 8 10 0.011
246 266 12 13 0.011
311 306 12 16 0.011
679 331 18 22 0.011
334 236 9 10 0.011
929 253 6 7 0.011
296 254 7 9 0.011
38 195 6 6 0.010
