2_Demonstration_Demonstration_Or_Protest_2_914
106
258 31 40 50 0.817
51 336 16 20 0.733
79 71 22 27 0.720
833 352 17 19 0.710
902 107 14 18 0.708
911 348 16 22 0.689
378 317 12 17 0.686
778 356 14 18 0.684
607 302 12 16 0.662
638 314 10 12 0.655
514 328 11 12 0.645
104 361 11 14 0.627
186 340 11 14 0.625
719 363 14 18 0.596
166 52 18 36 0.594
508 313 10 13 0.530
388 302 10 13 0.519
231 97 11 14 0.512
137 95 16 19 0.508
165 334 11 15 0.498
577 312 9 11 0.498
549 335 9 10 0.439
314 338 9 11 0.401
251 341 10 11 0.378
465 311 10 11 0.366
855 125 12 16 0.363
277 342 8 10 0.352
123 334 10 15 0.317
546 317 8 10 0.298
481 339 8 9 0.298
247 342 10 11 0.238
236 341 9 12 0.237
513 323 10 14 0.175
210 341 9 12 0.170
249 339 9 12 0.152
452 325 10 14 0.148
378 135 6 8 0.126
162 98 13 16 0.122
507 131 6 7 0.120
463 313 10 13 0.113
317 340 8 11 0.113
480 141 6 7 0.107
441 340 8 9 0.106
853 117 10 16 0.104
731 123 6 6 0.103
260 342 10 10 0.102
279 342 9 11 0.099
292 332 10 11 0.092
235 66 16 18 0.088
125 331 10 15 0.079
292 335 10 12 0.074
445 139 6 7 0.071
396 149 9 10 0.066
529 310 8 10 0.052
447 320 7 11 0.043
126 77 11 14 0.043
568 325 8 9 0.041
448 318 9 10 0.039
120 86 11 14 0.037
787 115 6 6 0.033
859 126 12 15 0.032
491 316 8 10 0.030
789 115 6 7 0.029
506 133 6 6 0.029
759 125 5 6 0.029
405 146 6 7 0.028
49 53 10 16 0.025
127 75 9 11 0.024
428 114 7 9 0.024
850 115 11 15 0.023
599 135 7 8 0.023
293 311 7 9 0.023
480 337 11 14 0.022
787 129 6 7 0.021
391 130 6 7 0.021
287 332 9 11 0.020
234 96 10 13 0.020
729 120 8 9 0.019
724 364 14 16 0.018
443 318 8 9 0.018
436 336 8 10 0.018
850 126 11 14 0.017
472 136 5 6 0.015
423 112 11 12 0.014
553 145 5 6 0.014
211 87 9 12 0.013
777 127 5 6 0.013
586 323 7 10 0.013
597 132 11 13 0.013
716 365 13 17 0.012
415 322 8 10 0.012
422 137 5 6 0.012
390 128 5 6 0.012
160 331 9 12 0.012
772 126 5 5 0.012
438 336 11 14 0.012
416 138 6 6 0.012
528 305 7 11 0.011
737 121 6 7 0.011
471 140 6 6 0.011
324 321 9 12 0.011
782 128 5 7 0.011
439 342 9 11 0.010
535 158 5 8 0.010
160 336 9 13 0.010
162 103 14 18 0.010
