2_Demonstration_Protesters_2_563
35
814 311 112 116 0.857
393 188 70 97 0.851
726 237 67 95 0.844
101 242 83 101 0.830
228 254 38 48 0.822
875 212 63 73 0.815
301 232 26 31 0.807
669 166 30 39 0.804
565 219 30 38 0.802
820 186 31 38 0.800
238 212 25 33 0.782
634 186 26 33 0.770
667 250 47 66 0.763
984 204 34 38 0.681
771 198 32 32 0.667
0 175 54 161 0.599
175 207 29 34 0.404
526 291 29 40 0.377
503 183 28 33 0.314
513 177 30 39 0.089
524 52 20 26 0.039
45 198 13 23 0.039
974 211 35 34 0.030
967 211 26 30 0.025
494 194 23 28 0.020
455 218 16 21 0.017
480 267 34 45 0.017
503 273 38 49 0.017
639 182 32 43 0.016
485 205 16 21 0.016
606 62 28 33 0.013
447 211 18 28 0.012
69 229 12 15 0.012
705 193 27 32 0.012
536 175 26 33 0.011
