2_Demonstration_Demonstration_Or_Protest_2_441
33
611 174 41 48 0.856
856 170 35 45 0.850
329 206 39 46 0.824
792 157 39 53 0.824
1 188 32 41 0.821
287 186 33 41 0.814
402 165 36 44 0.810
570 174 36 46 0.809
234 154 39 46 0.798
500 160 38 56 0.796
933 153 35 46 0.792
109 185 40 49 0.790
721 163 28 41 0.674
851 355 30 33 0.655
313 170 28 35 0.594
493 577 56 55 0.498
451 172 30 44 0.389
902 598 47 40 0.382
142 169 25 33 0.356
320 195 36 46 0.103
992 69 19 27 0.100
571 97 17 27 0.092
678 165 25 33 0.043
129 168 35 46 0.036
925 129 28 32 0.034
306 178 29 37 0.027
150 166 25 34 0.018
1015 324 9 24 0.016
796 572 19 20 0.015
455 176 23 30 0.015
596 132 22 27 0.014
88 200 24 32 0.014
657 575 24 22 0.013
