2_Demonstration_Demonstration_Or_Protest_2_159
70
586 343 51 72 0.843
427 180 45 57 0.827
669 381 33 42 0.813
268 375 57 60 0.801
173 157 50 61 0.800
822 345 101 106 0.794
528 411 35 41 0.761
216 417 17 22 0.694
290 196 21 27 0.688
566 391 26 34 0.669
952 314 71 92 0.571
465 380 17 25 0.530
328 393 22 42 0.417
519 166 39 44 0.392
307 386 40 48 0.343
242 401 23 30 0.326
732 73 56 47 0.321
784 318 48 63 0.279
555 378 45 56 0.194
111 401 31 50 0.193
176 392 17 22 0.184
230 385 14 18 0.180
49 392 16 20 0.152
355 400 26 35 0.141
218 396 12 14 0.116
123 399 26 46 0.111
950 347 37 50 0.105
191 441 21 30 0.083
660 364 20 27 0.073
235 385 15 19 0.070
705 107 38 36 0.051
333 395 33 44 0.047
405 382 13 19 0.045
100 408 34 52 0.044
204 407 12 15 0.043
225 391 12 15 0.041
943 359 32 55 0.040
946 356 25 34 0.039
666 362 16 21 0.036
228 382 20 26 0.034
123 412 30 47 0.033
198 446 21 29 0.033
132 407 26 38 0.031
231 398 16 22 0.030
333 399 19 30 0.029
215 396 10 12 0.026
203 424 14 18 0.023
365 406 22 28 0.021
42 398 14 16 0.020
196 401 14 19 0.020
201 412 12 16 0.020
710 96 47 45 0.019
953 329 53 61 0.018
651 397 20 29 0.016
52 395 17 22 0.015
941 338 53 80 0.015
657 371 17 22 0.015
243 382 14 18 0.015
777 321 36 54 0.014
34 402 11 14 0.014
385 388 10 15 0.013
499 340 20 33 0.013
373 396 17 22 0.013
319 385 24 40 0.013
952 351 29 32 0.012
640 372 8 13 0.012
38 399 14 19 0.011
704 344 5 6 0.011
242 384 41 51 0.011
225 388 11 11 0.011
