2_Demonstration_Demonstration_Or_Protest_2_140
593
332 605 20 23 0.768
138 584 19 23 0.749
955 589 20 22 0.747
954 638 25 30 0.746
807 567 16 22 0.745
803 643 18 22 0.742
764 623 18 21 0.742
414 562 16 19 0.740
785 560 17 20 0.740
203 540 16 19 0.736
331 519 16 19 0.727
301 605 16 21 0.726
742 547 16 21 0.725
843 628 25 32 0.723
768 541 18 21 0.721
616 526 17 21 0.716
549 475 13 17 0.712
304 558 16 19 0.711
245 605 16 21 0.711
431 620 17 21 0.708
157 544 15 19 0.708
184 650 20 22 0.708
231 463 17 20 0.706
182 615 17 19 0.702
250 560 15 21 0.700
757 577 16 19 0.700
513 502 13 18 0.697
281 524 14 17 0.697
547 525 16 17 0.696
452 642 17 21 0.694
494 475 14 17 0.693
524 527 14 16 0.692
834 542 15 18 0.691
523 574 18 22 0.685
532 491 15 18 0.683
702 462 14 17 0.681
724 473 15 16 0.680
722 627 17 20 0.679
364 600 18 22 0.678
376 510 14 18 0.674
762 595 16 19 0.673
415 477 14 18 0.672
559 502 13 17 0.672
930 643 19 23 0.671
682 476 13 15 0.670
686 504 16 19 0.667
451 485 13 16 0.664
638 486 14 18 0.663
625 626 19 22 0.663
456 396 12 15 0.661
687 414 12 16 0.661
571 536 16 19 0.657
383 474 12 15 0.656
566 466 12 15 0.654
713 573 13 17 0.649
860 596 16 18 0.639
413 654 20 19 0.638
513 386 11 13 0.635
639 384 12 15 0.634
375 630 19 24 0.633
780 522 13 16 0.632
578 329 10 12 0.632
740 395 11 14 0.627
721 312 11 13 0.626
389 617 15 18 0.620
915 602 17 18 0.619
592 458 13 14 0.619
549 395 11 14 0.616
446 607 16 20 0.616
601 380 12 14 0.614
561 354 10 13 0.605
552 417 11 14 0.602
854 264 9 12 0.600
624 376 10 13 0.598
649 528 15 15 0.596
377 570 16 19 0.592
911 575 15 19 0.584
529 620 19 23 0.584
862 324 10 13 0.582
656 331 10 12 0.578
859 289 10 12 0.577
533 298 9 12 0.574
232 485 14 16 0.571
697 588 16 20 0.566
904 643 26 27 0.565
160 592 16 20 0.564
300 520 15 17 0.564
645 462 11 14 0.561
712 390 10 12 0.560
629 471 14 15 0.559
594 344 9 12 0.557
871 236 9 11 0.547
897 282 9 12 0.545
569 287 8 10 0.534
569 430 11 14 0.530
930 324 10 13 0.527
751 285 9 11 0.525
928 309 10 12 0.524
804 303 10 12 0.523
490 532 15 19 0.520
482 636 17 19 0.517
605 313 9 11 0.513
761 297 9 11 0.511
491 627 18 22 0.510
609 656 22 23 0.509
692 271 8 10 0.503
433 590 14 19 0.503
673 368 11 12 0.494
658 562 15 17 0.492
597 245 7 9 0.487
969 262 9 11 0.485
609 433 12 15 0.483
668 249 8 11 0.482
820 321 10 11 0.480
559 387 9 13 0.475
596 287 8 10 0.472
219 617 20 24 0.472
551 392 12 15 0.472
743 242 8 10 0.466
542 256 8 10 0.465
760 259 9 11 0.459
585 313 9 11 0.457
564 247 7 9 0.455
743 652 21 23 0.455
673 541 13 19 0.454
934 279 10 13 0.451
824 275 9 11 0.448
679 298 10 11 0.445
768 235 8 10 0.437
785 261 10 12 0.433
787 317 9 12 0.433
703 217 7 8 0.425
962 232 8 9 0.423
660 640 21 22 0.418
1000 217 8 10 0.417
799 240 8 10 0.416
835 246 8 10 0.406
627 504 12 13 0.405
665 454 11 14 0.405
653 559 15 18 0.390
985 264 9 12 0.388
737 268 7 11 0.386
616 285 8 10 0.386
655 272 9 12 0.383
672 318 9 12 0.377
672 391 10 12 0.373
622 224 6 8 0.370
888 229 8 11 0.365
584 230 7 9 0.364
630 246 7 9 0.363
722 254 9 11 0.362
740 224 7 9 0.336
573 447 11 15 0.335
493 430 10 13 0.327
487 633 17 20 0.323
685 241 7 9 0.319
202 587 13 19 0.313
817 202 7 9 0.310
925 234 8 9 0.310
684 282 9 10 0.303
693 358 10 13 0.301
845 237 8 10 0.300
947 188 7 7 0.299
939 226 8 10 0.299
640 236 7 8 0.290
935 207 7 8 0.289
685 255 7 9 0.281
696 359 10 12 0.276
600 276 7 9 0.272
366 549 15 18 0.272
907 323 8 10 0.266
622 568 13 16 0.266
731 168 5 6 0.266
933 244 8 10 0.264
783 287 8 11 0.258
384 621 18 22 0.253
657 199 7 7 0.252
654 600 15 19 0.249
610 248 7 9 0.248
720 185 6 8 0.248
794 173 6 7 0.246
841 299 8 10 0.246
703 199 7 8 0.244
737 187 6 8 0.244
842 222 7 9 0.244
914 178 7 8 0.241
822 223 7 8 0.238
875 286 9 11 0.237
973 216 7 9 0.235
724 252 9 10 0.233
1016 199 7 9 0.232
862 181 7 8 0.230
845 162 6 7 0.230
742 199 7 8 0.228
972 196 6 8 0.227
702 237 7 9 0.224
793 564 17 21 0.223
597 550 14 17 0.223
599 246 8 9 0.215
722 347 9 11 0.214
470 387 11 13 0.205
759 209 7 9 0.204
890 189 6 7 0.202
681 294 9 12 0.201
890 269 8 10 0.201
794 235 8 9 0.196
729 233 8 9 0.192
840 242 8 10 0.184
552 473 13 16 0.183
688 198 7 8 0.178
625 610 15 17 0.176
642 216 7 8 0.170
829 188 6 8 0.168
518 575 16 20 0.165
522 277 9 11 0.165
958 214 7 9 0.164
412 531 15 16 0.163
926 184 6 8 0.159
685 310 9 10 0.158
510 573 13 17 0.157
922 233 8 10 0.157
764 175 6 7 0.157
808 275 8 11 0.156
855 218 7 9 0.156
1018 241 6 11 0.155
975 248 8 9 0.154
781 206 6 7 0.154
631 282 7 10 0.152
777 188 6 8 0.152
510 582 13 16 0.147
796 237 8 10 0.147
676 391 10 12 0.147
635 184 6 7 0.144
31 662 19 20 0.143
822 272 9 11 0.142
635 383 12 15 0.142
759 294 8 11 0.142
326 645 17 18 0.141
672 213 6 8 0.140
656 220 6 7 0.139
764 657 14 17 0.137
373 563 15 19 0.136
509 412 11 14 0.136
982 262 9 13 0.134
571 433 11 14 0.133
735 265 8 10 0.133
673 388 10 13 0.133
898 202 7 8 0.132
792 277 8 10 0.132
797 218 7 8 0.131
854 214 7 9 0.128
582 317 9 11 0.127
791 320 10 11 0.126
668 170 6 7 0.126
819 201 8 10 0.126
654 198 6 7 0.125
999 215 7 9 0.125
686 351 9 11 0.124
745 600 13 17 0.124
764 214 7 9 0.124
801 242 7 9 0.124
268 663 16 16 0.121
629 213 6 8 0.118
819 188 6 8 0.118
937 281 10 12 0.118
697 651 15 19 0.118
763 211 7 8 0.117
724 258 9 10 0.114
923 182 7 8 0.114
876 221 8 8 0.114
520 281 9 11 0.113
698 165 5 7 0.113
676 210 6 8 0.112
748 648 19 23 0.112
695 140 5 7 0.111
692 241 7 9 0.111
527 257 7 8 0.110
919 316 10 12 0.109
306 661 19 17 0.109
751 160 5 6 0.108
680 301 9 12 0.108
832 190 6 9 0.107
624 283 8 9 0.107
856 267 9 11 0.105
665 250 9 10 0.103
602 313 9 12 0.102
741 213 7 8 0.102
652 251 7 8 0.101
687 195 6 8 0.101
823 171 6 7 0.100
400 392 13 17 0.100
952 212 7 9 0.099
782 219 7 8 0.099
710 136 6 6 0.098
874 232 9 11 0.098
806 217 7 9 0.097
812 159 6 7 0.097
881 600 15 19 0.096
916 212 7 9 0.096
798 148 6 6 0.093
865 182 7 8 0.092
507 415 11 14 0.092
567 247 7 10 0.091
781 289 8 10 0.090
746 318 9 12 0.089
621 378 10 13 0.087
699 162 6 7 0.086
795 219 7 8 0.085
885 204 7 9 0.084
875 575 15 19 0.084
339 361 11 14 0.084
876 218 7 8 0.083
741 202 7 9 0.082
584 541 16 18 0.080
750 158 5 6 0.080
469 555 12 14 0.080
177 476 14 17 0.080
683 362 11 13 0.079
681 222 6 8 0.078
772 192 7 8 0.078
518 625 15 19 0.078
887 187 8 10 0.077
553 387 10 14 0.076
761 177 6 8 0.076
833 250 8 10 0.076
565 424 11 15 0.076
864 197 7 8 0.074
770 218 7 9 0.074
414 534 15 17 0.074
525 283 8 11 0.073
779 251 8 10 0.072
796 170 6 7 0.072
822 148 5 7 0.071
915 217 7 10 0.071
985 249 8 10 0.070
322 650 19 19 0.069
616 568 16 19 0.068
932 231 9 11 0.067
528 377 8 11 0.066
490 475 13 15 0.066
597 557 17 19 0.065
199 375 14 16 0.065
608 249 7 10 0.064
872 193 7 8 0.064
305 581 11 15 0.064
825 232 7 9 0.064
842 180 6 8 0.064
844 224 8 10 0.063
800 146 5 6 0.063
838 182 6 7 0.062
840 198 7 8 0.062
972 171 6 8 0.062
668 655 20 20 0.061
948 199 6 8 0.061
971 248 8 10 0.061
682 145 6 6 0.061
812 156 5 7 0.061
317 464 12 17 0.061
746 176 6 7 0.060
886 325 8 10 0.060
592 227 8 9 0.060
839 303 8 10 0.060
802 263 7 9 0.059
990 246 8 9 0.059
770 169 6 7 0.058
690 196 6 8 0.058
599 288 8 10 0.056
736 656 21 21 0.055
680 145 5 6 0.055
926 188 6 8 0.054
950 220 7 9 0.053
934 306 10 12 0.053
650 555 13 17 0.053
831 185 7 10 0.052
606 186 6 6 0.052
399 101 8 9 0.051
759 299 9 12 0.051
460 532 13 16 0.050
733 229 9 10 0.050
404 80 6 7 0.049
908 326 9 10 0.048
571 300 8 10 0.047
205 636 15 19 0.047
891 248 8 9 0.047
885 603 15 19 0.045
893 247 8 10 0.045
730 165 6 7 0.045
1000 248 7 10 0.045
733 427 11 14 0.045
689 525 14 18 0.045
472 493 9 12 0.045
884 326 8 11 0.045
742 392 10 13 0.045
792 199 6 7 0.044
940 297 9 11 0.042
685 527 14 18 0.042
538 645 15 18 0.042
987 268 10 11 0.041
458 528 13 16 0.040
820 146 5 5 0.040
866 235 9 12 0.040
716 219 7 9 0.040
630 271 7 8 0.040
792 159 5 7 0.040
492 606 14 15 0.040
773 150 6 6 0.039
815 159 6 7 0.039
588 387 9 11 0.038
682 387 10 12 0.038
836 202 6 9 0.037
599 574 18 23 0.037
686 615 16 21 0.037
694 237 8 10 0.035
660 565 15 18 0.035
472 586 12 15 0.035
840 324 8 11 0.034
604 186 5 7 0.034
560 301 8 10 0.034
991 641 15 18 0.034
595 209 6 8 0.034
491 433 11 14 0.033
1001 246 7 8 0.033
507 241 7 9 0.033
556 302 8 11 0.033
888 321 8 11 0.032
986 198 6 8 0.032
955 244 7 10 0.032
842 301 8 12 0.032
515 359 8 10 0.032
677 207 8 9 0.032
750 289 8 11 0.032
692 111 4 6 0.031
269 201 14 18 0.031
445 480 12 14 0.030
745 245 9 12 0.030
778 200 8 11 0.030
680 255 9 12 0.030
641 230 8 11 0.029
689 532 16 19 0.029
908 200 6 7 0.029
474 584 11 13 0.028
776 149 5 6 0.028
612 250 7 9 0.028
661 605 14 19 0.028
674 167 6 7 0.027
289 638 17 22 0.027
493 614 15 17 0.027
644 235 7 9 0.027
545 319 8 11 0.027
693 527 14 17 0.027
744 320 9 13 0.026
491 584 9 12 0.026
845 137 5 6 0.025
692 549 15 18 0.025
1011 208 8 11 0.025
967 191 6 8 0.025
628 614 17 20 0.024
738 192 8 10 0.024
935 602 15 17 0.024
692 113 5 6 0.024
827 153 5 6 0.024
1000 253 8 11 0.024
768 179 8 11 0.023
567 502 13 17 0.023
612 649 19 22 0.023
649 252 6 9 0.023
168 480 14 17 0.023
1016 251 7 11 0.023
852 136 5 6 0.023
355 566 15 17 0.022
983 641 19 23 0.022
600 344 9 11 0.022
455 485 13 16 0.022
120 603 17 23 0.022
811 618 16 19 0.022
807 623 17 17 0.022
682 161 5 7 0.022
469 591 13 16 0.022
597 207 6 8 0.022
891 266 8 10 0.021
996 200 7 8 0.021
902 322 9 10 0.021
273 654 16 19 0.021
466 557 12 16 0.021
281 597 16 20 0.021
773 392 9 14 0.021
810 167 6 7 0.021
972 151 6 7 0.021
689 348 9 10 0.020
847 137 5 6 0.020
581 281 8 9 0.020
24 658 18 19 0.020
838 327 8 10 0.020
850 160 6 7 0.020
711 133 5 6 0.020
611 478 10 13 0.020
659 648 19 20 0.020
700 200 8 9 0.020
668 246 7 9 0.020
705 168 5 6 0.020
716 257 8 9 0.020
676 214 7 10 0.020
657 595 15 19 0.019
723 352 9 12 0.019
691 364 9 13 0.019
741 601 13 17 0.019
515 364 9 12 0.018
878 166 5 7 0.018
724 343 9 12 0.018
975 169 6 8 0.018
460 525 13 15 0.018
843 328 9 9 0.018
662 447 11 15 0.018
631 462 10 13 0.018
752 212 8 10 0.018
467 527 12 15 0.018
835 634 18 22 0.017
887 159 5 7 0.017
521 257 7 9 0.017
499 597 14 17 0.017
628 206 7 9 0.017
408 531 13 15 0.017
16 652 15 20 0.017
713 212 6 8 0.017
512 361 8 10 0.016
874 175 6 7 0.016
996 638 14 23 0.016
684 623 18 21 0.016
636 189 5 7 0.015
637 183 6 7 0.015
694 539 14 18 0.015
644 529 14 16 0.015
245 364 14 18 0.015
513 272 8 11 0.015
406 537 15 18 0.015
247 359 13 17 0.015
694 656 14 16 0.015
292 648 18 21 0.015
886 156 6 7 0.015
960 387 22 24 0.014
502 277 7 11 0.014
562 305 7 10 0.014
895 171 6 6 0.014
627 465 11 15 0.014
125 606 16 22 0.013
692 322 9 11 0.013
285 610 13 17 0.013
510 259 7 9 0.013
708 135 8 9 0.013
318 586 12 15 0.013
414 474 12 16 0.013
517 631 15 19 0.013
355 620 13 17 0.013
515 251 6 9 0.013
611 438 12 15 0.013
1014 431 8 19 0.013
847 141 5 7 0.012
902 326 8 11 0.012
526 321 9 12 0.012
744 606 14 17 0.012
392 662 18 17 0.012
445 464 11 13 0.012
885 195 9 10 0.012
733 422 10 12 0.012
880 288 8 12 0.012
1000 196 5 7 0.012
472 595 14 16 0.012
397 103 8 9 0.012
734 409 10 15 0.011
513 282 8 11 0.011
509 587 12 17 0.011
691 555 14 18 0.011
677 331 9 12 0.011
264 658 17 17 0.011
1017 196 6 9 0.011
604 553 13 18 0.011
631 342 8 11 0.011
21 651 14 17 0.011
695 142 7 10 0.011
167 510 13 15 0.011
420 523 14 17 0.011
115 609 18 22 0.011
599 586 17 21 0.011
935 271 8 9 0.011
683 143 8 9 0.011
697 322 8 10 0.010
401 100 7 8 0.010
979 168 6 7 0.010
728 355 9 12 0.010
711 386 9 12 0.010
860 187 8 10 0.010
519 364 9 12 0.010
660 443 10 12 0.010
