7_Cheering_Cheering_7_171
439
427 310 16 22 0.720
385 405 19 23 0.718
321 240 15 22 0.708
350 236 15 20 0.708
476 205 13 16 0.707
293 269 16 21 0.706
105 116 13 18 0.692
340 317 15 20 0.692
512 258 14 17 0.690
882 293 13 17 0.689
587 297 14 16 0.687
24 388 19 23 0.687
58 83 14 18 0.684
22 78 15 18 0.683
132 143 13 17 0.681
605 260 14 18 0.679
603 218 13 17 0.678
420 148 14 17 0.678
955 327 14 16 0.676
305 218 16 18 0.673
475 180 13 17 0.672
652 245 13 19 0.672
351 270 15 19 0.670
391 250 13 18 0.670
438 282 15 21 0.670
119 4 13 18 0.670
156 148 14 16 0.670
500 158 14 17 0.670
134 170 15 18 0.669
263 183 13 18 0.669
975 296 14 19 0.668
462 129 13 17 0.667
498 214 12 16 0.665
524 207 14 18 0.665
556 293 14 18 0.665
542 167 12 14 0.662
202 34 12 15 0.662
0 81 10 17 0.661
161 29 14 18 0.659
691 248 14 18 0.659
464 227 15 19 0.658
360 52 12 17 0.658
223 59 14 17 0.655
292 75 12 16 0.654
88 89 14 19 0.654
387 64 12 17 0.654
99 160 15 18 0.654
612 235 13 17 0.654
641 298 13 17 0.654
157 205 14 20 0.653
617 185 12 16 0.652
893 365 16 17 0.652
552 261 13 18 0.650
659 210 12 16 0.647
630 227 12 15 0.647
501 237 12 16 0.647
572 132 11 15 0.646
445 75 12 16 0.645
511 128 11 16 0.645
158 93 14 18 0.644
385 27 14 16 0.643
291 38 13 19 0.643
691 90 12 16 0.643
54 17 14 17 0.642
364 29 13 17 0.642
1009 266 11 16 0.642
151 115 14 17 0.641
189 -1 12 13 0.641
106 68 13 16 0.641
586 160 13 15 0.641
536 242 12 19 0.641
330 1 12 16 0.639
478 46 12 14 0.639
755 209 14 17 0.638
729 284 14 17 0.638
723 305 14 19 0.638
443 143 12 16 0.636
902 324 13 16 0.636
276 88 12 17 0.634
798 195 13 17 0.634
555 219 13 16 0.632
527 65 11 15 0.631
537 187 12 16 0.631
365 10 13 15 0.631
955 239 11 15 0.629
60 58 15 19 0.629
637 331 14 18 0.629
387 120 13 18 0.627
331 53 13 17 0.626
763 118 10 14 0.626
710 253 13 16 0.625
140 -4 12 14 0.624
636 107 12 14 0.624
34 161 12 17 0.624
509 186 12 15 0.624
553 125 12 17 0.624
637 204 13 15 0.624
754 257 13 17 0.621
737 83 10 14 0.621
874 193 11 14 0.621
240 77 14 17 0.619
425 63 12 17 0.617
491 124 13 17 0.617
581 249 12 16 0.617
472 25 11 15 0.617
297 15 11 16 0.616
485 101 13 15 0.613
426 108 13 17 0.612
346 95 13 17 0.610
862 225 10 15 0.610
516 103 12 16 0.609
927 233 12 15 0.609
938 216 12 14 0.609
460 101 12 14 0.605
724 213 12 15 0.602
598 135 11 14 0.601
304 -1 12 14 0.600
986 372 15 16 0.600
251 24 13 17 0.600
401 154 13 18 0.600
724 107 11 15 0.598
743 119 11 14 0.596
492 66 12 16 0.595
6 11 14 14 0.593
327 79 12 17 0.593
515 31 11 16 0.593
998 242 12 16 0.591
992 306 12 16 0.589
728 156 12 14 0.588
479 81 12 15 0.588
700 276 11 17 0.588
879 169 11 16 0.586
662 86 12 16 0.585
421 15 11 16 0.584
716 232 12 16 0.584
670 187 12 15 0.583
72 417 18 25 0.583
907 250 13 15 0.582
157 6 13 16 0.581
929 261 12 15 0.580
959 276 13 16 0.580
937 328 11 17 0.579
451 211 13 16 0.579
794 168 12 15 0.574
813 161 11 16 0.574
754 316 12 16 0.574
557 245 13 17 0.572
548 100 12 16 0.572
222 8 13 17 0.570
454 45 11 14 0.570
655 163 12 14 0.568
754 173 11 15 0.568
943 273 12 16 0.565
620 86 11 15 0.564
811 180 11 15 0.563
855 289 12 17 0.563
853 322 14 15 0.558
607 1 10 13 0.556
597 44 10 13 0.556
666 142 11 14 0.556
573 46 10 14 0.555
744 136 11 14 0.550
595 180 10 15 0.548
624 68 11 14 0.547
620 294 14 18 0.547
422 39 12 13 0.547
271 304 16 22 0.545
720 134 10 14 0.541
124 415 16 22 0.541
811 132 10 13 0.541
886 225 12 15 0.541
994 285 11 16 0.538
176 8 12 17 0.536
446 58 11 13 0.534
701 116 10 13 0.534
605 84 11 14 0.529
127 221 13 18 0.529
646 48 10 13 0.525
698 133 12 16 0.525
855 174 10 13 0.523
332 26 11 13 0.523
620 154 13 15 0.522
749 235 11 16 0.521
589 68 11 13 0.518
977 265 11 15 0.517
650 74 12 15 0.514
239 40 14 17 0.512
726 191 13 14 0.508
107 93 12 15 0.507
432 95 12 14 0.507
690 66 9 13 0.505
401 108 13 15 0.503
964 261 11 14 0.503
386 332 12 16 0.499
494 33 11 14 0.496
702 232 12 17 0.494
887 248 13 15 0.481
776 163 12 15 0.479
530 42 11 14 0.478
682 80 11 15 0.476
758 161 10 12 0.476
762 104 10 13 0.474
243 58 13 16 0.472
856 210 11 14 0.468
70 142 15 17 0.465
787 141 11 14 0.465
1016 319 8 19 0.465
785 315 12 16 0.464
451 26 11 14 0.461
346 217 14 18 0.461
314 91 13 18 0.458
561 58 11 14 0.452
910 234 12 15 0.448
414 186 10 17 0.446
788 126 10 12 0.441
671 58 10 13 0.436
419 96 13 16 0.434
821 145 10 14 0.425
471 65 11 15 0.423
697 194 12 14 0.421
750 279 13 15 0.405
647 92 11 15 0.402
802 145 11 15 0.398
169 419 16 21 0.395
976 245 10 13 0.383
392 22 12 15 0.377
636 181 12 15 0.376
406 203 12 16 0.369
393 317 13 17 0.352
271 67 13 15 0.350
285 379 13 20 0.348
787 190 11 14 0.342
757 164 10 15 0.335
141 396 15 22 0.328
877 216 12 15 0.316
464 125 13 17 0.304
998 264 12 14 0.295
644 7 10 12 0.292
580 112 11 15 0.288
901 213 11 14 0.285
862 196 10 13 0.277
723 449 17 22 0.271
389 325 13 18 0.270
410 193 12 17 0.263
129 56 10 15 0.243
820 407 17 22 0.217
18 138 12 16 0.213
861 321 14 17 0.210
868 419 17 18 0.207
243 37 13 17 0.202
1002 354 11 13 0.197
138 215 15 19 0.195
852 377 14 17 0.189
242 70 14 17 0.187
580 361 13 19 0.174
90 423 17 23 0.173
814 134 10 13 0.165
674 24 9 12 0.163
925 260 12 16 0.158
416 57 10 15 0.152
881 219 12 16 0.149
752 251 13 17 0.149
778 288 12 14 0.143
712 243 13 17 0.139
595 115 11 13 0.139
755 160 10 14 0.135
422 282 11 17 0.135
609 85 12 15 0.134
253 -2 10 9 0.130
225 -1 12 13 0.130
573 108 11 14 0.130
190 406 17 21 0.128
444 181 10 13 0.120
396 19 10 14 0.119
664 196 12 16 0.119
756 373 15 18 0.116
0 59 6 15 0.115
448 25 10 14 0.110
574 101 10 13 0.109
689 177 10 13 0.106
335 24 11 15 0.106
653 129 10 13 0.101
756 118 12 14 0.100
952 361 12 15 0.097
966 223 9 13 0.094
652 211 14 17 0.088
252 239 12 16 0.084
574 49 11 15 0.082
591 161 11 14 0.080
29 60 12 15 0.080
915 251 13 17 0.071
582 212 10 14 0.069
336 35 11 15 0.069
129 49 12 17 0.068
722 96 9 12 0.068
409 185 12 16 0.068
793 421 14 19 0.067
501 127 13 17 0.064
675 58 10 13 0.063
80 140 12 15 0.063
338 283 13 17 0.062
973 242 10 14 0.062
299 64 11 16 0.062
426 283 13 17 0.061
83 30 12 15 0.061
771 327 10 14 0.060
663 295 11 19 0.058
851 289 11 15 0.057
337 45 10 14 0.055
406 117 10 14 0.054
861 153 9 13 0.052
845 434 16 21 0.051
677 116 9 13 0.050
489 33 12 14 0.048
319 99 11 17 0.044
1 60 9 16 0.044
593 63 10 13 0.044
733 191 10 14 0.044
393 311 13 17 0.043
440 55 10 13 0.042
838 196 9 16 0.042
677 414 16 21 0.039
799 414 17 23 0.038
22 141 12 17 0.037
382 106 11 14 0.037
573 155 12 16 0.036
578 211 10 13 0.035
163 397 14 22 0.035
467 92 11 14 0.034
632 376 14 17 0.033
418 188 11 16 0.033
567 206 10 14 0.033
735 30 9 11 0.033
87 404 16 19 0.033
702 22 9 12 0.032
98 232 12 17 0.031
998 354 11 12 0.031
807 401 18 23 0.031
677 23 11 11 0.030
670 20 9 13 0.030
848 428 16 20 0.030
842 200 10 16 0.029
345 122 11 15 0.029
791 123 9 12 0.029
787 427 14 19 0.029
164 201 12 16 0.029
906 212 10 12 0.027
623 3 9 11 0.027
944 217 11 14 0.027
645 320 12 16 0.026
289 378 13 20 0.026
791 277 11 16 0.026
843 206 10 15 0.026
575 96 10 13 0.026
786 284 11 15 0.026
804 399 16 21 0.026
648 53 10 13 0.026
165 5 12 15 0.025
539 95 10 15 0.025
675 188 11 15 0.025
835 102 9 12 0.024
563 398 13 16 0.024
544 100 12 16 0.023
913 383 13 15 0.023
98 428 16 22 0.023
297 74 11 16 0.023
354 212 13 16 0.023
348 209 14 18 0.022
176 42 10 13 0.022
735 196 11 14 0.021
15 133 14 17 0.021
371 159 10 14 0.021
245 43 11 16 0.021
651 133 10 14 0.021
377 99 10 14 0.021
525 91 10 14 0.020
882 249 13 15 0.020
839 206 10 16 0.020
370 433 11 17 0.019
624 427 13 20 0.019
898 1 9 10 0.019
11 136 11 17 0.018
395 12 10 15 0.018
666 187 11 14 0.018
129 60 11 17 0.018
824 141 8 13 0.018
249 -4 11 10 0.018
651 46 9 12 0.017
29 56 11 14 0.017
626 46 10 13 0.017
668 73 10 13 0.017
697 177 10 13 0.017
869 424 17 21 0.017
790 310 11 17 0.017
194 0 11 12 0.017
496 38 10 15 0.017
60 17 11 16 0.016
521 89 11 14 0.016
690 173 11 13 0.016
780 7 7 9 0.016
568 157 11 14 0.016
245 79 12 16 0.015
857 151 9 13 0.015
173 423 16 21 0.015
814 3 9 9 0.015
783 430 14 20 0.015
723 15 7 10 0.014
841 439 16 21 0.014
106 435 16 21 0.014
728 35 9 13 0.014
340 122 11 16 0.014
459 209 12 16 0.014
172 86 10 14 0.014
114 436 15 22 0.013
623 48 10 12 0.013
748 353 11 14 0.013
760 37 8 10 0.013
558 57 10 13 0.013
740 30 8 11 0.013
107 150 12 15 0.013
249 243 12 17 0.013
164 88 12 17 0.013
663 239 10 15 0.013
852 177 9 13 0.013
350 122 11 16 0.012
915 144 8 11 0.012
1015 431 10 23 0.012
502 208 12 15 0.012
162 414 18 23 0.012
849 380 15 20 0.012
833 98 9 12 0.012
306 104 12 15 0.012
383 199 10 14 0.012
773 287 11 15 0.011
819 221 10 13 0.011
566 401 14 17 0.011
392 307 14 16 0.011
469 120 11 15 0.011
336 130 9 13 0.010
