7_Cheering_Cheering_7_530
45
10 105 19 22 0.736
139 140 14 17 0.677
725 145 20 30 0.669
80 133 13 17 0.669
401 27 33 56 0.663
303 162 12 16 0.656
959 212 13 16 0.652
260 175 10 13 0.555
817 174 15 25 0.535
550 194 9 11 0.504
523 188 9 12 0.439
913 231 9 11 0.431
364 181 8 11 0.414
924 243 9 11 0.405
361 197 7 9 0.321
622 110 20 45 0.313
590 218 7 9 0.308
220 186 7 9 0.304
685 187 11 15 0.285
244 189 7 9 0.235
364 185 7 10 0.219
921 241 10 11 0.188
911 232 8 11 0.139
292 193 6 8 0.056
331 228 7 8 0.042
594 217 8 10 0.041
554 194 8 10 0.037
519 190 9 11 0.033
300 167 10 13 0.026
247 191 7 9 0.022
84 135 12 14 0.022
523 196 8 11 0.017
360 182 8 10 0.016
937 289 8 9 0.016
602 216 7 9 0.015
369 180 6 9 0.014
218 190 7 8 0.014
617 115 18 41 0.013
523 250 9 11 0.013
887 238 9 11 0.012
328 228 7 9 0.012
108 167 10 12 0.012
683 183 10 16 0.012
588 216 10 13 0.011
592 190 6 9 0.011
