7_Cheering_Cheering_7_413
40
927 380 57 70 0.870
728 452 86 106 0.853
340 414 46 60 0.823
486 428 61 89 0.820
749 383 49 62 0.817
618 368 40 51 0.810
843 376 37 44 0.792
544 347 30 38 0.779
734 360 31 37 0.775
429 363 29 36 0.771
44 384 37 38 0.742
321 348 20 25 0.723
156 380 35 51 0.721
69 330 20 25 0.717
383 338 16 21 0.708
271 339 28 37 0.692
167 336 22 27 0.692
39 335 20 25 0.681
342 334 17 21 0.667
1005 373 19 42 0.663
249 332 14 19 0.658
202 332 13 16 0.609
350 283 13 16 0.586
493 394 40 45 0.388
14 345 15 19 0.283
3 340 12 17 0.221
484 406 47 75 0.111
316 338 12 16 0.064
11 341 15 18 0.044
538 340 11 15 0.040
119 350 14 17 0.026
152 373 23 36 0.022
539 342 14 18 0.021
123 349 13 16 0.020
149 368 20 34 0.017
425 261 9 10 0.013
349 337 14 18 0.012
3 346 10 20 0.012
1014 401 10 36 0.012
21 339 14 19 0.011
