40_Gymnastics_Gymnastics_40_646
31
771 317 54 63 0.854
502 311 47 56 0.852
840 163 48 55 0.851
595 306 47 55 0.850
549 197 46 57 0.849
379 274 49 61 0.848
918 301 56 66 0.845
393 151 40 52 0.840
715 170 41 49 0.838
261 254 46 56 0.831
120 296 49 53 0.821
960 66 17 20 0.679
176 81 15 18 0.596
1002 43 12 15 0.588
894 80 13 15 0.570
275 63 9 14 0.555
1000 78 12 13 0.527
935 82 10 12 0.497
441 53 7 8 0.236
278 64 9 13 0.099
377 65 7 8 0.055
374 66 8 9 0.053
847 82 9 11 0.046
1017 96 7 14 0.042
372 67 7 10 0.040
21 73 13 17 0.026
938 83 12 13 0.021
492 49 6 9 0.019
17 70 13 20 0.015
438 53 6 8 0.014
1014 93 10 14 0.011
