40_Gymnastics_Gymnastics_40_887
24
625 133 45 52 0.854
874 105 48 64 0.852
809 267 47 62 0.850
136 396 53 68 0.849
522 270 51 65 0.848
97 146 46 57 0.846
383 287 50 61 0.846
216 137 45 55 0.845
552 63 44 57 0.843
522 379 57 70 0.843
483 138 50 55 0.840
357 146 49 58 0.839
249 274 48 63 0.839
660 275 55 58 0.839
432 81 46 55 0.838
686 42 46 55 0.838
106 275 47 64 0.834
314 71 44 60 0.833
760 373 54 67 0.831
330 398 51 66 0.829
188 84 41 51 0.827
839 61 45 50 0.817
745 98 46 59 0.729
2 1 91 77 0.010
