40_Gymnastics_Gymnastics_40_492
51
654 121 40 54 0.837
473 149 35 52 0.835
557 129 40 51 0.832
359 148 41 54 0.826
548 45 25 32 0.757
380 0 21 24 0.738
509 54 23 30 0.723
307 6 25 33 0.721
586 78 23 28 0.684
39 1 19 29 0.667
208 17 25 30 0.664
362 75 22 30 0.660
310 71 19 34 0.652
468 76 21 30 0.650
269 16 21 30 0.629
448 109 18 25 0.607
485 64 22 28 0.600
169 14 20 28 0.595
414 0 19 17 0.571
453 -1 20 20 0.556
354 0 20 20 0.491
337 0 25 21 0.439
405 23 20 24 0.420
234 30 18 24 0.403
307 48 20 26 0.369
495 3 15 21 0.309
74 -1 17 19 0.119
380 76 20 26 0.101
593 77 21 27 0.090
100 33 20 23 0.076
110 24 21 26 0.060
401 66 19 24 0.054
0 0 8 23 0.049
116 14 20 26 0.047
49 2 19 26 0.046
336 126 22 34 0.044
606 101 18 24 0.036
874 1 35 29 0.031
910 -1 30 13 0.020
597 86 20 26 0.020
426 77 16 21 0.017
97 38 18 21 0.017
302 52 21 26 0.016
1 5 9 26 0.016
572 5 17 18 0.015
490 2 16 20 0.015
117 23 18 24 0.014
259 4 19 23 0.013
1011 19 13 45 0.011
601 78 17 24 0.011
393 64 19 20 0.011
