8_Election_Campain_Election_Campaign_8_498
44
924 253 100 170 0.881
685 49 126 142 0.853
69 116 92 117 0.848
575 143 68 76 0.836
398 144 47 65 0.814
347 145 59 81 0.812
773 130 63 88 0.798
201 178 62 75 0.785
263 132 86 107 0.756
541 161 38 52 0.755
485 176 46 64 0.751
885 207 41 51 0.690
656 144 30 34 0.559
963 176 48 56 0.539
34 190 54 65 0.364
226 137 35 45 0.283
441 166 32 44 0.256
177 162 17 22 0.200
533 140 25 33 0.145
213 157 54 64 0.132
847 204 37 44 0.104
903 175 27 29 0.096
4 171 29 42 0.083
887 172 23 24 0.078
451 174 28 43 0.062
484 155 39 44 0.058
452 162 26 38 0.047
30 172 52 63 0.047
436 167 26 38 0.044
181 168 18 23 0.035
177 169 14 19 0.034
225 147 40 58 0.031
529 139 36 49 0.026
9 170 41 54 0.026
908 175 30 37 0.016
3 157 23 36 0.015
849 201 28 32 0.015
648 152 25 30 0.014
230 142 23 29 0.013
237 143 40 57 0.013
914 171 23 26 0.013
1009 149 15 32 0.011
1 156 15 24 0.011
325 134 45 74 0.010
