8_Election_Campain_Election_Campaign_8_76
34
842 271 43 52 0.841
19 287 44 54 0.823
151 302 40 45 0.822
344 295 36 44 0.812
415 280 33 41 0.808
446 228 33 42 0.806
781 284 36 46 0.797
613 270 34 45 0.795
357 229 32 37 0.789
710 228 28 37 0.789
514 245 37 50 0.787
256 280 38 50 0.787
642 230 32 40 0.783
712 309 31 40 0.779
685 288 31 44 0.779
71 305 38 50 0.765
298 221 29 39 0.739
554 256 31 40 0.722
579 244 27 34 0.640
392 235 27 35 0.618
605 218 26 35 0.559
696 296 34 45 0.413
204 235 27 33 0.383
271 266 30 39 0.383
987 384 13 18 0.279
216 306 31 37 0.249
199 306 32 38 0.070
191 306 25 37 0.047
925 313 7 7 0.018
518 220 21 25 0.015
968 423 10 13 0.014
958 396 7 11 0.012
924 311 5 7 0.010
984 389 12 16 0.010
