8_Election_Campain_Election_Campaign_8_84
72
122 540 44 58 0.809
127 483 19 26 0.742
35 526 29 34 0.718
536 514 21 26 0.713
880 506 20 28 0.708
490 190 18 23 0.702
209 506 26 38 0.693
975 488 26 29 0.669
920 597 35 61 0.647
75 503 21 27 0.645
310 495 25 32 0.643
447 184 14 21 0.641
257 429 20 24 0.622
290 500 22 29 0.615
632 203 16 20 0.612
526 175 15 22 0.581
674 246 15 20 0.567
776 483 20 32 0.548
448 537 24 33 0.538
167 464 12 16 0.522
186 487 15 21 0.505
563 177 15 20 0.483
95 502 21 31 0.458
847 484 10 14 0.422
33 408 11 13 0.336
9 529 19 28 0.301
604 214 12 18 0.266
219 463 12 15 0.236
155 446 9 12 0.188
197 457 11 14 0.174
227 443 11 14 0.151
227 426 11 15 0.147
190 488 19 27 0.102
172 379 8 10 0.102
832 467 8 10 0.096
227 433 10 15 0.096
217 480 17 20 0.086
57 416 9 12 0.080
289 420 11 13 0.078
546 204 15 19 0.074
157 447 11 12 0.067
170 467 12 16 0.051
58 418 10 13 0.034
31 411 11 13 0.033
872 744 62 24 0.033
704 307 13 17 0.030
669 256 14 20 0.028
121 48 15 21 0.027
670 269 14 18 0.026
61 416 10 13 0.026
669 245 15 18 0.025
215 470 14 17 0.025
206 423 9 12 0.024
572 188 14 20 0.022
220 470 13 18 0.022
618 236 12 15 0.021
549 197 15 21 0.020
575 192 13 19 0.019
229 421 8 12 0.019
287 428 10 16 0.019
137 59 14 21 0.018
201 455 11 15 0.018
836 466 8 10 0.016
165 462 18 24 0.014
612 227 14 17 0.014
947 506 13 15 0.014
140 403 9 10 0.013
198 492 19 29 0.013
679 247 14 20 0.012
771 484 17 29 0.012
171 450 9 12 0.011
544 209 14 17 0.011
