8_Election_Campain_Election_Campaign_8_437
74
570 52 24 27 0.741
731 50 24 27 0.739
521 33 17 22 0.738
370 253 20 24 0.736
649 53 25 28 0.727
683 259 24 26 0.726
282 60 16 19 0.725
215 61 16 19 0.723
366 64 20 24 0.711
252 264 19 26 0.708
439 64 20 24 0.704
753 144 17 21 0.701
581 254 23 26 0.698
131 262 19 24 0.695
697 144 17 21 0.684
641 146 16 20 0.683
89 65 14 18 0.681
587 147 16 21 0.681
23 69 14 19 0.673
478 252 21 25 0.666
150 160 15 19 0.665
150 63 15 18 0.654
215 161 15 19 0.650
89 159 14 18 0.647
259 163 20 24 0.638
27 157 14 18 0.638
452 305 36 65 0.553
522 373 53 58 0.476
620 54 19 23 0.435
783 51 18 24 0.421
733 261 16 22 0.375
630 261 15 21 0.338
702 58 17 20 0.331
58 55 16 20 0.321
124 149 14 17 0.298
44 225 20 28 0.263
186 149 14 18 0.249
305 172 12 17 0.237
62 149 13 16 0.227
295 274 12 15 0.226
124 53 15 20 0.218
255 50 14 18 0.206
523 256 16 21 0.202
0 256 21 31 0.196
520 135 16 19 0.155
377 135 13 18 0.146
448 136 14 18 0.121
11 182 16 18 0.116
0 59 10 19 0.109
516 80 15 19 0.101
412 67 15 19 0.098
173 271 11 15 0.078
2 146 12 18 0.074
791 394 11 11 0.061
388 327 15 29 0.053
614 4 23 25 0.046
191 52 14 17 0.044
122 49 14 19 0.036
275 132 17 19 0.036
521 251 15 21 0.035
181 144 16 20 0.033
130 149 13 16 0.028
703 65 16 19 0.021
303 162 14 20 0.019
516 138 15 20 0.018
768 157 14 18 0.017
308 171 14 19 0.017
413 261 16 21 0.016
131 182 14 19 0.015
282 219 16 23 0.015
119 218 16 20 0.014
525 264 14 17 0.012
100 200 14 17 0.012
300 174 14 17 0.011
