8_Election_Campain_Election_Campaign_8_174
354
817 578 89 103 0.862
738 484 63 67 0.852
168 525 72 76 0.852
899 506 58 70 0.839
384 540 67 82 0.839
622 502 43 53 0.831
9 480 44 56 0.829
70 470 43 53 0.815
879 462 39 45 0.800
585 456 42 46 0.795
950 465 42 50 0.792
208 433 33 40 0.779
161 608 99 75 0.777
199 476 39 48 0.775
267 452 30 39 0.771
298 486 45 53 0.766
669 595 75 70 0.758
169 454 35 42 0.757
130 412 35 45 0.753
455 448 40 45 0.751
692 396 20 25 0.745
727 396 19 23 0.744
310 439 33 36 0.730
581 412 30 32 0.717
611 417 22 27 0.710
823 438 32 41 0.708
47 445 33 40 0.702
850 384 19 24 0.698
432 500 44 63 0.676
805 411 20 24 0.675
981 405 21 27 0.672
742 440 34 37 0.669
889 390 18 24 0.667
771 377 19 24 0.665
213 401 21 25 0.665
656 419 24 30 0.664
433 381 18 21 0.662
344 392 15 19 0.651
928 418 31 40 0.647
504 342 31 39 0.642
1002 432 22 43 0.636
436 447 28 38 0.631
614 358 13 17 0.628
92 393 21 27 0.626
1011 362 12 19 0.626
854 305 11 13 0.622
34 384 23 29 0.618
335 377 14 16 0.615
936 337 18 22 0.612
50 424 22 27 0.610
675 382 16 19 0.607
625 378 15 17 0.601
990 332 13 15 0.596
312 472 46 56 0.595
149 388 18 22 0.584
115 340 13 17 0.580
447 617 73 63 0.578
755 371 16 20 0.575
579 342 11 14 0.572
796 396 20 24 0.568
495 378 13 18 0.563
420 426 28 32 0.546
545 373 14 17 0.545
225 382 16 19 0.543
970 337 11 13 0.543
242 417 20 27 0.538
758 411 27 29 0.537
579 376 14 18 0.527
52 408 21 24 0.525
657 396 21 24 0.522
951 416 30 37 0.517
182 350 10 12 0.497
643 380 14 18 0.497
874 376 15 20 0.496
493 331 11 12 0.494
557 356 12 16 0.494
175 401 19 22 0.481
670 455 28 39 0.479
494 593 66 77 0.478
290 422 20 27 0.476
173 372 14 17 0.472
640 338 10 14 0.472
168 422 29 34 0.471
791 461 27 33 0.466
719 437 26 29 0.462
800 374 15 16 0.461
598 378 13 15 0.458
452 333 10 13 0.452
486 358 10 12 0.450
455 379 17 19 0.446
297 377 14 16 0.445
667 337 9 11 0.443
306 414 23 27 0.430
931 397 22 24 0.414
162 347 10 12 0.414
258 418 28 34 0.409
444 415 20 25 0.398
621 344 10 12 0.396
981 289 10 11 0.386
544 359 11 13 0.384
280 372 13 15 0.384
475 370 12 15 0.381
871 387 15 21 0.381
360 377 14 17 0.380
95 358 10 11 0.372
128 374 13 16 0.363
998 296 8 10 0.362
943 295 9 12 0.353
566 380 13 16 0.343
891 338 11 12 0.342
897 338 10 12 0.338
441 325 8 11 0.332
932 297 9 11 0.329
728 340 9 11 0.327
242 401 16 20 0.324
409 323 8 10 0.317
219 368 11 13 0.314
753 393 16 20 0.312
832 371 13 16 0.311
914 344 11 13 0.304
470 307 8 11 0.292
962 297 8 10 0.291
253 381 16 18 0.282
918 302 9 11 0.277
156 334 8 10 0.266
447 379 17 20 0.257
815 380 16 18 0.250
288 400 19 22 0.244
594 365 11 13 0.231
936 296 9 11 0.227
970 295 9 11 0.221
390 324 8 9 0.221
119 399 17 21 0.221
595 367 11 15 0.218
871 374 14 18 0.216
917 393 14 19 0.216
1001 387 16 18 0.214
272 359 10 11 0.214
88 446 24 30 0.209
929 298 9 11 0.207
919 317 9 11 0.207
834 398 17 19 0.206
304 339 9 10 0.204
994 293 9 11 0.200
189 366 11 13 0.198
114 396 14 20 0.197
745 314 8 10 0.189
756 313 8 10 0.185
705 372 12 14 0.182
481 360 12 14 0.181
685 324 8 11 0.177
87 373 14 16 0.176
741 370 12 17 0.176
421 385 14 19 0.171
401 398 16 21 0.171
130 377 15 17 0.164
311 373 11 14 0.161
62 361 14 16 0.157
189 332 8 8 0.155
826 419 19 23 0.154
52 346 10 11 0.153
92 359 12 15 0.151
902 299 9 10 0.149
0 392 8 20 0.149
290 356 9 11 0.149
1016 299 7 9 0.145
677 363 12 14 0.143
130 390 17 22 0.142
206 370 11 14 0.140
229 340 7 9 0.136
196 371 11 13 0.136
302 338 7 10 0.135
357 329 8 9 0.135
2 371 11 15 0.133
279 390 14 17 0.132
375 323 8 10 0.127
867 369 12 14 0.127
258 353 8 9 0.122
256 365 10 12 0.120
315 377 12 14 0.120
229 355 10 12 0.119
410 377 14 16 0.117
750 314 9 10 0.116
294 381 15 19 0.116
211 370 11 13 0.114
566 338 8 10 0.112
13 371 12 15 0.112
425 406 16 19 0.111
720 377 15 18 0.109
287 415 21 26 0.105
813 377 15 16 0.104
414 347 9 10 0.102
35 331 8 9 0.102
574 349 12 14 0.101
319 326 7 8 0.095
670 359 12 14 0.095
907 298 8 10 0.095
6 371 12 16 0.094
159 374 12 14 0.093
389 406 23 28 0.092
338 358 10 12 0.090
235 368 11 13 0.086
710 369 12 15 0.086
452 361 12 13 0.084
608 298 7 9 0.083
408 392 15 20 0.082
292 394 16 21 0.081
1016 410 8 20 0.081
986 292 9 11 0.081
701 369 10 12 0.080
765 312 7 9 0.080
452 355 11 13 0.077
721 314 7 9 0.076
247 398 18 20 0.075
341 388 15 18 0.073
655 376 14 16 0.072
918 343 11 14 0.072
405 376 13 15 0.066
128 398 20 24 0.066
217 396 20 24 0.063
38 358 12 14 0.062
383 324 9 10 0.061
75 390 14 17 0.059
430 434 34 43 0.059
474 351 10 12 0.059
379 415 26 32 0.056
713 374 14 16 0.056
346 374 13 15 0.056
319 343 8 10 0.056
255 354 8 10 0.055
611 383 14 17 0.053
261 429 34 43 0.053
443 324 8 9 0.052
186 386 16 19 0.051
655 318 9 10 0.051
415 365 11 15 0.050
716 364 10 13 0.050
322 403 20 23 0.045
1012 443 12 46 0.045
35 357 11 13 0.044
57 344 9 11 0.044
384 353 10 11 0.042
761 436 26 33 0.042
790 312 8 9 0.042
1016 350 7 14 0.042
571 338 9 11 0.041
359 330 8 11 0.041
467 347 10 13 0.041
935 409 37 44 0.040
743 361 10 13 0.040
909 339 9 14 0.039
318 354 9 11 0.038
421 326 8 9 0.038
904 313 10 11 0.038
661 326 8 12 0.038
313 356 10 12 0.037
360 357 10 11 0.035
994 376 13 16 0.035
288 354 7 9 0.035
387 351 9 10 0.035
130 371 13 14 0.034
842 442 33 42 0.034
27 355 10 13 0.034
225 339 7 9 0.033
469 405 17 22 0.033
191 330 8 9 0.033
23 354 10 11 0.033
186 337 8 11 0.033
530 373 14 18 0.033
396 345 8 11 0.033
2 392 12 18 0.033
365 378 18 22 0.032
275 400 19 22 0.032
786 312 8 8 0.032
77 366 14 15 0.031
718 314 7 9 0.031
378 374 14 19 0.030
211 360 10 12 0.030
234 358 10 12 0.030
772 361 11 12 0.029
774 364 12 15 0.029
575 444 30 35 0.029
341 337 7 8 0.028
94 376 14 16 0.028
697 363 9 11 0.028
415 351 10 13 0.028
689 381 13 16 0.027
658 320 8 10 0.026
25 370 13 17 0.026
405 372 11 14 0.026
352 329 7 9 0.025
270 346 8 8 0.025
69 445 32 34 0.024
67 341 7 9 0.024
129 340 8 10 0.024
165 369 20 24 0.024
155 502 38 44 0.024
723 340 9 11 0.024
345 336 7 9 0.023
474 332 8 10 0.022
315 326 6 8 0.022
371 375 14 18 0.022
532 368 14 19 0.021
118 405 16 22 0.021
30 331 10 11 0.021
753 415 37 47 0.020
248 350 8 9 0.020
19 367 11 15 0.020
449 420 20 25 0.020
779 367 13 16 0.018
177 486 64 91 0.018
296 405 18 22 0.017
37 329 8 10 0.017
591 379 15 18 0.017
509 309 7 7 0.016
941 392 17 19 0.016
99 367 11 13 0.016
768 312 9 10 0.016
540 258 7 8 0.016
560 423 19 25 0.015
215 334 7 9 0.015
72 340 7 10 0.015
270 342 6 8 0.014
674 463 32 41 0.013
573 416 21 27 0.013
260 338 7 7 0.013
267 344 9 10 0.013
514 609 49 68 0.013
31 328 9 11 0.013
733 340 8 10 0.013
27 345 9 12 0.012
140 343 8 11 0.012
339 340 7 10 0.012
702 366 11 12 0.012
853 445 29 36 0.012
869 364 10 13 0.012
282 599 56 70 0.012
446 339 9 12 0.011
744 318 8 10 0.011
579 451 33 40 0.011
102 344 8 10 0.011
0 398 9 27 0.011
79 338 7 10 0.011
49 377 17 22 0.011
9 341 7 9 0.011
812 410 19 24 0.010
276 426 26 28 0.010
472 411 21 23 0.010
715 341 9 11 0.010
642 376 14 15 0.010
990 375 13 16 0.010
526 315 6 8 0.010
612 396 17 19 0.010
70 360 10 12 0.010
