16_Award_Ceremony_Awards_Ceremony_16_4
115
370 301 15 24 0.526
908 267 10 17 0.518
457 297 11 14 0.251
1009 270 14 40 0.223
957 268 13 17 0.222
630 263 8 10 0.204
152 276 7 9 0.192
84 257 13 19 0.186
853 277 14 22 0.179
829 261 9 11 0.159
78 341 17 35 0.157
1 278 8 18 0.131
850 274 13 23 0.130
304 297 9 15 0.118
90 263 11 14 0.111
856 260 9 12 0.106
724 262 9 11 0.097
382 280 10 14 0.094
363 271 6 8 0.092
769 342 21 30 0.091
41 261 9 11 0.084
14 251 12 14 0.084
540 234 5 7 0.082
329 267 6 7 0.078
949 269 13 15 0.078
574 283 8 12 0.070
300 276 7 9 0.067
944 272 11 15 0.065
749 264 9 11 0.059
404 278 8 10 0.058
960 267 17 21 0.058
129 277 7 7 0.057
93 263 9 12 0.053
944 335 31 52 0.052
1015 238 8 14 0.052
727 261 8 10 0.050
910 266 13 16 0.047
813 351 30 53 0.047
298 278 8 11 0.046
298 275 6 7 0.046
826 261 8 10 0.045
259 271 6 7 0.045
676 264 8 10 0.045
342 266 5 7 0.045
149 275 7 8 0.044
659 269 7 9 0.043
722 264 9 11 0.042
220 271 7 8 0.042
201 265 6 8 0.039
570 280 8 11 0.038
8 240 10 11 0.035
334 267 6 7 0.035
10 248 12 14 0.034
117 274 6 8 0.033
747 266 9 12 0.032
946 275 12 17 0.032
830 263 9 11 0.031
403 265 6 8 0.029
454 297 10 12 0.029
439 284 7 9 0.029
125 276 7 7 0.027
860 282 14 20 0.027
820 262 9 12 0.027
811 265 9 12 0.027
171 274 6 7 0.027
80 261 14 18 0.025
669 268 8 10 0.024
567 256 7 8 0.024
284 275 7 8 0.023
269 275 6 6 0.023
569 254 7 8 0.022
286 274 6 7 0.022
753 265 10 11 0.022
113 275 7 8 0.022
710 265 8 10 0.022
457 278 8 10 0.021
132 276 9 9 0.021
132 278 6 9 0.021
461 318 11 13 0.020
192 273 7 7 0.020
385 279 10 12 0.020
455 279 8 10 0.019
348 268 6 7 0.019
0 288 6 18 0.018
273 288 9 12 0.018
191 274 6 6 0.018
253 271 6 7 0.017
398 261 6 7 0.017
365 268 7 8 0.017
600 268 7 9 0.017
210 344 21 44 0.017
277 275 7 7 0.016
566 279 10 12 0.016
885 265 9 12 0.016
674 256 7 10 0.016
149 278 6 8 0.015
126 274 9 10 0.015
276 284 9 12 0.015
242 274 7 7 0.014
215 298 11 16 0.014
894 299 10 15 0.014
776 292 12 18 0.013
0 280 11 22 0.013
773 345 25 30 0.013
543 235 5 6 0.013
597 269 8 9 0.012
402 264 6 7 0.012
198 265 8 9 0.012
239 273 7 7 0.012
403 271 9 10 0.011
1012 237 9 14 0.011
728 266 10 12 0.011
465 297 10 13 0.010
854 259 8 10 0.010
187 273 6 7 0.010
