16_Award_Ceremony_Awards_Ceremony_16_231
29
425 142 131 157 0.855
562 101 114 163 0.848
36 141 46 53 0.813
129 149 62 54 0.750
903 154 20 25 0.692
792 140 18 23 0.690
713 137 19 22 0.590
298 131 15 21 0.506
926 133 18 22 0.422
739 159 18 23 0.227
752 210 28 35 0.131
1016 145 8 25 0.121
834 284 45 59 0.084
89 115 14 19 0.058
918 117 12 16 0.040
101 146 20 31 0.033
3 202 22 42 0.033
827 281 35 51 0.024
685 208 17 24 0.021
0 173 11 40 0.019
1017 153 7 25 0.019
91 144 29 39 0.016
710 132 17 21 0.015
917 121 14 20 0.014
409 87 23 31 0.013
877 275 35 49 0.013
930 140 17 19 0.013
865 244 25 30 0.010
934 136 16 20 0.010
