16_Award_Ceremony_Awards_Ceremony_16_73
188
260 121 37 48 0.828
725 88 42 54 0.816
615 144 39 50 0.811
408 144 37 50 0.798
317 73 33 40 0.777
203 53 20 26 0.753
720 40 19 22 0.727
90 71 19 25 0.719
864 36 16 20 0.707
267 77 18 23 0.700
638 44 15 19 0.691
641 79 16 19 0.678
569 77 16 18 0.674
699 41 15 20 0.650
472 29 14 17 0.648
602 20 15 17 0.646
491 61 17 19 0.645
624 72 15 18 0.639
720 13 16 19 0.639
701 1 15 16 0.630
240 58 15 18 0.619
594 77 15 18 0.619
571 52 14 17 0.617
988 33 15 19 0.610
538 45 16 19 0.603
618 31 14 17 0.599
365 49 15 18 0.596
991 0 14 16 0.589
184 67 17 22 0.587
772 0 13 15 0.578
812 29 14 19 0.573
564 28 16 19 0.570
20 75 19 24 0.567
749 39 16 20 0.562
6 79 17 20 0.559
852 20 14 18 0.557
169 57 14 17 0.556
345 38 11 14 0.547
609 61 15 19 0.546
432 79 15 19 0.545
686 26 14 16 0.545
445 53 16 19 0.545
653 20 16 21 0.544
656 64 14 17 0.516
973 20 14 18 0.479
583 19 12 16 0.476
534 67 14 16 0.476
461 58 16 20 0.475
414 61 15 25 0.475
890 33 13 17 0.475
973 34 13 20 0.456
142 59 16 21 0.365
919 36 13 16 0.346
833 34 14 20 0.345
876 17 12 14 0.342
973 25 14 22 0.333
786 36 12 17 0.314
347 61 17 20 0.275
12 77 20 23 0.263
491 26 13 16 0.247
644 16 15 19 0.244
351 89 18 21 0.238
528 34 13 15 0.225
240 84 13 18 0.212
657 39 14 18 0.198
386 79 17 22 0.197
77 50 13 16 0.194
790 35 13 18 0.189
52 59 16 22 0.184
455 41 15 17 0.164
390 38 13 16 0.152
530 37 13 19 0.152
628 73 16 20 0.152
453 55 17 20 0.151
907 111 19 42 0.149
226 67 16 19 0.147
648 21 14 17 0.144
420 46 14 17 0.143
637 76 16 20 0.136
447 38 13 15 0.135
630 37 15 20 0.134
546 82 12 15 0.131
801 18 12 14 0.129
587 45 12 15 0.127
421 51 15 21 0.127
677 46 14 17 0.122
126 59 15 19 0.119
389 34 11 14 0.118
85 53 15 18 0.114
537 71 13 16 0.113
489 34 13 17 0.110
483 26 13 17 0.109
642 11 15 16 0.107
976 22 14 21 0.107
1006 21 13 18 0.102
15 68 17 21 0.098
124 58 13 15 0.090
341 85 19 25 0.084
443 39 13 16 0.079
528 65 13 16 0.078
493 23 13 15 0.078
600 69 16 20 0.077
384 72 17 22 0.077
392 43 14 18 0.076
319 41 9 11 0.068
150 68 15 20 0.065
550 4 12 14 0.064
780 24 13 15 0.061
128 95 14 19 0.061
437 76 15 19 0.061
835 28 12 14 0.060
1 75 15 20 0.059
73 47 12 15 0.052
592 4 12 13 0.052
17 64 14 15 0.050
151 74 16 20 0.049
513 59 14 17 0.048
893 42 12 15 0.044
340 57 24 33 0.041
638 16 13 16 0.041
758 26 10 13 0.041
892 58 12 13 0.041
250 68 14 18 0.039
524 58 15 19 0.039
53 55 14 17 0.039
881 14 11 14 0.038
598 45 13 16 0.037
661 56 14 19 0.036
740 3 13 14 0.033
49 58 13 16 0.033
728 6 12 15 0.033
539 24 11 14 0.030
53 68 16 22 0.030
754 40 17 20 0.029
552 25 13 17 0.029
372 76 19 24 0.029
819 0 9 11 0.028
389 47 13 17 0.028
91 55 14 17 0.027
722 25 16 21 0.027
211 60 17 22 0.026
388 64 17 23 0.025
552 11 13 17 0.024
873 1 9 10 0.024
951 4 10 13 0.022
146 71 16 21 0.021
223 70 14 18 0.021
876 6 11 12 0.021
744 3 11 12 0.020
370 74 15 19 0.020
511 51 14 18 0.020
426 21 10 12 0.019
754 0 10 12 0.019
840 4 10 13 0.019
924 33 12 17 0.018
78 57 15 21 0.018
40 72 15 20 0.017
129 110 14 21 0.017
24 87 16 19 0.016
783 44 14 18 0.015
156 77 15 19 0.015
151 139 13 16 0.015
56 73 18 22 0.015
1 100 10 19 0.015
798 15 10 13 0.014
532 26 12 14 0.014
897 25 10 15 0.014
895 7 10 11 0.014
522 31 12 14 0.013
844 7 11 12 0.012
1018 2 8 15 0.012
142 54 12 14 0.012
813 51 14 17 0.012
907 23 10 15 0.012
511 2 11 13 0.012
993 37 13 18 0.011
454 12 13 14 0.011
580 15 12 15 0.011
916 5 11 15 0.011
813 7 11 13 0.011
943 16 11 14 0.011
624 0 10 10 0.011
816 -1 10 10 0.011
626 1 11 12 0.011
286 8 8 9 0.011
344 93 20 22 0.011
361 83 19 23 0.011
732 3 11 12 0.010
