11_Meeting_Meeting_11_Meeting_Meeting_11_26
88
780 263 19 25 0.753
218 271 21 26 0.744
807 274 19 25 0.727
179 282 18 26 0.696
342 238 13 16 0.665
249 258 16 20 0.662
309 250 14 18 0.622
727 249 13 17 0.613
631 231 11 15 0.602
166 231 12 15 0.600
157 304 21 34 0.593
829 291 19 29 0.591
692 242 11 15 0.581
612 226 9 13 0.579
380 235 10 13 0.570
655 234 11 14 0.563
403 234 9 14 0.558
1003 202 12 15 0.545
250 226 9 11 0.536
271 252 12 18 0.527
424 231 8 11 0.524
460 227 8 11 0.514
77 329 24 32 0.502
673 236 10 13 0.490
445 230 9 12 0.488
527 219 8 11 0.488
751 252 11 17 0.437
704 244 11 13 0.421
202 235 14 17 0.418
268 199 8 10 0.400
611 246 10 12 0.345
206 278 16 24 0.314
367 262 11 12 0.238
863 310 16 32 0.226
293 244 11 15 0.208
162 297 21 34 0.201
929 300 23 32 0.148
290 243 11 14 0.138
182 231 9 12 0.132
415 243 9 10 0.119
708 243 9 11 0.108
235 238 10 12 0.102
324 280 10 12 0.094
809 375 27 37 0.092
542 232 9 10 0.087
351 8 11 15 0.071
246 225 13 17 0.055
265 200 7 9 0.054
545 229 7 10 0.045
292 252 11 15 0.044
209 231 9 12 0.042
62 219 23 25 0.040
527 223 9 11 0.038
102 394 22 32 0.037
978 219 13 19 0.036
608 248 10 12 0.035
348 5 12 15 0.033
564 146 8 10 0.031
473 229 7 10 0.031
748 249 10 15 0.031
822 283 19 26 0.030
581 232 8 9 0.029
611 133 8 10 0.027
892 425 37 48 0.026
76 424 30 35 0.026
475 230 8 11 0.025
885 418 35 46 0.025
763 260 14 20 0.022
552 224 7 8 0.021
300 271 10 12 0.020
877 406 27 41 0.020
273 200 7 9 0.020
359 30 9 12 0.020
984 659 39 32 0.018
557 228 7 11 0.017
735 319 12 15 0.015
818 379 30 38 0.014
0 270 7 21 0.014
925 296 34 46 0.013
24 207 10 11 0.013
552 232 9 10 0.012
985 229 13 17 0.012
460 243 8 10 0.011
253 229 8 12 0.011
95 400 27 37 0.011
5 307 38 35 0.011
587 37 14 14 0.010
419 245 8 10 0.010
