11_Meeting_Meeting_11_Meeting_Meeting_11_587
269
418 306 19 23 0.718
274 309 17 20 0.693
223 314 16 23 0.692
805 320 15 22 0.685
589 301 16 19 0.678
159 252 13 18 0.670
650 281 16 21 0.663
803 352 17 24 0.651
722 296 16 21 0.645
492 219 11 14 0.636
960 238 12 15 0.629
260 240 12 14 0.625
190 240 12 15 0.621
346 290 13 21 0.617
435 324 15 20 0.607
563 321 14 22 0.600
544 220 10 13 0.600
735 251 14 18 0.593
773 271 11 18 0.593
316 237 12 17 0.588
919 233 11 13 0.584
1007 243 11 16 0.572
876 226 10 14 0.570
560 297 15 18 0.570
8 182 11 13 0.563
194 187 10 13 0.556
658 201 10 13 0.556
323 200 9 13 0.554
817 258 11 14 0.547
101 180 9 12 0.543
47 169 9 11 0.541
850 288 14 18 0.537
764 250 11 14 0.536
862 160 7 9 0.523
383 177 9 12 0.520
56 183 9 12 0.517
490 187 9 11 0.507
643 215 10 13 0.507
911 161 7 9 0.506
569 231 11 16 0.501
735 155 8 9 0.496
870 261 13 16 0.492
241 129 6 9 0.481
999 398 25 45 0.479
474 191 8 11 0.476
517 180 8 11 0.474
256 277 11 17 0.470
429 355 18 21 0.460
114 156 8 9 0.458
907 274 12 17 0.454
1014 158 8 9 0.454
497 128 6 8 0.452
445 181 9 11 0.445
476 170 8 11 0.436
381 390 20 38 0.433
263 188 8 11 0.432
234 190 9 12 0.423
462 162 7 9 0.423
278 171 8 10 0.417
332 253 11 17 0.411
646 141 6 7 0.405
775 174 8 10 0.400
311 256 11 18 0.374
715 368 11 21 0.372
305 171 7 10 0.369
557 170 7 8 0.368
695 140 6 8 0.365
206 160 7 9 0.365
771 160 7 9 0.363
556 140 6 8 0.362
240 171 7 10 0.359
728 205 9 12 0.354
517 202 9 11 0.343
203 274 9 17 0.343
999 160 7 9 0.335
588 137 6 9 0.330
418 176 9 11 0.329
94 171 8 10 0.329
631 163 6 8 0.329
601 181 7 11 0.327
425 159 7 9 0.321
753 214 9 12 0.317
123 169 8 10 0.314
762 150 7 8 0.311
557 188 7 10 0.311
612 366 13 23 0.301
527 167 7 8 0.298
283 155 6 8 0.295
503 168 7 8 0.280
362 167 8 11 0.270
323 154 6 8 0.268
217 154 6 8 0.263
353 199 9 11 0.257
305 148 6 7 0.251
489 167 7 9 0.250
670 218 10 12 0.250
914 257 10 15 0.250
421 235 12 16 0.246
530 172 7 9 0.230
566 138 6 7 0.227
316 192 8 12 0.227
790 159 7 8 0.227
925 263 10 15 0.226
674 220 10 12 0.211
325 172 6 9 0.196
207 158 8 9 0.195
144 156 6 8 0.194
422 160 8 9 0.193
747 186 7 9 0.189
1017 265 7 15 0.184
564 138 6 8 0.181
614 184 8 9 0.179
603 182 8 10 0.167
697 139 6 7 0.148
749 214 10 12 0.138
703 200 7 10 0.136
49 174 10 12 0.133
166 165 7 9 0.131
612 137 5 7 0.130
311 180 8 11 0.122
696 112 6 7 0.119
360 169 7 10 0.115
889 292 9 15 0.114
654 171 6 8 0.111
193 163 6 8 0.109
585 137 6 8 0.109
772 163 8 11 0.107
323 175 7 10 0.107
338 164 6 7 0.102
141 157 7 9 0.101
242 170 7 9 0.100
475 128 6 8 0.099
126 170 8 11 0.097
907 136 6 6 0.096
279 159 7 8 0.095
760 170 7 10 0.093
572 234 9 15 0.091
760 213 9 11 0.089
693 141 6 8 0.089
570 187 8 10 0.085
792 158 7 9 0.084
446 185 8 11 0.083
529 209 8 11 0.082
362 172 8 10 0.082
880 225 10 14 0.081
424 231 13 17 0.077
293 151 6 9 0.073
613 138 5 8 0.073
847 235 7 12 0.071
678 223 10 13 0.068
92 171 7 10 0.068
237 183 8 11 0.068
710 227 9 10 0.066
424 227 12 15 0.066
927 265 11 14 0.066
262 173 7 9 0.064
640 214 10 12 0.063
557 176 8 11 0.062
561 252 7 13 0.061
706 189 7 10 0.060
457 178 7 10 0.056
632 158 7 9 0.056
526 165 7 8 0.053
562 187 8 10 0.053
259 273 11 18 0.053
571 227 10 14 0.051
141 176 8 10 0.051
545 255 8 10 0.049
858 130 6 7 0.049
627 166 8 10 0.048
739 221 9 12 0.048
574 187 7 9 0.045
813 254 10 13 0.044
693 138 6 7 0.043
130 172 9 11 0.043
763 214 9 11 0.043
431 220 11 14 0.043
821 258 11 14 0.043
609 139 6 8 0.041
165 163 7 9 0.040
677 138 5 6 0.039
306 146 6 7 0.038
788 157 7 9 0.037
518 254 8 11 0.037
843 347 14 19 0.037
642 141 6 8 0.035
618 183 8 10 0.035
756 171 7 10 0.034
924 232 10 13 0.034
189 232 11 16 0.033
254 205 8 11 0.033
657 171 7 8 0.031
531 212 7 9 0.031
727 202 8 11 0.031
521 251 9 12 0.030
442 184 9 11 0.030
387 177 9 12 0.029
898 251 10 14 0.028
169 191 8 11 0.028
365 163 6 9 0.028
239 153 6 8 0.028
543 253 8 11 0.028
915 232 10 12 0.027
303 146 6 7 0.027
388 175 8 10 0.026
527 249 8 12 0.025
551 254 10 12 0.025
701 201 7 10 0.024
839 128 5 6 0.024
733 194 7 9 0.024
712 181 7 9 0.024
429 206 10 12 0.024
303 217 9 11 0.024
303 172 7 10 0.023
232 188 8 11 0.023
870 256 12 17 0.023
609 364 12 22 0.023
308 258 9 18 0.022
315 258 12 18 0.022
682 224 9 11 0.022
189 166 6 8 0.022
433 215 11 14 0.021
495 221 10 14 0.019
1018 204 6 13 0.019
474 126 6 8 0.019
740 155 6 8 0.019
601 184 9 11 0.018
868 264 13 17 0.018
801 244 8 12 0.018
905 135 5 7 0.018
166 169 9 11 0.017
714 227 8 10 0.017
432 328 18 24 0.017
112 156 6 9 0.017
694 112 6 8 0.017
674 138 5 6 0.015
715 179 6 8 0.015
535 175 6 9 0.015
534 147 6 7 0.015
736 223 9 13 0.015
145 188 8 10 0.015
924 266 12 17 0.015
187 148 6 7 0.014
439 219 12 13 0.014
325 153 6 7 0.014
597 181 8 11 0.014
498 125 7 9 0.014
892 293 11 15 0.014
120 166 11 15 0.014
777 269 10 16 0.014
145 182 8 11 0.013
251 166 7 9 0.013
940 258 11 14 0.013
60 184 9 11 0.013
561 170 5 9 0.013
530 245 8 11 0.012
937 255 10 14 0.012
1016 442 9 21 0.012
850 236 7 11 0.012
739 226 9 13 0.011
422 242 11 15 0.011
267 216 8 11 0.011
1006 247 9 14 0.011
121 172 9 12 0.011
207 274 11 15 0.011
642 139 5 7 0.011
686 228 8 11 0.011
195 160 8 10 0.010
618 230 9 13 0.010
