11_Meeting_Meeting_11_Meeting_Meeting_11_702
102
442 296 51 60 0.844
749 321 58 65 0.838
418 236 39 47 0.827
889 245 48 50 0.821
680 256 43 48 0.819
793 184 37 41 0.809
714 130 20 23 0.803
2 297 44 39 0.785
960 181 44 38 0.784
625 191 29 38 0.784
408 200 29 36 0.780
544 159 21 25 0.779
119 210 28 29 0.779
889 163 37 33 0.777
526 140 19 24 0.768
668 148 23 27 0.763
0 212 19 31 0.760
719 163 26 31 0.759
824 151 26 30 0.759
374 126 16 20 0.756
20 192 30 30 0.749
402 140 18 24 0.745
805 121 17 21 0.738
914 119 20 21 0.736
770 133 22 27 0.735
782 107 14 19 0.734
359 166 21 26 0.733
618 139 21 24 0.731
579 176 25 30 0.730
508 132 16 20 0.728
944 112 19 22 0.727
944 142 25 28 0.725
376 183 24 31 0.718
861 126 19 24 0.711
684 123 17 21 0.704
44 167 29 32 0.703
479 129 15 18 0.702
330 130 16 19 0.698
752 110 14 19 0.672
835 117 16 18 0.670
923 100 13 15 0.656
345 154 17 23 0.654
880 107 14 17 0.653
570 125 16 18 0.641
698 106 14 16 0.639
814 94 11 13 0.605
658 121 15 19 0.604
533 121 15 17 0.595
641 130 13 17 0.577
982 100 12 13 0.574
1000 104 13 15 0.574
985 127 23 26 0.548
899 100 12 13 0.494
772 73 7 9 0.461
1014 111 10 15 0.450
916 70 8 10 0.420
751 69 8 9 0.390
802 74 9 10 0.386
935 92 9 11 0.342
799 74 9 10 0.299
631 119 12 15 0.292
352 162 20 26 0.280
791 73 7 9 0.268
795 74 8 9 0.268
968 67 7 9 0.264
1007 107 13 16 0.209
173 412 25 27 0.200
881 132 14 16 0.110
753 67 7 9 0.107
750 67 7 10 0.099
788 72 7 8 0.094
753 71 8 8 0.078
722 93 9 10 0.077
1000 107 16 19 0.068
970 66 7 10 0.066
918 73 9 10 0.063
651 145 17 22 0.058
787 91 8 11 0.056
892 135 18 21 0.055
463 121 13 15 0.035
104 223 18 22 0.031
1001 165 21 23 0.030
954 74 6 8 0.028
920 69 7 9 0.025
856 115 11 13 0.023
903 74 7 8 0.022
647 156 21 26 0.021
602 150 15 20 0.020
755 57 7 7 0.018
1014 125 10 20 0.017
928 70 7 8 0.015
720 98 9 12 0.014
965 110 11 15 0.013
538 121 14 15 0.013
21 434 52 18 0.012
1009 168 14 26 0.011
709 155 17 24 0.011
604 157 16 22 0.010
703 156 17 21 0.010
131 137 16 17 0.010
183 410 21 25 0.010
323 180 13 19 0.010
