11_Meeting_Meeting_11_Meeting_Meeting_11_560
46
832 439 33 53 0.794
89 498 41 54 0.792
198 419 28 33 0.774
668 412 27 33 0.770
324 428 34 40 0.769
757 429 39 53 0.767
2 464 34 44 0.757
191 574 51 72 0.750
561 400 24 30 0.750
398 408 22 28 0.742
608 414 22 32 0.735
444 416 23 29 0.732
78 455 34 37 0.732
488 402 21 27 0.726
701 412 19 23 0.724
237 408 25 30 0.723
459 395 22 28 0.708
742 395 26 31 0.684
543 388 19 23 0.672
356 421 22 30 0.664
88 686 35 73 0.633
412 387 20 24 0.617
811 384 22 27 0.615
355 394 23 27 0.600
499 384 20 25 0.574
524 416 25 33 0.569
641 396 22 29 0.535
627 395 18 24 0.490
187 517 33 37 0.321
301 653 45 43 0.182
334 393 20 23 0.085
761 389 18 24 0.056
796 533 20 48 0.051
657 395 15 21 0.026
435 737 48 31 0.022
454 395 20 25 0.022
0 652 21 60 0.020
166 527 31 32 0.019
159 522 27 31 0.016
350 399 23 27 0.016
783 325 7 7 0.015
764 325 7 8 0.013
0 568 7 50 0.012
188 493 35 47 0.011
768 391 17 21 0.010
4 189 9 10 0.010
