11_Meeting_Meeting_11_Meeting_Meeting_11_507
168
904 411 39 46 0.786
130 362 32 38 0.781
75 404 37 44 0.769
55 253 28 32 0.757
822 357 28 35 0.756
241 235 13 18 0.710
1012 248 12 21 0.694
192 241 18 21 0.687
282 288 16 18 0.686
846 301 18 21 0.673
961 247 14 17 0.655
255 305 15 18 0.642
976 352 25 28 0.640
661 282 15 17 0.634
891 305 19 23 0.632
309 284 14 17 0.629
811 247 18 21 0.629
686 282 14 20 0.624
876 288 16 19 0.613
775 231 13 17 0.595
750 236 14 18 0.588
200 362 17 23 0.583
706 313 16 22 0.577
151 294 15 22 0.563
896 320 20 22 0.559
300 230 10 14 0.541
736 323 14 22 0.536
629 262 9 13 0.533
649 277 12 15 0.510
866 356 19 37 0.492
698 298 15 23 0.486
1004 227 11 13 0.483
217 273 11 15 0.463
330 272 11 15 0.459
962 223 10 12 0.456
731 270 12 16 0.448
659 257 10 12 0.435
348 263 10 13 0.409
6 310 15 19 0.343
762 225 11 12 0.340
586 251 8 10 0.332
701 305 17 24 0.301
900 231 9 11 0.294
351 261 9 13 0.286
692 292 15 20 0.285
384 254 8 9 0.250
459 242 6 8 0.244
545 268 9 12 0.232
921 231 10 13 0.208
615 255 8 11 0.202
682 259 8 11 0.188
380 253 8 9 0.178
523 241 6 8 0.172
656 278 13 16 0.160
734 251 10 14 0.158
620 299 13 15 0.158
140 276 14 16 0.152
532 259 7 9 0.125
603 256 8 11 0.114
977 230 9 11 0.113
388 252 8 9 0.111
496 238 6 8 0.108
435 252 6 7 0.105
381 225 6 7 0.104
913 355 22 26 0.093
394 250 7 9 0.091
441 261 7 9 0.086
521 243 6 8 0.083
1012 278 11 23 0.080
354 220 6 7 0.078
314 254 8 9 0.078
407 252 7 8 0.076
1013 256 11 24 0.076
169 276 14 18 0.076
627 248 8 10 0.074
408 254 7 8 0.068
544 265 8 10 0.068
770 328 16 21 0.067
438 259 7 9 0.067
590 280 10 12 0.065
358 258 7 10 0.064
401 251 7 9 0.063
976 312 15 21 0.063
377 251 8 10 0.062
738 252 11 14 0.062
355 260 9 12 0.061
557 283 11 12 0.061
330 247 8 10 0.060
581 300 13 14 0.057
484 235 6 8 0.057
439 264 8 10 0.056
897 230 9 13 0.051
542 259 7 8 0.051
323 242 8 10 0.049
791 314 15 19 0.048
333 237 8 9 0.046
925 232 10 12 0.045
1006 279 15 23 0.043
550 274 11 13 0.041
170 280 14 20 0.040
436 260 6 8 0.039
332 242 8 10 0.039
633 250 7 9 0.038
602 262 8 11 0.038
326 247 8 11 0.036
498 240 6 7 0.034
684 272 11 15 0.033
560 248 7 8 0.032
435 257 9 10 0.030
886 271 13 15 0.029
423 277 8 11 0.029
303 231 9 13 0.028
383 226 6 8 0.028
357 220 6 7 0.027
576 287 12 15 0.027
249 215 9 11 0.027
689 238 7 10 0.026
595 272 10 12 0.026
488 234 6 8 0.025
398 248 6 7 0.024
379 225 6 8 0.024
312 390 16 16 0.023
730 295 13 17 0.022
513 253 7 7 0.021
780 323 16 21 0.021
562 258 8 9 0.021
316 247 9 13 0.019
956 273 15 17 0.019
739 312 16 21 0.019
482 234 6 8 0.019
577 309 14 16 0.019
173 290 14 19 0.019
561 270 9 12 0.018
385 255 9 12 0.018
438 246 6 7 0.018
377 222 5 7 0.017
353 258 8 11 0.017
617 295 12 15 0.017
733 298 14 18 0.017
551 229 5 7 0.016
730 250 9 13 0.016
592 281 10 13 0.016
567 219 6 8 0.015
650 250 8 10 0.014
549 229 5 6 0.014
972 317 17 21 0.014
353 237 6 8 0.014
915 230 8 12 0.013
558 240 7 9 0.013
273 270 10 14 0.013
993 219 7 10 0.013
552 232 6 8 0.013
624 295 11 16 0.012
575 313 13 15 0.012
579 281 11 13 0.012
395 302 10 13 0.012
376 224 8 9 0.012
922 236 11 12 0.012
882 260 13 16 0.011
570 290 12 14 0.011
733 243 9 12 0.011
780 169 10 12 0.011
275 252 10 12 0.011
816 354 20 27 0.011
689 241 7 10 0.010
398 303 11 13 0.010
654 246 7 8 0.010
987 227 7 11 0.010
