11_Meeting_Meeting_11_Meeting_Meeting_11_385
81
768 212 43 49 0.803
940 250 54 73 0.797
162 208 28 44 0.773
73 221 40 55 0.771
36 260 45 70 0.766
831 89 27 35 0.748
832 216 42 46 0.713
714 169 24 34 0.710
1010 169 14 22 0.702
296 167 21 27 0.687
361 153 16 22 0.683
659 159 24 31 0.657
911 161 16 19 0.638
386 147 12 16 0.624
643 155 15 21 0.619
804 175 23 35 0.598
960 165 18 19 0.588
434 100 10 13 0.585
774 144 12 17 0.583
453 147 13 15 0.554
600 145 12 15 0.527
577 107 10 12 0.525
758 144 13 16 0.523
283 178 22 34 0.521
736 100 9 11 0.515
791 137 12 15 0.499
704 109 9 11 0.490
717 108 8 10 0.479
615 144 12 19 0.476
663 130 9 10 0.474
525 103 9 12 0.404
735 138 9 12 0.404
789 165 16 18 0.393
552 104 9 11 0.333
408 175 12 14 0.268
885 177 15 19 0.202
653 141 11 15 0.199
650 142 9 12 0.170
708 109 10 12 0.167
191 261 27 34 0.147
745 144 9 11 0.141
966 164 17 18 0.124
816 115 11 16 0.120
507 104 9 11 0.081
379 170 10 14 0.081
412 174 11 14 0.072
813 117 11 15 0.064
510 105 9 11 0.058
884 153 11 13 0.057
711 134 9 12 0.052
316 92 5 7 0.051
795 137 12 15 0.047
592 148 10 13 0.046
712 137 10 13 0.043
795 164 15 20 0.043
662 140 11 15 0.040
819 98 8 12 0.040
320 117 6 8 0.038
710 130 9 12 0.038
588 149 9 14 0.029
826 203 35 47 0.028
551 107 8 10 0.026
718 159 16 25 0.025
558 87 6 8 0.024
779 140 11 15 0.024
402 180 13 15 0.021
739 98 9 12 0.021
715 143 10 13 0.021
616 140 10 15 0.019
438 101 8 12 0.018
974 165 13 15 0.017
517 114 9 12 0.017
709 161 12 17 0.016
319 96 5 8 0.015
490 177 12 15 0.014
819 100 10 15 0.012
670 136 8 11 0.012
393 212 16 21 0.012
826 201 23 31 0.012
880 182 16 20 0.011
592 144 10 13 0.011
