50_Celebration_Or_Party_houseparty_50_432
152
721 839 37 47 0.843
717 37 55 81 0.840
629 73 38 51 0.834
567 826 30 38 0.826
512 841 38 46 0.823
402 601 25 34 0.809
335 283 30 44 0.808
312 614 27 31 0.803
629 825 31 39 0.803
695 270 22 33 0.770
393 320 18 23 0.768
470 318 24 35 0.766
252 613 24 38 0.761
417 63 25 35 0.759
619 279 21 27 0.755
541 287 20 33 0.753
253 318 18 28 0.741
375 56 19 27 0.730
314 57 25 41 0.717
568 85 21 35 0.709
149 565 13 16 0.697
496 66 38 68 0.686
986 321 12 14 0.651
481 597 22 35 0.611
889 350 10 12 0.600
353 75 21 27 0.596
493 61 16 21 0.579
143 852 11 13 0.575
837 326 12 17 0.553
183 99 8 10 0.536
445 75 20 31 0.531
106 98 7 9 0.531
16 826 11 15 0.525
157 97 10 11 0.521
396 863 10 12 0.494
410 863 9 11 0.456
293 870 15 20 0.442
177 562 11 17 0.440
474 862 11 14 0.427
673 606 6 8 0.421
127 101 9 10 0.382
626 600 7 9 0.355
346 868 10 12 0.324
120 571 12 13 0.314
740 605 7 9 0.305
475 588 17 21 0.297
3 572 10 13 0.291
470 592 18 23 0.290
492 63 30 56 0.240
348 68 22 33 0.234
272 860 13 19 0.222
608 594 6 7 0.208
330 879 11 17 0.200
777 107 7 8 0.199
654 607 7 8 0.189
405 864 9 11 0.188
267 863 15 23 0.174
201 561 13 17 0.168
286 327 21 33 0.167
499 856 7 10 0.163
299 842 11 14 0.153
125 572 11 13 0.151
99 118 7 10 0.140
821 307 8 12 0.138
376 866 10 14 0.119
261 865 17 24 0.119
343 869 10 14 0.117
475 858 8 10 0.109
433 858 8 9 0.096
449 349 6 8 0.092
476 866 10 13 0.091
265 870 16 22 0.074
30 809 10 15 0.074
429 856 8 9 0.071
987 616 5 6 0.070
19 821 11 16 0.067
379 870 9 12 0.061
207 560 13 17 0.060
832 103 5 6 0.057
349 867 10 15 0.056
437 859 9 12 0.055
41 108 6 7 0.054
48 108 6 7 0.054
38 104 6 8 0.053
103 101 7 8 0.050
99 570 8 9 0.049
481 860 9 11 0.049
332 40 13 17 0.048
0 921 257 101 0.047
28 813 10 15 0.047
51 109 6 7 0.045
114 573 10 12 0.044
481 587 15 23 0.044
130 105 8 9 0.043
698 607 6 7 0.043
220 837 9 11 0.043
447 862 9 10 0.042
104 97 7 9 0.041
741 602 6 7 0.039
962 611 5 7 0.038
84 114 5 7 0.038
378 875 10 13 0.036
737 608 8 10 0.035
596 601 6 7 0.035
155 96 8 11 0.035
330 873 10 14 0.035
676 606 6 7 0.034
173 559 11 16 0.033
447 858 10 11 0.032
731 621 6 7 0.032
338 868 8 10 0.030
213 321 7 9 0.029
141 850 10 13 0.029
193 565 13 16 0.029
381 878 9 11 0.028
293 843 11 15 0.028
296 866 13 18 0.028
194 559 12 17 0.027
423 863 8 10 0.027
601 599 6 7 0.027
288 873 14 18 0.026
101 115 8 11 0.025
673 604 6 7 0.025
15 309 10 11 0.022
93 114 8 10 0.022
75 114 6 7 0.021
741 600 5 7 0.021
43 106 8 9 0.021
302 840 9 12 0.020
450 863 8 11 0.019
448 347 9 12 0.019
778 107 8 9 0.019
30 102 6 6 0.018
451 347 6 8 0.018
219 835 7 11 0.018
736 613 6 8 0.018
730 619 6 7 0.017
316 860 10 11 0.017
991 616 5 6 0.017
135 102 8 11 0.017
463 856 10 11 0.017
832 328 12 16 0.016
501 859 9 15 0.015
26 102 5 6 0.015
578 312 5 7 0.014
1 337 6 10 0.014
465 592 13 18 0.013
144 600 10 12 0.013
203 119 7 8 0.013
375 857 8 9 0.012
0 568 10 13 0.011
739 603 10 14 0.010
