50_Celebration_Or_Party_houseparty_50_715
445
630 565 13 16 0.271
359 648 13 16 0.257
696 598 15 18 0.203
917 584 13 15 0.197
526 594 15 18 0.195
436 654 14 18 0.187
805 642 15 19 0.181
380 533 9 12 0.174
529 541 11 13 0.158
454 484 8 10 0.151
800 533 10 13 0.134
733 598 16 20 0.132
620 482 9 11 0.131
468 661 14 18 0.130
330 638 13 15 0.123
880 571 14 18 0.120
462 562 11 12 0.113
816 516 10 12 0.111
521 572 12 15 0.111
795 598 15 18 0.109
776 579 13 16 0.109
539 563 12 15 0.105
685 581 13 16 0.105
432 469 8 10 0.102
262 637 11 15 0.099
452 509 9 12 0.097
812 574 12 15 0.097
890 520 8 11 0.096
452 593 13 14 0.092
256 600 11 14 0.090
612 496 10 12 0.089
639 493 9 12 0.088
998 610 11 15 0.088
493 523 9 11 0.087
495 548 11 13 0.086
609 559 11 12 0.086
861 599 14 17 0.086
609 627 13 18 0.084
970 604 12 16 0.084
559 577 13 17 0.080
282 547 9 10 0.080
671 556 12 15 0.079
948 592 13 17 0.079
833 588 12 15 0.078
579 581 12 16 0.078
268 637 12 17 0.071
842 568 13 17 0.071
994 608 12 16 0.070
593 517 9 12 0.070
440 544 10 12 0.070
283 497 9 10 0.070
902 623 15 18 0.070
835 612 15 19 0.069
396 559 9 12 0.068
559 513 10 13 0.067
752 540 10 13 0.065
967 572 12 14 0.065
724 544 12 16 0.064
313 498 8 10 0.063
784 551 10 13 0.062
697 508 9 11 0.062
367 623 10 15 0.061
777 650 14 18 0.059
652 575 11 13 0.058
666 603 15 19 0.058
663 513 10 12 0.058
692 596 14 17 0.058
500 551 12 14 0.058
941 561 11 14 0.057
452 506 8 11 0.056
438 564 11 14 0.055
457 652 14 17 0.055
310 597 10 12 0.055
417 509 8 10 0.054
594 593 12 15 0.054
690 471 7 9 0.053
651 554 10 13 0.053
680 576 13 16 0.052
420 545 9 11 0.051
389 585 12 15 0.050
684 534 11 13 0.049
539 513 10 12 0.048
853 660 15 19 0.048
724 498 8 10 0.048
997 596 11 15 0.048
166 576 9 13 0.047
260 600 10 13 0.047
241 486 9 11 0.047
998 592 10 14 0.046
507 555 11 14 0.046
727 569 13 16 0.046
382 535 9 13 0.046
422 480 8 10 0.045
808 556 11 14 0.044
843 529 10 12 0.044
822 666 14 17 0.044
659 513 10 13 0.043
242 514 10 12 0.043
419 595 12 16 0.043
1006 519 9 11 0.043
95 586 11 13 0.042
309 546 9 11 0.042
371 559 11 12 0.042
666 653 15 21 0.042
719 513 9 12 0.041
721 550 12 15 0.040
566 543 11 15 0.040
570 648 16 20 0.040
582 583 13 16 0.039
497 541 10 14 0.039
419 481 8 10 0.038
668 491 8 10 0.038
771 519 9 11 0.038
666 629 16 19 0.037
621 545 11 13 0.037
671 604 15 18 0.037
536 469 8 10 0.036
151 532 9 10 0.036
538 557 11 15 0.036
597 485 7 10 0.035
197 558 10 13 0.035
835 554 10 11 0.035
421 504 8 11 0.034
728 542 11 13 0.034
345 603 12 15 0.034
198 587 10 12 0.033
952 596 13 16 0.033
605 555 11 13 0.033
1003 611 9 14 0.033
609 570 12 16 0.033
697 504 9 11 0.032
618 484 10 11 0.032
203 526 10 11 0.032
617 546 11 13 0.032
104 508 9 10 0.032
932 534 11 14 0.032
744 511 8 10 0.032
482 583 12 15 0.031
495 86 21 24 0.031
733 593 13 18 0.031
803 647 16 20 0.031
668 616 15 20 0.031
392 474 8 10 0.031
988 646 14 15 0.031
893 519 9 11 0.031
291 566 10 12 0.031
721 511 8 12 0.030
633 456 7 8 0.030
888 523 9 12 0.030
593 513 10 12 0.030
489 522 10 13 0.029
992 600 12 15 0.029
231 594 10 14 0.029
479 519 9 11 0.029
197 590 10 13 0.029
646 464 7 9 0.029
1008 578 10 15 0.029
413 507 10 11 0.029
776 520 9 11 0.029
596 558 11 14 0.028
521 503 9 12 0.028
253 537 10 11 0.028
751 524 9 10 0.027
442 568 11 14 0.027
736 483 7 9 0.027
424 545 11 13 0.027
586 585 13 15 0.027
377 535 10 14 0.027
597 469 7 9 0.027
789 577 11 15 0.027
946 598 15 19 0.026
282 589 10 14 0.026
476 495 9 11 0.026
907 658 13 16 0.026
421 525 9 11 0.025
487 511 9 10 0.025
978 603 13 16 0.025
971 570 11 14 0.024
519 498 9 13 0.024
774 501 9 11 0.024
416 505 8 10 0.024
516 504 10 12 0.024
1010 516 9 12 0.024
330 487 8 10 0.024
747 518 9 11 0.024
658 492 8 10 0.024
817 579 12 16 0.024
964 568 12 15 0.024
280 528 8 11 0.024
526 552 11 16 0.024
441 534 10 14 0.023
957 568 11 15 0.023
934 539 10 14 0.023
216 625 11 13 0.023
431 650 14 18 0.023
597 511 9 11 0.023
793 506 8 10 0.023
553 531 10 12 0.023
361 463 7 9 0.023
821 579 13 15 0.023
885 571 13 17 0.023
334 628 11 15 0.022
447 582 11 15 0.022
592 523 10 13 0.022
518 484 8 11 0.022
814 515 9 12 0.022
733 483 8 9 0.022
772 515 8 12 0.022
334 634 13 16 0.021
451 555 11 13 0.021
990 569 11 15 0.021
455 589 12 16 0.021
473 457 8 9 0.021
733 480 7 9 0.021
97 482 7 9 0.021
493 425 6 7 0.021
344 494 8 10 0.021
271 523 9 10 0.021
673 469 8 9 0.021
434 561 10 13 0.021
385 580 10 14 0.021
781 476 6 9 0.021
763 475 8 10 0.021
221 484 9 11 0.021
709 483 7 9 0.021
598 592 11 14 0.020
429 469 8 11 0.020
515 485 9 11 0.020
305 546 9 12 0.020
775 498 9 11 0.020
312 544 9 12 0.020
601 596 13 17 0.020
687 483 8 11 0.020
939 491 9 12 0.020
399 502 8 10 0.020
673 510 9 11 0.019
682 485 8 10 0.019
641 558 12 14 0.019
500 542 10 13 0.019
383 586 10 13 0.019
66 497 8 11 0.019
482 512 9 11 0.019
341 522 9 12 0.019
218 579 10 12 0.019
915 526 9 12 0.018
422 427 6 8 0.018
974 526 10 11 0.018
847 569 12 15 0.018
495 634 17 20 0.018
699 556 11 14 0.018
416 517 9 12 0.018
344 489 8 10 0.018
342 494 8 10 0.018
500 563 13 17 0.018
609 653 15 20 0.018
599 601 13 16 0.018
344 519 9 12 0.018
588 447 7 8 0.017
451 468 7 9 0.017
757 562 13 15 0.017
531 564 12 15 0.017
621 103 23 22 0.017
801 478 8 9 0.017
786 637 14 18 0.017
480 607 12 16 0.017
549 519 11 13 0.017
839 526 11 13 0.017
340 603 11 14 0.017
709 478 7 9 0.017
1012 623 9 15 0.017
995 571 11 15 0.017
646 552 11 13 0.017
691 464 7 8 0.017
623 511 9 11 0.017
339 527 10 13 0.017
880 577 14 19 0.017
332 647 12 16 0.017
572 563 11 13 0.017
673 495 9 10 0.016
796 499 9 11 0.016
747 511 9 12 0.016
325 572 11 15 0.016
561 520 10 14 0.016
701 499 8 11 0.016
461 537 10 13 0.016
154 532 10 12 0.016
606 527 10 13 0.016
273 525 8 10 0.016
539 484 8 11 0.016
420 600 14 17 0.016
536 432 6 7 0.016
501 132 23 29 0.016
163 533 9 11 0.016
711 484 7 9 0.016
693 454 6 8 0.016
773 443 6 8 0.016
414 542 9 12 0.016
539 53 35 40 0.016
806 498 9 10 0.016
829 507 10 12 0.016
674 565 11 15 0.015
979 494 8 11 0.015
480 499 9 11 0.015
639 656 15 18 0.015
364 470 8 9 0.015
507 474 8 9 0.015
337 624 11 14 0.015
624 542 11 13 0.015
835 565 12 15 0.015
712 458 7 8 0.015
787 506 9 10 0.015
502 660 14 18 0.015
690 526 11 14 0.015
236 574 10 12 0.015
367 494 10 11 0.015
445 541 10 12 0.015
395 476 8 10 0.015
733 613 16 23 0.015
689 651 18 22 0.015
133 511 8 10 0.015
662 605 15 18 0.015
608 641 15 21 0.015
476 605 12 16 0.015
128 511 9 10 0.014
579 485 8 11 0.014
378 119 20 19 0.014
753 510 9 10 0.014
719 465 7 9 0.014
191 510 8 10 0.014
794 540 11 13 0.014
696 585 12 16 0.014
375 551 10 14 0.014
569 497 9 11 0.014
731 623 17 23 0.014
856 656 14 19 0.014
711 569 13 15 0.014
351 464 7 9 0.014
643 531 11 14 0.014
739 510 8 11 0.014
611 583 11 14 0.014
854 550 11 13 0.014
441 516 9 12 0.014
533 592 13 17 0.014
943 493 11 11 0.013
886 580 15 18 0.013
200 593 11 13 0.013
361 506 9 11 0.013
796 450 7 8 0.013
678 547 11 15 0.013
613 590 11 15 0.013
191 611 11 13 0.013
361 471 8 10 0.013
746 505 8 9 0.013
612 519 9 13 0.013
735 570 12 15 0.013
124 498 8 10 0.013
721 506 10 13 0.013
504 438 6 7 0.013
669 458 7 9 0.013
718 462 7 8 0.013
389 471 9 11 0.013
467 567 11 14 0.013
1002 519 10 12 0.013
484 480 7 10 0.013
163 583 10 13 0.013
574 494 9 11 0.013
393 587 11 15 0.012
561 542 11 14 0.012
459 645 13 19 0.012
249 99 17 17 0.012
201 105 14 17 0.012
574 614 14 18 0.012
437 519 9 11 0.012
331 623 11 14 0.012
508 482 8 11 0.012
655 470 7 9 0.012
194 507 8 9 0.012
240 546 10 11 0.012
593 495 8 10 0.012
305 520 9 12 0.012
340 447 7 8 0.012
755 497 7 9 0.012
352 462 10 11 0.012
987 508 9 11 0.012
579 518 10 13 0.012
708 512 10 11 0.012
451 603 13 17 0.012
766 479 9 10 0.012
815 616 13 16 0.012
96 480 6 9 0.012
482 476 7 9 0.012
479 488 8 10 0.012
511 481 10 12 0.012
485 475 8 10 0.012
433 567 11 14 0.011
961 577 12 15 0.011
769 537 10 13 0.011
257 518 8 11 0.011
261 520 9 11 0.011
605 651 15 21 0.011
369 491 9 10 0.011
219 486 10 11 0.011
261 633 10 14 0.011
365 507 9 11 0.011
616 455 7 8 0.011
194 509 9 11 0.011
378 446 8 8 0.011
682 530 10 13 0.011
662 600 13 16 0.011
1002 595 10 15 0.011
555 469 8 9 0.011
733 631 15 20 0.011
540 489 8 11 0.011
249 527 10 13 0.011
339 489 10 11 0.011
803 480 8 10 0.011
303 552 10 12 0.011
724 540 10 14 0.011
271 494 7 9 0.011
238 547 9 12 0.011
729 574 12 16 0.011
801 493 9 12 0.011
361 481 8 10 0.011
970 574 11 14 0.011
932 545 11 14 0.011
238 487 9 11 0.011
476 427 5 7 0.011
722 444 6 8 0.011
100 588 11 13 0.011
145 475 7 8 0.011
167 478 7 10 0.010
211 498 9 11 0.010
336 505 8 10 0.010
348 465 7 9 0.010
162 478 8 9 0.010
642 499 9 12 0.010
347 515 9 11 0.010
673 524 12 14 0.010
804 477 8 11 0.010
422 449 7 9 0.010
462 468 7 9 0.010
981 484 9 11 0.010
803 556 11 14 0.010
551 498 8 11 0.010
119 495 8 9 0.010
