50_Celebration_Or_Party_birthdayparty_50_479
61
359 548 99 145 0.839
220 31 12 13 0.439
276 71 38 47 0.367
739 371 21 36 0.221
18 422 8 10 0.197
487 76 7 9 0.143
344 65 9 10 0.119
520 111 12 15 0.108
93 36 10 12 0.100
113 379 5 7 0.084
114 380 5 6 0.081
14 67 41 56 0.058
568 77 9 12 0.056
539 75 10 12 0.053
89 539 23 27 0.048
164 25 12 14 0.041
89 37 14 17 0.038
132 365 6 7 0.037
224 421 6 8 0.035
345 69 8 10 0.034
724 130 17 21 0.034
470 107 7 8 0.033
25 28 12 14 0.031
491 75 7 9 0.027
134 363 6 6 0.025
886 42 12 13 0.024
617 301 16 25 0.023
674 139 14 18 0.022
472 108 7 8 0.020
80 370 5 5 0.019
29 27 12 15 0.018
76 50 52 80 0.018
14 422 8 9 0.018
375 69 9 10 0.018
448 61 9 11 0.018
376 66 9 11 0.017
129 364 5 7 0.017
350 64 9 10 0.017
899 277 16 20 0.016
480 65 7 9 0.015
620 71 8 9 0.014
907 40 12 14 0.014
18 72 29 36 0.014
11 37 11 13 0.014
21 30 12 14 0.013
339 64 9 11 0.013
379 65 10 11 0.013
93 31 11 13 0.013
112 378 8 9 0.012
434 82 9 11 0.012
437 70 10 13 0.012
433 79 9 12 0.012
441 64 10 11 0.012
344 75 8 10 0.011
131 364 9 11 0.011
537 69 10 12 0.010
519 321 59 59 0.010
884 198 13 14 0.010
384 61 9 11 0.010
158 31 10 12 0.010
679 650 57 66 0.010
