50_Celebration_Or_Party_birthdayparty_50_75
68
180 598 29 34 0.815
57 455 30 34 0.808
237 452 32 41 0.801
239 384 29 35 0.800
118 603 28 33 0.792
408 201 86 102 0.788
116 381 29 34 0.774
54 599 32 41 0.770
180 384 32 37 0.735
158 472 15 19 0.710
55 529 31 33 0.666
663 123 29 38 0.600
185 472 15 22 0.593
59 386 16 19 0.543
321 341 62 82 0.253
178 476 15 18 0.156
300 396 14 19 0.111
144 495 15 16 0.074
234 631 40 44 0.069
485 611 30 32 0.060
948 529 48 45 0.052
125 466 16 18 0.043
167 496 14 16 0.042
432 746 47 22 0.040
639 185 38 44 0.035
156 532 23 28 0.033
0 749 18 20 0.033
3 140 38 46 0.032
352 409 12 14 0.032
371 414 18 21 0.030
339 378 52 59 0.028
806 277 7 8 0.027
278 513 33 35 0.027
740 498 12 15 0.022
808 378 7 8 0.019
176 385 23 29 0.019
42 695 28 28 0.018
885 552 41 37 0.018
159 523 19 23 0.017
431 513 30 36 0.017
941 424 14 16 0.017
172 387 18 26 0.017
131 470 12 15 0.015
295 388 25 35 0.015
231 361 22 23 0.015
742 604 22 21 0.015
690 460 12 15 0.015
0 150 38 64 0.014
143 501 15 17 0.014
499 472 15 23 0.014
282 751 39 17 0.013
424 748 38 20 0.013
304 470 21 23 0.013
147 502 16 18 0.013
492 470 23 31 0.012
464 481 33 40 0.012
378 629 25 25 0.012
584 224 48 50 0.012
613 474 26 32 0.012
467 456 32 40 0.011
321 591 26 29 0.011
447 741 45 27 0.011
421 643 41 42 0.011
541 474 7 7 0.010
895 446 28 37 0.010
764 421 8 9 0.010
456 751 35 15 0.010
347 405 21 22 0.010
