50_Celebration_Or_Party_houseparty_50_19
25
522 396 36 48 0.828
133 373 44 55 0.808
862 429 42 57 0.769
653 444 30 43 0.712
453 422 22 30 0.704
747 491 14 20 0.600
411 433 20 37 0.574
551 464 23 28 0.384
216 418 29 46 0.355
768 430 15 23 0.226
677 483 16 29 0.097
692 468 8 9 0.057
784 434 16 23 0.054
262 476 19 22 0.031
789 432 14 22 0.029
689 464 9 15 0.023
718 482 10 12 0.021
679 452 17 30 0.021
228 422 22 41 0.019
724 485 9 13 0.019
405 439 20 29 0.013
713 484 9 11 0.012
715 481 7 8 0.012
696 466 6 8 0.012
718 488 11 14 0.011
