50_Celebration_Or_Party_birthdayparty_50_134
93
853 283 33 37 0.753
81 352 16 22 0.662
13 337 20 24 0.660
561 344 11 15 0.485
617 309 8 10 0.468
541 348 10 14 0.408
799 299 9 10 0.393
725 296 8 10 0.388
581 311 8 10 0.376
555 312 8 10 0.372
423 339 8 10 0.327
640 310 7 9 0.315
486 322 7 8 0.309
612 349 10 12 0.307
706 301 8 9 0.304
509 335 8 9 0.299
445 349 9 13 0.275
654 305 6 8 0.262
546 332 9 10 0.248
895 340 18 25 0.204
756 304 8 12 0.200
530 333 8 10 0.148
505 335 8 9 0.147
813 312 8 11 0.141
647 308 8 9 0.114
478 340 8 12 0.106
553 314 9 12 0.103
605 351 10 12 0.102
437 364 9 12 0.085
599 335 10 12 0.085
599 352 10 13 0.084
427 346 8 11 0.082
649 306 8 10 0.080
145 387 15 15 0.076
445 344 9 12 0.075
809 335 10 15 0.071
657 305 7 9 0.063
612 363 9 12 0.062
615 311 8 10 0.062
482 342 8 11 0.059
435 362 9 12 0.058
625 350 10 13 0.057
759 306 9 11 0.057
490 344 9 12 0.057
477 336 8 10 0.053
552 311 8 11 0.051
802 356 22 29 0.047
473 332 8 10 0.043
384 350 9 10 0.040
877 644 7 8 0.038
475 340 8 11 0.038
633 354 10 13 0.036
887 333 129 195 0.036
497 339 10 12 0.035
804 336 13 18 0.035
578 347 10 12 0.034
314 388 9 11 0.032
742 308 9 10 0.031
631 349 10 12 0.031
754 302 9 11 0.030
445 339 8 9 0.030
499 345 9 11 0.028
799 296 8 10 0.027
699 369 13 16 0.026
640 340 9 12 0.025
270 386 9 11 0.023
442 339 8 9 0.022
570 345 10 14 0.021
745 302 7 9 0.021
420 336 8 11 0.021
694 331 8 9 0.021
695 371 12 15 0.019
692 330 7 10 0.018
835 294 10 14 0.018
222 373 13 15 0.018
198 188 42 56 0.017
551 308 8 10 0.016
8 339 19 23 0.016
795 300 8 12 0.015
290 361 10 11 0.015
579 311 11 13 0.012
884 647 7 8 0.012
628 360 10 13 0.012
210 328 20 24 0.012
491 321 7 9 0.012
636 357 11 13 0.012
705 299 11 13 0.012
507 333 11 13 0.012
225 370 14 16 0.011
18 346 18 22 0.011
812 329 10 16 0.011
811 312 11 16 0.011
19 335 18 22 0.010
