50_Celebration_Or_Party_birthdayparty_50_18
24
233 375 26 32 0.793
335 364 25 31 0.781
132 402 28 39 0.774
849 376 24 32 0.773
640 338 19 24 0.763
613 345 21 26 0.733
763 400 20 29 0.729
808 347 19 24 0.729
718 332 19 26 0.726
664 396 20 32 0.726
546 353 20 23 0.715
469 352 16 25 0.602
394 369 19 27 0.570
926 375 22 26 0.225
382 372 16 21 0.121
556 430 22 30 0.064
949 338 17 20 0.040
803 425 14 16 0.032
427 429 26 28 0.032
670 399 20 30 0.019
933 379 20 23 0.017
925 382 17 21 0.013
533 210 21 25 0.012
297 456 25 32 0.010
