20_Family_Group_Family_Group_20_62
24
628 170 36 45 0.848
107 102 40 51 0.846
448 167 35 45 0.845
308 174 36 47 0.843
866 204 39 50 0.842
241 216 40 50 0.841
241 124 33 45 0.835
538 167 34 46 0.835
335 129 35 45 0.832
190 162 40 51 0.830
762 187 36 43 0.830
717 140 35 43 0.819
415 136 35 46 0.818
560 308 34 42 0.816
645 306 33 39 0.809
630 386 31 35 0.805
443 245 37 44 0.799
365 206 30 34 0.790
839 152 33 43 0.789
515 134 32 42 0.779
623 127 32 40 0.778
726 235 27 33 0.737
972 104 11 15 0.363
976 102 10 16 0.040
