20_Family_Group_Family_Group_20_636
77
886 94 19 24 0.739
948 64 19 23 0.727
620 105 17 21 0.698
663 115 15 20 0.680
732 106 16 19 0.679
347 100 14 19 0.670
510 104 15 17 0.638
713 84 15 19 0.634
268 111 18 24 0.593
839 78 14 24 0.590
301 89 14 19 0.576
192 128 16 23 0.559
430 116 14 18 0.556
775 124 14 22 0.527
391 107 14 17 0.517
805 79 14 19 0.501
465 101 14 19 0.486
553 95 15 18 0.446
348 151 21 27 0.401
234 115 12 19 0.298
199 123 14 18 0.279
857 119 14 24 0.239
910 129 13 24 0.229
478 119 13 20 0.199
566 166 10 22 0.196
647 161 14 21 0.182
505 85 12 14 0.158
257 98 14 17 0.123
933 104 14 23 0.093
252 96 11 16 0.083
260 140 14 21 0.080
998 134 15 20 0.074
507 81 12 15 0.069
938 105 16 24 0.050
124 131 15 22 0.046
992 132 15 23 0.046
708 92 13 20 0.043
149 114 10 13 0.040
976 119 15 24 0.037
481 117 14 20 0.037
136 171 14 23 0.033
230 113 10 15 0.033
966 121 14 23 0.031
707 99 12 16 0.029
48 80 12 17 0.027
981 119 15 23 0.024
168 99 11 14 0.022
152 114 10 15 0.022
962 124 13 25 0.022
429 111 14 17 0.021
808 75 15 19 0.021
186 124 16 22 0.020
249 94 11 14 0.019
192 100 12 16 0.018
45 84 13 17 0.017
207 123 12 17 0.017
183 164 18 23 0.016
926 102 13 20 0.015
145 115 10 13 0.015
128 118 9 12 0.014
127 121 10 17 0.014
806 130 14 23 0.014
1009 137 11 18 0.014
155 109 11 15 0.014
436 100 11 15 0.014
727 184 13 20 0.013
196 93 12 16 0.013
851 125 16 23 0.013
265 137 16 23 0.013
94 121 12 12 0.013
201 83 11 15 0.011
115 124 11 14 0.011
944 104 15 22 0.011
514 102 13 16 0.011
547 96 14 17 0.010
99 121 12 13 0.010
188 101 13 16 0.010
