20_Family_Group_Family_Group_20_799
27
903 488 83 105 0.855
538 178 102 138 0.841
115 623 79 104 0.828
390 359 27 36 0.645
843 362 15 19 0.583
516 507 110 145 0.499
433 350 10 12 0.402
58 312 12 14 0.381
235 334 9 10 0.213
352 346 9 12 0.193
300 341 9 12 0.177
296 342 12 15 0.123
253 342 8 10 0.111
188 333 8 9 0.098
192 335 7 10 0.068
425 348 13 18 0.053
194 335 9 10 0.050
355 346 9 12 0.044
253 339 9 10 0.031
55 313 10 14 0.022
133 344 17 23 0.021
137 327 10 13 0.021
198 344 7 9 0.020
185 331 11 14 0.018
350 351 9 11 0.017
135 331 9 12 0.014
266 341 12 14 0.012
