20_Family_Group_Family_Group_20_64
28
615 389 72 97 0.873
309 319 65 85 0.868
464 319 62 86 0.867
487 166 53 63 0.866
719 324 59 76 0.857
758 484 75 85 0.855
171 302 54 66 0.853
653 125 52 61 0.846
175 430 56 69 0.839
317 159 49 56 0.834
277 26 41 49 0.830
887 309 51 62 0.829
4 371 64 73 0.825
151 229 46 49 0.811
609 318 51 60 0.811
50 134 51 64 0.810
340 279 52 60 0.804
755 279 52 62 0.804
251 180 39 43 0.784
797 59 44 45 0.780
540 166 42 52 0.775
844 475 58 60 0.712
980 204 30 44 0.606
1013 407 11 51 0.236
1006 206 17 38 0.022
0 276 13 74 0.016
969 204 31 44 0.016
89 137 30 51 0.012
