20_Family_Group_Family_Group_20_672
80
802 283 38 50 0.817
436 152 34 45 0.815
869 310 42 52 0.815
214 304 41 51 0.806
641 239 35 45 0.804
309 252 35 44 0.803
108 488 38 47 0.801
305 141 35 46 0.799
167 494 38 41 0.796
749 228 35 44 0.795
143 273 35 46 0.794
192 223 37 46 0.794
281 216 34 39 0.793
663 142 33 39 0.790
372 347 40 47 0.789
755 343 40 54 0.787
562 270 39 51 0.786
607 212 34 44 0.785
362 223 31 38 0.780
609 847 26 32 0.780
680 868 27 33 0.780
739 1045 27 33 0.777
809 902 26 32 0.777
277 292 36 46 0.777
309 868 30 34 0.777
350 1025 29 34 0.773
474 269 40 44 0.770
741 890 26 34 0.770
457 831 25 33 0.768
239 493 37 43 0.766
132 873 25 31 0.766
574 488 38 51 0.762
451 1027 28 35 0.762
356 848 28 33 0.761
854 847 27 34 0.760
110 949 25 31 0.760
254 1022 26 33 0.754
428 838 26 33 0.753
305 823 27 33 0.751
553 828 26 30 0.750
827 843 26 33 0.750
400 233 32 36 0.749
103 268 40 48 0.748
263 873 27 34 0.745
495 838 29 35 0.742
714 183 30 43 0.736
819 1046 27 31 0.736
646 1036 28 34 0.734
205 863 29 33 0.730
568 877 29 36 0.725
89 864 28 32 0.723
393 879 27 27 0.717
508 204 35 43 0.703
679 183 27 34 0.699
689 275 41 49 0.684
537 210 29 39 0.676
590 345 35 43 0.652
360 276 38 47 0.631
423 270 39 44 0.597
163 1043 27 29 0.587
772 883 24 32 0.454
736 846 26 29 0.439
652 854 25 31 0.426
783 873 26 32 0.423
684 241 33 39 0.409
507 946 22 26 0.390
519 1037 25 26 0.308
231 866 22 28 0.304
228 301 40 48 0.290
505 920 20 22 0.078
156 1119 24 28 0.071
671 938 21 21 0.047
594 361 28 34 0.040
399 950 18 20 0.033
105 326 28 23 0.028
579 319 42 57 0.017
330 265 41 56 0.017
213 931 20 22 0.016
150 1122 23 28 0.014
403 268 43 55 0.012
