23_Shoppers_Shoppers_23_450
41
246 432 18 25 0.652
660 356 17 20 0.486
580 777 14 17 0.407
431 682 17 25 0.400
615 769 13 17 0.316
783 581 19 23 0.258
853 632 18 26 0.177
656 359 17 21 0.056
735 613 16 22 0.050
359 314 12 15 0.045
580 624 10 13 0.040
444 333 12 15 0.037
387 769 15 18 0.033
800 579 20 24 0.031
428 788 11 14 0.030
832 322 11 13 0.026
785 589 21 26 0.026
792 584 23 26 0.025
424 626 11 14 0.025
444 259 11 13 0.023
751 249 9 11 0.022
447 260 11 13 0.020
806 576 20 26 0.019
605 291 14 18 0.019
344 261 9 12 0.018
451 261 11 13 0.017
658 836 12 15 0.017
836 321 10 14 0.017
621 769 13 17 0.017
725 261 10 12 0.015
442 760 14 17 0.015
358 108 12 15 0.014
461 624 11 13 0.014
908 364 9 11 0.013
435 769 14 18 0.013
338 100 11 13 0.013
364 313 10 14 0.013
609 289 14 17 0.012
102 415 12 13 0.011
200 120 14 18 0.011
438 679 17 23 0.011
