23_Shoppers_Shoppers_23_511
300
293 136 9 13 0.523
56 302 9 11 0.512
346 213 9 11 0.494
386 250 10 12 0.492
421 284 9 11 0.485
531 14 8 10 0.478
293 174 9 11 0.474
716 335 9 13 0.467
485 23 9 10 0.457
247 164 11 12 0.439
616 4 8 9 0.438
16 291 10 12 0.435
503 317 10 12 0.435
650 307 10 12 0.432
452 301 8 11 0.430
485 323 9 12 0.421
235 98 9 11 0.411
244 124 11 12 0.407
326 211 10 12 0.377
748 574 10 11 0.369
749 278 9 11 0.365
362 242 10 12 0.337
49 590 10 12 0.314
220 587 11 12 0.309
831 239 8 10 0.303
788 6 7 9 0.280
758 285 8 11 0.273
478 9 7 9 0.261
199 118 9 10 0.251
99 36 8 9 0.250
587 324 10 11 0.250
162 93 10 11 0.250
797 4 6 8 0.247
846 224 6 8 0.247
711 600 8 10 0.243
855 560 9 10 0.232
11 327 8 10 0.220
63 282 8 10 0.217
895 344 9 12 0.214
272 402 12 13 0.211
466 22 7 8 0.210
917 333 10 12 0.208
173 625 9 11 0.206
901 321 8 10 0.202
676 27 7 9 0.186
794 5 7 8 0.182
861 639 11 15 0.181
755 8 7 9 0.176
667 266 9 12 0.175
77 323 10 11 0.168
562 322 10 12 0.164
826 14 7 9 0.156
794 213 7 8 0.156
719 3 6 8 0.150
846 333 10 12 0.149
824 269 9 11 0.142
482 50 7 8 0.141
619 5 7 9 0.141
761 -2 7 6 0.138
372 31 6 8 0.134
131 525 8 9 0.116
50 42 9 10 0.114
480 11 7 10 0.112
846 319 10 12 0.110
818 222 6 8 0.110
846 325 9 12 0.108
14 222 11 13 0.107
757 5 7 9 0.106
223 26 7 8 0.105
129 95 10 11 0.102
645 306 11 11 0.102
170 584 10 12 0.100
933 274 9 10 0.098
799 9 7 9 0.089
777 258 7 10 0.089
495 577 9 9 0.089
843 332 10 11 0.088
37 616 8 10 0.086
697 340 10 12 0.086
296 25 6 8 0.085
621 313 9 10 0.083
832 258 10 11 0.082
348 473 10 11 0.081
185 28 8 9 0.079
815 222 7 8 0.079
830 260 9 11 0.079
327 28 7 8 0.077
96 37 8 9 0.075
171 28 7 9 0.075
796 7 8 10 0.074
417 285 9 12 0.074
656 22 6 9 0.074
14 597 7 8 0.074
164 90 9 12 0.074
835 236 7 9 0.073
225 27 7 8 0.073
127 122 10 11 0.071
739 323 10 13 0.071
499 577 8 10 0.071
331 29 6 7 0.068
188 28 8 9 0.068
790 642 12 14 0.068
328 26 7 8 0.068
745 217 8 9 0.067
719 335 10 13 0.065
702 10 6 7 0.065
674 29 7 8 0.065
142 344 9 11 0.064
801 267 8 9 0.064
359 242 9 12 0.063
752 574 9 11 0.063
171 475 9 11 0.063
799 3 6 8 0.062
138 48 7 9 0.062
105 66 10 13 0.062
626 331 9 12 0.061
829 257 10 10 0.059
849 318 9 11 0.059
484 50 7 9 0.057
313 26 6 8 0.056
743 215 8 10 0.056
450 558 10 12 0.056
801 17 6 9 0.055
216 24 7 9 0.054
561 32 7 8 0.054
493 576 8 10 0.054
849 332 9 12 0.053
468 17 8 10 0.053
176 626 9 10 0.052
144 94 11 12 0.052
180 29 9 9 0.051
592 327 9 12 0.051
734 199 7 8 0.050
161 300 8 10 0.050
412 474 11 13 0.049
156 113 10 13 0.049
714 600 8 10 0.048
713 7 7 7 0.047
670 368 9 10 0.047
826 17 7 9 0.047
697 16 6 9 0.047
704 371 8 11 0.046
837 257 8 10 0.045
590 332 10 12 0.045
698 333 9 13 0.044
139 344 9 11 0.042
268 404 11 12 0.042
221 582 11 14 0.042
821 584 10 12 0.042
829 245 9 11 0.041
849 224 6 8 0.041
634 356 9 11 0.040
606 341 9 12 0.039
371 29 6 7 0.039
186 32 8 10 0.039
229 29 7 8 0.038
145 345 10 12 0.038
624 324 9 12 0.037
338 55 6 7 0.037
891 345 9 12 0.037
755 12 7 8 0.036
297 22 6 8 0.036
281 23 7 8 0.036
15 600 8 10 0.036
277 401 11 14 0.035
856 621 11 14 0.035
665 26 8 10 0.035
463 21 7 9 0.033
784 641 11 14 0.032
101 68 11 13 0.032
484 569 8 10 0.031
722 2 6 8 0.031
181 357 9 12 0.030
70 301 9 11 0.030
659 25 7 9 0.029
929 274 8 10 0.029
698 328 9 13 0.029
824 582 9 12 0.029
22 639 10 12 0.029
874 336 8 11 0.028
200 548 9 10 0.028
139 47 7 8 0.028
194 130 9 12 0.027
76 547 10 12 0.027
287 27 7 8 0.026
698 18 7 9 0.026
22 598 8 9 0.026
187 44 7 9 0.026
927 276 9 10 0.026
804 189 7 8 0.026
841 335 10 12 0.026
675 31 9 9 0.025
752 276 8 11 0.025
283 22 7 8 0.025
232 98 8 10 0.025
467 539 9 10 0.025
326 22 6 7 0.024
204 29 7 8 0.024
331 215 9 11 0.024
97 35 8 9 0.024
812 261 8 10 0.024
852 560 9 12 0.024
753 5 7 9 0.024
46 589 9 11 0.024
450 304 9 11 0.024
340 54 6 7 0.023
508 317 10 12 0.023
862 622 10 14 0.023
16 605 9 11 0.022
732 29 6 8 0.022
153 112 10 12 0.021
919 336 10 12 0.021
846 221 6 7 0.021
759 385 9 11 0.021
574 640 10 12 0.021
96 68 10 12 0.021
718 6 8 10 0.020
353 520 10 10 0.020
625 310 9 11 0.020
710 8 8 9 0.020
839 260 8 10 0.020
362 247 10 11 0.019
634 10 7 9 0.019
702 344 8 12 0.019
827 270 9 11 0.019
857 638 12 15 0.019
108 64 10 12 0.019
938 275 8 10 0.018
338 645 8 10 0.018
504 577 9 10 0.018
159 111 11 11 0.017
761 281 8 11 0.017
731 198 7 8 0.017
149 505 9 10 0.017
134 120 9 12 0.017
854 607 11 14 0.017
897 321 9 11 0.017
365 498 9 11 0.017
855 614 11 13 0.017
243 164 12 13 0.016
689 342 9 12 0.016
696 321 9 11 0.016
35 617 9 11 0.016
84 89 10 13 0.016
168 28 6 9 0.016
560 30 6 8 0.016
8 325 8 10 0.016
26 597 8 9 0.016
165 297 8 10 0.016
67 281 9 11 0.016
289 173 10 12 0.016
404 465 10 13 0.015
482 566 9 10 0.015
313 39 7 8 0.015
56 45 9 11 0.015
699 9 6 7 0.015
134 343 9 11 0.014
621 308 9 11 0.014
631 331 9 11 0.014
77 51 7 10 0.014
783 637 11 14 0.014
642 301 9 12 0.014
80 320 10 13 0.014
178 524 8 10 0.014
856 645 13 13 0.014
277 31 6 7 0.014
850 617 11 14 0.013
233 609 10 12 0.013
135 52 7 9 0.013
246 452 9 11 0.013
290 135 8 12 0.013
705 398 9 11 0.013
344 55 6 6 0.013
760 9 7 9 0.013
397 460 11 12 0.013
126 88 9 12 0.012
331 25 7 9 0.012
382 492 10 12 0.012
748 315 10 11 0.012
636 357 9 11 0.012
774 309 8 10 0.012
705 600 9 10 0.012
960 16 9 11 0.012
24 293 9 11 0.012
133 90 9 11 0.012
136 47 7 8 0.012
722 6 6 8 0.012
285 205 11 13 0.012
807 267 8 10 0.011
501 581 9 10 0.011
956 19 8 9 0.011
416 478 10 12 0.011
567 339 10 12 0.011
251 164 10 12 0.011
806 191 7 8 0.011
583 30 6 7 0.010
82 606 10 11 0.010
819 572 8 11 0.010
224 574 11 13 0.010
0 288 8 11 0.010
