23_Shoppers_Shoppers_23_43
32
355 232 63 75 0.843
167 232 58 69 0.834
158 397 62 80 0.817
572 145 46 60 0.773
927 201 49 62 0.762
941 121 26 32 0.716
66 147 36 45 0.706
605 120 31 48 0.640
791 134 34 45 0.638
23 146 24 34 0.479
724 341 39 44 0.448
384 136 26 42 0.423
74 214 39 61 0.388
864 147 28 41 0.295
439 322 41 60 0.203
975 121 18 23 0.194
103 155 19 29 0.157
743 182 13 16 0.120
206 154 25 37 0.100
551 135 22 28 0.051
234 145 21 29 0.043
216 151 24 33 0.039
169 127 23 33 0.035
429 390 44 60 0.030
1016 123 8 17 0.027
516 456 39 65 0.025
982 119 16 19 0.019
0 225 14 43 0.017
876 142 18 24 0.017
869 141 23 32 0.016
1007 163 17 54 0.013
746 187 12 17 0.012
