23_Shoppers_Shoppers_23_459
203
8 750 14 18 0.554
254 489 10 12 0.540
109 113 12 16 0.494
276 432 8 9 0.479
307 417 7 9 0.441
325 417 7 9 0.441
256 430 7 9 0.431
134 123 10 13 0.428
782 126 9 11 0.421
378 652 6 8 0.367
775 106 7 9 0.363
701 365 6 7 0.297
471 748 6 8 0.292
800 122 8 9 0.289
675 549 5 6 0.283
665 613 6 6 0.274
673 594 6 7 0.268
377 127 6 8 0.249
338 135 7 9 0.236
105 115 12 15 0.222
555 561 5 6 0.214
799 359 5 7 0.187
690 592 6 6 0.169
762 431 7 8 0.162
222 409 7 9 0.152
701 674 6 6 0.150
318 417 8 9 0.147
322 416 8 10 0.144
153 494 8 9 0.142
627 623 5 8 0.138
49 120 10 12 0.136
363 343 6 7 0.135
449 529 6 7 0.135
130 545 10 11 0.133
556 562 5 5 0.131
500 546 5 6 0.130
677 549 5 7 0.129
624 617 5 6 0.129
309 134 7 9 0.127
690 643 5 6 0.127
138 124 9 13 0.112
626 617 5 7 0.111
627 616 5 6 0.108
396 305 5 6 0.105
470 310 5 6 0.105
471 637 5 7 0.097
623 616 5 6 0.096
759 122 7 9 0.094
727 652 5 6 0.094
673 503 5 6 0.092
821 371 5 6 0.091
887 480 8 11 0.089
553 563 5 6 0.089
655 520 5 6 0.087
1018 452 6 10 0.086
666 610 6 8 0.083
473 637 5 6 0.080
458 487 5 6 0.078
814 118 6 8 0.076
701 559 5 6 0.073
691 642 5 6 0.072
797 358 5 7 0.071
458 498 5 7 0.070
166 121 8 10 0.069
48 124 11 15 0.069
460 487 5 5 0.068
134 546 9 12 0.068
816 134 7 9 0.065
553 560 5 5 0.063
703 559 5 6 0.060
310 419 8 9 0.058
699 364 7 9 0.056
360 136 6 8 0.056
728 651 6 7 0.055
700 120 6 7 0.055
493 481 5 5 0.054
408 299 5 5 0.053
128 543 9 11 0.051
601 529 5 6 0.051
312 134 7 8 0.050
691 644 5 7 0.049
103 115 10 15 0.048
192 424 7 8 0.047
808 120 8 10 0.046
727 324 5 6 0.044
702 365 7 9 0.042
5 123 10 13 0.042
812 114 6 8 0.041
128 547 9 12 0.040
655 507 5 7 0.040
219 409 7 9 0.040
453 529 5 6 0.039
606 581 4 6 0.038
646 128 4 5 0.037
563 476 5 5 0.037
397 304 5 7 0.036
275 137 7 8 0.035
468 747 7 9 0.035
748 326 5 5 0.034
238 433 6 8 0.034
663 613 5 6 0.033
409 300 5 5 0.033
361 344 5 6 0.033
725 324 5 7 0.033
396 293 5 6 0.032
692 593 5 6 0.031
468 311 5 7 0.031
671 501 5 6 0.031
654 532 5 7 0.031
687 644 6 7 0.030
450 304 5 6 0.030
506 527 5 5 0.030
446 512 5 6 0.030
699 121 5 6 0.029
654 507 5 5 0.028
836 455 7 9 0.028
601 579 5 6 0.028
389 124 6 7 0.027
652 526 5 6 0.026
322 289 5 5 0.026
364 341 6 7 0.026
683 593 5 6 0.025
450 339 5 6 0.025
449 337 5 7 0.024
277 139 7 8 0.023
338 297 5 5 0.023
50 129 11 16 0.023
552 572 5 5 0.022
648 532 5 6 0.022
757 122 6 8 0.022
138 543 9 12 0.022
686 642 5 6 0.022
37 106 9 12 0.022
686 591 5 6 0.021
395 297 5 6 0.021
602 543 5 6 0.021
995 442 6 7 0.021
10 122 9 13 0.021
512 546 4 5 0.020
428 266 5 6 0.020
703 121 5 7 0.020
604 548 5 6 0.020
239 127 7 8 0.020
496 571 5 6 0.019
661 491 5 6 0.019
889 483 8 10 0.019
223 413 6 8 0.019
512 330 5 6 0.019
997 441 7 9 0.019
338 124 6 6 0.019
57 126 11 15 0.019
699 351 5 6 0.019
37 134 12 16 0.019
725 322 5 6 0.018
503 124 5 6 0.017
498 572 5 6 0.017
83 498 11 11 0.016
824 371 5 6 0.016
517 124 5 6 0.016
442 763 7 5 0.016
641 498 5 6 0.016
304 415 7 10 0.015
884 480 8 9 0.015
393 293 5 6 0.015
472 309 5 6 0.015
340 123 6 7 0.015
790 509 6 8 0.015
444 512 5 6 0.015
610 580 5 6 0.015
16 753 13 13 0.014
501 123 5 6 0.014
472 577 5 5 0.014
539 127 5 6 0.014
650 581 5 6 0.014
308 128 6 8 0.014
696 593 6 6 0.014
738 348 5 6 0.013
728 322 5 6 0.013
177 416 6 8 0.013
511 544 5 6 0.013
90 519 10 12 0.013
602 527 5 6 0.013
500 544 7 8 0.012
480 258 4 5 0.012
905 416 5 7 0.012
549 478 5 5 0.012
754 128 7 9 0.012
529 597 5 5 0.012
465 284 4 5 0.012
145 489 8 10 0.012
700 352 5 7 0.011
602 550 5 6 0.011
711 323 4 6 0.011
404 266 4 5 0.011
648 582 5 5 0.011
659 552 5 6 0.011
838 458 6 9 0.011
62 130 11 15 0.010
517 473 5 6 0.010
478 550 5 6 0.010
438 549 5 6 0.010
166 124 7 10 0.010
191 429 7 9 0.010
