40_Gymnastics_Gymnastics_40_593
184
302 184 44 59 0.842
544 183 40 52 0.835
171 262 42 52 0.833
842 255 40 50 0.828
939 298 39 51 0.819
629 204 40 53 0.807
71 291 39 47 0.803
421 207 36 51 0.803
753 197 37 48 0.797
36 246 44 51 0.731
16 107 22 29 0.682
112 117 18 22 0.644
557 132 23 27 0.611
167 138 19 24 0.610
99 39 20 26 0.597
23 48 21 27 0.597
230 252 21 28 0.524
16 218 18 22 0.510
910 27 17 22 0.487
948 118 18 22 0.476
710 98 21 27 0.471
970 72 19 24 0.461
0 267 17 26 0.447
72 234 21 27 0.410
94 163 21 26 0.395
771 1 19 22 0.390
142 233 22 29 0.378
840 35 19 22 0.374
658 64 18 22 0.360
1010 29 14 25 0.359
840 80 18 25 0.339
411 67 18 21 0.324
232 32 16 22 0.324
419 117 19 24 0.313
778 175 23 32 0.287
697 3 17 20 0.279
710 33 18 23 0.278
867 192 19 25 0.261
236 189 16 22 0.240
160 24 19 25 0.234
85 188 23 28 0.218
157 63 17 21 0.213
931 174 18 24 0.209
363 19 16 20 0.205
438 11 16 20 0.183
751 57 18 20 0.166
663 33 16 20 0.164
794 106 18 23 0.157
560 91 20 22 0.134
627 159 20 31 0.133
458 91 13 17 0.128
942 252 26 28 0.126
282 17 17 22 0.122
76 60 15 20 0.121
243 91 16 26 0.116
549 73 16 20 0.111
575 17 18 21 0.109
751 166 19 28 0.107
644 16 13 17 0.098
828 -1 18 17 0.095
764 184 34 48 0.089
883 113 17 21 0.085
334 37 16 21 0.077
0 67 7 20 0.076
601 17 13 17 0.074
474 104 15 21 0.072
336 85 18 22 0.070
154 20 18 25 0.068
866 52 18 24 0.063
714 70 18 22 0.060
239 95 16 25 0.060
636 35 18 21 0.058
979 216 25 28 0.058
652 31 18 21 0.056
227 143 22 29 0.055
695 30 14 19 0.054
789 68 19 24 0.054
834 -3 21 17 0.051
953 115 19 23 0.050
485 104 16 21 0.050
561 104 18 22 0.049
955 88 14 18 0.046
911 84 16 20 0.042
834 79 16 23 0.041
642 19 17 22 0.041
842 -3 17 16 0.040
166 31 17 21 0.039
161 17 17 21 0.038
489 106 16 21 0.037
436 17 18 23 0.037
627 66 21 25 0.033
506 69 16 20 0.032
958 92 17 22 0.032
100 162 19 24 0.030
489 90 16 20 0.030
964 98 17 22 0.029
628 152 18 25 0.029
699 30 17 21 0.028
513 27 17 22 0.027
98 156 19 24 0.027
455 64 15 17 0.027
59 13 17 22 0.027
490 97 16 21 0.026
458 61 17 19 0.026
108 220 19 24 0.025
13 49 18 24 0.025
458 83 14 19 0.025
623 5 15 18 0.024
320 19 18 21 0.024
40 117 14 20 0.024
175 143 19 23 0.023
796 68 18 23 0.023
308 2 17 20 0.023
360 22 16 22 0.023
362 12 19 21 0.022
421 68 18 20 0.022
631 148 22 28 0.021
828 57 15 18 0.021
636 109 19 25 0.021
866 68 17 21 0.021
888 59 15 20 0.020
105 137 19 23 0.020
905 6 14 17 0.020
303 -2 21 17 0.020
652 136 18 23 0.019
517 24 14 18 0.019
710 116 20 24 0.019
77 190 21 25 0.018
166 23 17 21 0.018
409 117 21 24 0.018
629 38 17 19 0.018
747 53 18 21 0.018
976 222 21 24 0.017
381 88 16 22 0.017
344 84 18 23 0.017
930 181 20 26 0.017
365 23 17 21 0.017
836 42 18 22 0.016
784 65 16 22 0.016
470 106 14 20 0.016
186 144 15 21 0.016
152 29 19 25 0.016
220 61 15 20 0.015
571 11 22 22 0.015
50 252 32 39 0.015
462 89 14 17 0.015
800 61 17 23 0.015
580 13 18 21 0.014
508 21 19 22 0.014
421 36 15 19 0.014
766 170 26 34 0.014
789 80 18 25 0.014
333 92 19 24 0.014
10 50 12 19 0.014
821 0 18 16 0.013
846 365 29 33 0.013
26 30 17 21 0.013
236 103 14 21 0.013
986 213 22 26 0.013
862 73 17 21 0.013
18 223 32 38 0.013
30 25 15 19 0.013
649 38 17 20 0.013
442 158 18 28 0.012
357 83 16 21 0.012
702 180 15 29 0.012
647 78 19 26 0.012
979 -1 16 15 0.012
35 116 16 25 0.012
242 83 18 23 0.012
25 0 16 19 0.011
712 77 19 23 0.011
376 86 17 22 0.011
910 52 15 20 0.011
521 65 15 21 0.011
682 99 13 19 0.011
595 13 18 19 0.011
70 230 19 24 0.011
939 274 37 53 0.011
929 159 16 24 0.010
737 34 15 18 0.010
148 23 17 23 0.010
904 29 17 23 0.010
915 81 16 19 0.010
