40_Gymnastics_Gymnastics_40_331
26
503 93 53 61 0.776
787 408 16 20 0.229
853 408 17 20 0.061
772 370 17 18 0.048
773 468 17 19 0.044
451 396 14 19 0.040
1009 304 13 24 0.034
29 338 37 57 0.030
698 369 15 20 0.028
771 374 15 18 0.023
745 172 21 24 0.023
777 369 18 19 0.022
911 295 23 30 0.020
851 281 24 30 0.020
863 271 28 36 0.019
978 412 18 22 0.016
491 401 20 26 0.016
800 290 14 17 0.015
762 247 19 22 0.014
922 257 23 29 0.013
876 411 18 21 0.013
747 305 15 18 0.011
791 368 15 18 0.011
909 240 20 23 0.011
746 310 17 20 0.011
1001 412 16 22 0.010
