40_Gymnastics_Gymnastics_40_273
26
487 259 36 46 0.846
299 126 36 45 0.841
375 231 37 46 0.838
823 56 31 41 0.838
390 120 33 42 0.834
181 228 37 46 0.834
693 123 35 42 0.832
99 110 36 43 0.830
549 273 36 45 0.830
490 123 34 42 0.828
827 231 36 47 0.827
793 121 34 43 0.825
591 124 33 40 0.825
201 123 33 42 0.824
671 248 37 47 0.823
896 126 32 41 0.823
147 66 29 38 0.819
318 68 29 38 0.818
672 71 30 38 0.812
755 65 30 37 0.811
407 76 30 38 0.807
487 60 29 38 0.803
582 75 28 35 0.792
232 64 29 37 0.782
808 56 34 43 0.134
344 74 34 43 0.036
