40_Gymnastics_Gymnastics_40_783
61
453 364 78 94 0.772
386 559 24 31 0.283
153 530 23 27 0.258
74 522 23 30 0.256
139 568 22 28 0.251
51 554 27 35 0.224
115 603 22 28 0.221
708 564 28 34 0.192
230 569 22 27 0.158
652 577 24 29 0.135
753 522 22 28 0.113
0 517 15 24 0.107
183 407 23 28 0.094
192 608 25 35 0.090
898 524 24 26 0.081
652 638 22 30 0.081
3 608 25 37 0.078
809 575 27 35 0.073
36 411 29 34 0.067
989 570 22 33 0.066
547 636 25 31 0.054
307 554 28 30 0.052
858 617 25 33 0.050
808 502 23 30 0.048
710 519 22 30 0.046
3 626 25 37 0.045
745 621 27 35 0.043
671 508 25 30 0.042
478 615 26 36 0.042
4 551 25 39 0.039
203 557 24 29 0.038
1012 621 13 43 0.037
313 505 26 33 0.026
161 593 22 30 0.026
819 419 25 26 0.025
717 418 28 33 0.023
971 500 29 34 0.023
897 567 22 31 0.022
253 625 28 36 0.021
233 487 22 27 0.020
207 294 30 34 0.020
320 552 27 31 0.019
555 156 46 61 0.019
577 604 22 29 0.019
343 554 22 28 0.018
322 510 25 31 0.017
72 448 24 26 0.017
85 568 24 30 0.016
475 603 26 35 0.016
830 650 29 32 0.015
234 530 22 30 0.014
305 611 38 52 0.013
430 541 26 34 0.013
958 497 30 35 0.013
494 614 27 32 0.013
148 531 20 25 0.012
844 513 23 27 0.012
132 643 25 29 0.012
56 569 21 25 0.011
43 556 22 26 0.010
268 361 24 29 0.010
