40_Gymnastics_Gymnastics_40_668
103
869 210 91 101 0.815
652 198 81 86 0.808
500 192 81 111 0.805
193 69 108 128 0.795
389 180 98 120 0.790
115 260 155 150 0.768
279 193 117 143 0.762
762 244 12 16 0.621
713 42 11 12 0.492
979 275 16 18 0.473
611 42 11 14 0.429
784 52 12 16 0.419
753 32 10 13 0.413
97 53 12 16 0.408
654 31 8 10 0.386
438 92 9 11 0.379
559 43 10 12 0.343
693 77 10 14 0.290
847 59 13 16 0.274
18 39 11 12 0.248
640 45 9 11 0.203
89 38 10 11 0.195
674 39 9 12 0.188
693 31 10 11 0.177
672 60 9 12 0.165
846 29 11 11 0.144
926 40 10 12 0.129
582 30 8 9 0.121
435 92 9 11 0.118
915 29 9 11 0.113
674 43 9 13 0.113
524 56 8 10 0.111
519 32 8 9 0.107
863 37 12 14 0.102
879 30 11 13 0.100
891 41 10 13 0.092
887 38 11 14 0.091
0 116 10 33 0.088
1 117 11 50 0.085
633 30 7 10 0.077
488 90 10 11 0.076
884 36 11 14 0.072
736 245 10 17 0.070
24 91 10 14 0.065
797 45 10 12 0.065
789 53 12 15 0.058
69 97 15 18 0.057
60 49 10 15 0.055
689 31 9 11 0.051
658 31 9 11 0.051
60 44 10 13 0.050
855 31 12 12 0.046
578 64 9 12 0.045
61 39 9 10 0.044
783 57 12 16 0.044
12 426 48 58 0.043
868 35 12 13 0.042
800 47 9 13 0.041
21 39 11 13 0.041
974 277 16 18 0.038
17 73 11 14 0.036
520 57 9 9 0.036
429 92 8 9 0.034
23 87 10 15 0.032
706 59 10 12 0.031
780 53 12 15 0.029
1 128 14 51 0.029
62 52 10 14 0.027
584 31 9 9 0.024
543 36 7 8 0.024
910 42 10 13 0.024
944 31 10 12 0.023
85 56 11 14 0.021
607 32 8 9 0.020
67 103 17 22 0.019
94 38 9 11 0.018
941 32 10 11 0.018
672 67 9 13 0.018
801 38 9 13 0.018
809 30 9 10 0.017
592 118 10 14 0.015
1015 271 9 18 0.015
729 251 16 22 0.014
486 35 8 10 0.014
610 31 8 10 0.014
644 46 9 12 0.014
100 58 11 16 0.013
739 259 11 16 0.013
682 30 9 11 0.013
430 93 9 10 0.013
57 52 11 14 0.012
950 29 9 11 0.012
17 64 11 15 0.012
920 29 10 12 0.012
709 61 9 13 0.012
0 67 6 16 0.011
84 71 13 16 0.011
590 30 10 11 0.011
1017 349 7 20 0.010
555 36 8 9 0.010
2 144 15 28 0.010
928 43 11 12 0.010
785 48 11 14 0.010
