40_Gymnastics_Gymnastics_40_47
28
593 67 71 98 0.831
991 476 30 53 0.649
812 495 32 43 0.397
3 131 22 29 0.334
107 119 22 31 0.272
90 536 36 44 0.208
991 2 26 32 0.196
332 41 24 31 0.127
85 42 19 27 0.118
323 102 22 29 0.117
441 75 26 31 0.065
287 30 21 29 0.056
43 132 22 27 0.048
130 169 25 27 0.039
171 630 41 48 0.031
137 169 26 29 0.029
195 585 10 12 0.028
980 62 26 34 0.026
16 622 65 56 0.025
219 186 23 29 0.023
878 13 31 47 0.021
175 590 11 13 0.018
54 246 20 26 0.016
364 100 25 27 0.015
148 172 21 25 0.014
93 153 26 32 0.013
185 588 12 11 0.011
159 235 20 31 0.010
