40_Gymnastics_Gymnastics_40_566
66
465 157 59 81 0.857
41 132 23 28 0.241
24 24 24 30 0.239
142 237 24 32 0.235
346 185 20 25 0.210
225 244 19 25 0.208
148 128 25 29 0.192
809 594 19 25 0.175
125 196 20 26 0.167
77 241 24 33 0.165
264 146 19 23 0.129
217 139 20 24 0.129
102 298 21 28 0.127
594 615 18 23 0.121
202 193 20 27 0.119
699 630 19 23 0.111
270 184 21 26 0.099
282 252 18 21 0.096
247 84 21 26 0.092
32 359 21 26 0.079
744 128 20 25 0.076
332 217 17 23 0.062
55 183 23 29 0.062
277 247 19 24 0.059
143 334 21 34 0.056
42 427 23 26 0.055
481 609 22 29 0.055
698 202 18 21 0.050
179 82 19 26 0.046
379 246 14 18 0.041
362 37 18 24 0.041
120 367 19 29 0.041
71 335 22 28 0.040
57 175 20 23 0.034
8 251 23 34 0.031
269 241 17 22 0.031
158 2 21 25 0.031
333 135 18 25 0.027
651 254 18 23 0.026
24 96 21 24 0.026
104 91 18 21 0.022
190 168 20 24 0.020
126 39 19 25 0.020
701 43 23 30 0.019
288 248 17 23 0.019
20 176 19 24 0.017
42 311 21 26 0.017
181 197 18 22 0.016
22 135 19 24 0.015
94 91 22 25 0.015
619 180 18 23 0.015
208 3 25 27 0.014
724 74 18 22 0.014
498 34 18 23 0.014
607 145 17 22 0.013
85 98 19 22 0.013
343 179 20 25 0.013
793 229 21 27 0.013
593 39 19 22 0.012
124 433 23 27 0.012
641 226 16 19 0.012
54 134 20 25 0.012
441 22 19 28 0.012
0 116 13 29 0.011
416 656 19 23 0.010
12 316 18 27 0.010
