40_Gymnastics_Gymnastics_40_727
29
216 535 40 43 0.720
667 171 19 23 0.716
81 475 28 34 0.695
694 552 38 42 0.693
323 122 15 17 0.608
865 433 28 30 0.592
592 72 17 19 0.434
652 543 34 37 0.175
411 125 13 14 0.136
732 350 18 23 0.111
415 123 14 16 0.093
649 529 39 39 0.053
596 69 16 19 0.045
418 119 14 17 0.027
735 344 17 21 0.024
635 106 12 14 0.023
419 125 13 15 0.017
778 421 29 30 0.017
362 186 16 20 0.017
873 428 24 29 0.017
644 520 41 37 0.016
502 206 15 21 0.014
357 89 15 18 0.013
731 341 17 20 0.013
536 214 20 21 0.013
632 109 14 17 0.011
359 95 13 17 0.011
109 443 13 14 0.010
589 77 18 18 0.010
