40_Gymnastics_Gymnastics_40_492
65
359 150 40 51 0.838
473 151 36 50 0.832
557 131 40 49 0.827
655 123 39 52 0.825
509 55 23 30 0.762
549 46 25 32 0.745
39 0 20 29 0.714
380 0 21 24 0.707
586 78 24 28 0.686
485 64 22 28 0.677
208 17 24 31 0.676
309 8 23 31 0.674
361 75 21 29 0.671
468 78 20 27 0.654
414 -2 20 19 0.630
309 72 20 33 0.622
169 14 19 28 0.585
269 16 20 28 0.579
451 -1 21 20 0.564
447 108 20 28 0.503
353 -1 21 21 0.468
339 -1 26 23 0.430
307 46 21 26 0.383
73 0 23 25 0.329
402 65 17 24 0.285
405 25 20 22 0.258
387 67 16 20 0.152
496 4 15 19 0.143
426 79 15 20 0.110
895 40 37 44 0.107
235 31 16 23 0.080
396 64 18 22 0.062
0 0 10 25 0.051
380 74 19 25 0.051
115 16 20 24 0.046
445 58 18 24 0.044
595 76 21 25 0.041
85 7 19 24 0.039
571 4 17 23 0.032
888 22 46 49 0.028
256 5 19 21 0.024
893 6 41 38 0.022
311 50 20 29 0.021
884 45 39 45 0.020
604 105 20 27 0.018
394 70 19 25 0.017
276 10 19 26 0.016
901 0 38 28 0.016
1010 14 14 43 0.015
450 66 17 23 0.015
429 74 17 22 0.015
302 50 21 26 0.014
543 14 17 21 0.013
280 1 19 20 0.013
182 2 20 22 0.013
392 114 19 22 0.013
222 -2 20 16 0.013
968 0 35 34 0.012
2 1 15 24 0.012
607 100 17 23 0.012
70 -4 20 21 0.012
303 74 20 28 0.011
90 16 20 26 0.011
162 16 19 26 0.011
375 150 40 50 0.011
