40_Gymnastics_Gymnastics_40_171
169
488 325 93 131 0.871
894 1306 36 45 0.671
614 1205 33 44 0.645
785 1335 29 36 0.638
699 1299 30 40 0.604
978 1061 25 32 0.594
693 1179 28 35 0.594
819 1218 31 43 0.586
270 1178 28 36 0.585
907 1111 25 31 0.581
2 1302 27 38 0.575
942 1167 27 36 0.563
94 1318 27 36 0.563
795 1183 30 35 0.548
765 1101 26 33 0.527
53 1126 30 39 0.519
273 1079 28 38 0.518
720 1222 30 39 0.510
887 1054 24 29 0.508
672 1274 26 33 0.506
842 1098 23 33 0.504
930 1254 28 34 0.501
634 1000 25 30 0.496
168 1261 31 40 0.483
173 1029 23 31 0.458
70 1075 28 34 0.447
374 1122 26 34 0.421
323 1176 25 30 0.411
176 877 24 30 0.409
313 969 27 33 0.408
247 1135 27 36 0.395
816 884 23 32 0.363
237 914 26 32 0.353
-3 1166 23 44 0.343
373 867 18 25 0.333
30 1035 26 31 0.307
195 1105 28 33 0.298
939 1099 25 33 0.287
120 969 24 29 0.281
4 1119 24 34 0.276
259 883 25 30 0.275
190 1185 27 35 0.261
325 857 20 24 0.258
440 1068 22 32 0.248
246 1030 29 34 0.243
767 851 22 27 0.243
654 963 25 31 0.242
196 993 23 29 0.228
169 934 24 32 0.204
715 1153 27 32 0.201
251 1291 35 40 0.197
963 974 24 29 0.192
34 861 24 32 0.188
409 1193 31 37 0.188
99 881 23 30 0.163
389 1294 36 48 0.157
692 874 27 34 0.156
151 1152 28 37 0.151
278 999 23 30 0.132
79 911 21 25 0.130
1004 1021 19 32 0.126
696 864 25 30 0.125
405 812 16 26 0.122
554 1006 22 28 0.121
117 793 23 28 0.120
135 851 22 25 0.120
196 822 22 30 0.118
128 1009 21 26 0.113
133 898 24 30 0.104
197 833 23 32 0.103
648 875 19 27 0.100
63 761 25 31 0.097
547 1269 27 36 0.096
718 990 23 28 0.084
536 1368 30 41 0.076
270 1005 28 33 0.074
248 850 21 26 0.061
252 846 21 25 0.059
379 866 18 24 0.058
0 934 16 26 0.057
23 689 34 44 0.053
982 1143 25 31 0.051
9 1110 27 34 0.049
242 1100 24 29 0.047
404 1191 27 33 0.045
140 1188 29 37 0.043
682 1384 46 46 0.042
280 1222 28 34 0.042
979 1305 27 36 0.042
90 860 21 26 0.041
154 1129 29 38 0.038
412 958 24 30 0.038
104 1108 25 30 0.037
910 905 23 29 0.035
904 1152 26 29 0.033
314 905 25 31 0.032
57 1334 29 37 0.032
738 857 22 26 0.031
700 1180 30 42 0.029
395 1196 25 32 0.029
172 965 21 27 0.029
592 1381 36 44 0.027
409 1175 31 35 0.027
155 1348 24 30 0.027
741 891 25 32 0.025
251 899 23 30 0.025
825 1044 21 30 0.025
19 1001 22 29 0.025
49 1411 39 26 0.024
422 1197 26 33 0.024
92 870 23 31 0.024
100 722 25 29 0.023
126 1045 26 29 0.022
527 1374 31 40 0.021
92 1256 29 34 0.021
28 1227 31 42 0.021
127 1027 24 32 0.020
255 1282 29 33 0.020
965 956 23 30 0.020
79 1074 26 33 0.019
147 1181 27 34 0.019
412 1225 29 36 0.019
130 846 22 26 0.019
4 840 19 31 0.019
401 1199 33 37 0.018
113 798 21 29 0.018
345 1094 29 36 0.017
556 1270 28 35 0.017
291 875 18 23 0.017
74 1264 35 39 0.017
751 847 22 28 0.016
491 1366 29 37 0.016
856 903 24 28 0.016
159 1355 25 29 0.015
145 1143 27 35 0.015
254 1305 30 36 0.015
68 1258 33 39 0.014
897 1262 30 37 0.014
321 862 20 25 0.014
736 826 23 24 0.013
554 1025 26 35 0.013
686 1219 27 32 0.013
941 1062 22 27 0.012
902 1200 26 33 0.012
779 1186 28 36 0.012
406 1161 27 32 0.012
557 1039 29 35 0.012
647 816 19 28 0.012
151 1359 30 38 0.012
117 1009 26 30 0.012
717 828 22 26 0.012
953 969 24 29 0.011
309 975 24 32 0.011
558 992 25 32 0.011
129 905 23 29 0.011
404 960 25 31 0.011
774 846 21 27 0.011
546 1372 28 35 0.011
332 1175 25 32 0.011
134 887 23 30 0.011
772 1110 25 30 0.011
487 1354 27 36 0.011
390 1275 51 72 0.011
137 685 29 36 0.011
987 1405 34 32 0.010
767 1187 27 31 0.010
724 827 22 26 0.010
345 1240 29 37 0.010
537 1269 28 37 0.010
