40_Gymnastics_Gymnastics_40_891
28
678 489 31 37 0.825
606 390 30 39 0.825
607 485 30 38 0.823
381 287 29 36 0.821
520 480 31 38 0.818
738 499 31 39 0.818
459 477 27 35 0.817
69 305 33 40 0.815
260 279 29 38 0.814
478 385 29 35 0.813
873 350 33 40 0.812
582 321 26 33 0.812
671 282 28 35 0.812
122 298 32 39 0.812
548 379 30 36 0.807
697 337 28 34 0.806
763 413 30 34 0.806
388 482 28 34 0.805
761 333 28 35 0.804
185 311 29 35 0.803
524 303 27 35 0.799
322 294 29 37 0.799
677 394 29 37 0.799
922 359 32 39 0.796
451 304 28 33 0.793
823 336 25 32 0.737
845 347 26 32 0.708
889 353 35 44 0.123
