40_Gymnastics_Gymnastics_40_260
37
196 527 32 43 0.810
999 587 25 46 0.802
452 218 39 49 0.787
767 538 25 33 0.711
62 534 29 35 0.650
799 542 22 32 0.646
359 280 33 58 0.514
491 345 24 44 0.407
910 552 23 35 0.384
548 605 9 12 0.369
649 629 9 11 0.310
681 630 9 11 0.290
605 654 8 11 0.192
636 665 8 11 0.164
446 587 18 20 0.144
280 570 25 39 0.111
545 607 9 11 0.106
676 664 10 11 0.079
638 663 8 12 0.067
647 627 9 11 0.053
281 566 37 54 0.049
900 553 25 35 0.039
702 659 8 11 0.033
456 588 14 17 0.030
953 584 16 18 0.029
549 612 10 13 0.023
942 631 21 26 0.021
686 636 8 9 0.020
281 575 18 27 0.018
714 634 7 9 0.017
558 644 10 12 0.016
563 646 9 10 0.016
725 691 10 13 0.015
277 572 16 25 0.012
919 556 20 27 0.011
435 584 13 16 0.011
633 670 8 11 0.010
