40_Gymnastics_Gymnastics_40_638
31
455 322 32 45 0.732
972 319 11 15 0.616
655 355 17 20 0.416
870 329 10 13 0.290
733 256 17 21 0.190
1004 235 15 17 0.132
791 324 10 15 0.127
824 346 10 14 0.116
644 375 14 17 0.095
950 336 9 11 0.059
660 357 17 20 0.057
737 261 17 22 0.038
847 338 9 11 0.035
948 336 8 10 0.033
732 251 15 18 0.032
726 259 19 24 0.025
874 329 9 13 0.025
831 352 10 13 0.023
672 357 12 17 0.021
960 374 9 12 0.019
820 347 9 11 0.018
868 326 10 13 0.017
690 327 11 15 0.016
850 334 10 12 0.016
1014 325 9 13 0.014
712 261 18 23 0.014
691 348 12 18 0.013
841 340 9 12 0.013
686 348 12 18 0.012
743 255 16 19 0.011
890 340 8 10 0.010
