58_Hockey_icehockey_puck_58_290
42
660 37 23 29 0.773
491 63 23 30 0.773
743 31 23 31 0.760
560 43 25 31 0.752
358 70 25 34 0.752
864 0 23 28 0.750
364 0 23 27 0.749
422 63 25 33 0.748
603 41 19 28 0.725
808 19 24 27 0.723
302 81 23 33 0.716
44 179 19 25 0.707
101 113 22 27 0.702
180 15 21 23 0.694
493 469 24 39 0.693
125 24 21 25 0.670
326 341 30 35 0.657
31 35 20 30 0.636
3 125 22 32 0.627
916 0 21 22 0.600
63 19 24 33 0.591
245 10 21 22 0.422
909 236 25 23 0.304
742 2 18 22 0.208
50 136 22 25 0.101
247 19 21 25 0.097
237 48 22 26 0.087
161 84 23 28 0.076
249 29 20 23 0.058
682 0 22 15 0.045
711 2 22 16 0.039
166 102 22 27 0.038
13 7 19 26 0.029
905 243 25 23 0.023
172 107 19 25 0.023
266 52 18 22 0.019
109 178 19 21 0.019
168 112 19 24 0.016
170 94 20 26 0.015
152 21 19 22 0.013
247 52 20 24 0.012
915 245 23 23 0.012
