58_Hockey_icehockey_puck_58_469
100
551 211 36 43 0.776
370 237 37 44 0.768
216 57 19 24 0.746
102 82 19 25 0.692
397 85 21 24 0.683
414 24 17 23 0.678
24 83 21 26 0.677
305 54 17 21 0.665
785 155 15 21 0.657
68 92 20 25 0.653
648 113 16 21 0.653
163 81 18 21 0.643
360 61 15 19 0.636
89 1 17 21 0.636
499 21 14 17 0.621
333 73 19 22 0.619
480 87 18 21 0.618
337 112 18 19 0.609
621 111 19 23 0.607
890 65 14 19 0.607
573 104 19 22 0.600
259 45 15 21 0.586
7 42 17 23 0.543
870 114 15 19 0.543
550 139 17 20 0.538
723 22 14 19 0.535
465 13 16 18 0.530
133 11 16 21 0.509
684 22 15 18 0.508
953 74 13 18 0.506
840 159 13 20 0.485
832 116 15 19 0.476
865 156 13 19 0.465
741 136 15 19 0.444
622 -3 13 13 0.412
902 166 14 18 0.389
522 160 16 21 0.374
924 149 16 21 0.365
714 302 24 25 0.324
285 125 15 18 0.141
914 174 14 16 0.135
810 164 11 14 0.117
741 130 14 17 0.116
163 29 16 21 0.113
721 297 25 26 0.106
713 6 12 15 0.101
924 119 14 16 0.097
234 101 19 23 0.097
202 9 18 21 0.096
878 88 14 17 0.083
171 226 26 50 0.072
216 20 16 19 0.064
478 0 13 13 0.063
918 176 13 16 0.061
282 129 15 18 0.057
1 112 19 25 0.056
949 172 14 17 0.056
931 154 15 19 0.056
545 -3 13 11 0.054
854 13 13 16 0.049
708 4 13 15 0.041
993 172 17 18 0.038
266 68 16 19 0.036
586 -2 13 12 0.034
236 31 15 17 0.034
858 184 14 17 0.033
110 5 14 18 0.033
515 159 16 21 0.031
906 114 14 18 0.028
525 164 17 20 0.026
0 67 12 23 0.026
312 109 18 21 0.025
936 178 13 16 0.023
839 116 12 18 0.022
108 84 18 22 0.021
207 6 18 21 0.019
873 89 15 19 0.019
658 -1 12 12 0.018
1000 173 14 17 0.018
982 166 14 17 0.017
816 7 11 16 0.017
950 113 14 19 0.017
855 5 14 16 0.017
784 86 15 17 0.016
836 155 14 20 0.015
130 0 15 19 0.015
746 -2 13 13 0.015
305 120 16 19 0.013
942 115 16 18 0.012
592 0 12 10 0.012
985 169 15 17 0.012
710 308 26 28 0.012
653 112 15 19 0.012
540 37 14 16 0.012
269 86 20 21 0.012
236 110 18 21 0.011
605 19 15 18 0.011
821 115 14 18 0.010
929 109 15 20 0.010
919 148 16 20 0.010
