58_Hockey_icehockey_puck_58_113
34
308 122 51 63 0.779
521 52 48 62 0.745
82 39 28 32 0.728
660 52 23 26 0.598
274 34 26 30 0.561
184 41 19 22 0.464
225 39 19 23 0.434
394 41 25 30 0.335
488 54 17 21 0.317
843 0 22 25 0.295
312 45 23 26 0.262
363 43 19 26 0.218
444 45 17 22 0.193
126 46 18 22 0.155
436 44 18 23 0.143
430 42 18 24 0.065
393 29 23 27 0.049
3 29 21 23 0.048
126 41 15 19 0.039
1 17 18 21 0.033
432 37 16 20 0.029
1015 416 9 32 0.029
366 36 19 23 0.023
245 18 12 14 0.022
389 28 20 24 0.018
190 42 18 20 0.017
391 30 36 44 0.017
316 41 18 21 0.016
998 45 17 22 0.015
110 47 24 26 0.013
999 96 23 36 0.013
415 23 21 25 0.012
429 31 17 21 0.012
392 48 20 24 0.011
