58_Hockey_icehockey_puck_58_285
25
569 174 35 44 0.768
569 95 20 24 0.717
290 146 33 40 0.702
431 130 30 34 0.669
38 131 22 22 0.645
965 273 51 44 0.620
785 82 14 16 0.477
998 80 9 12 0.242
804 71 9 12 0.181
319 93 9 10 0.144
312 120 23 30 0.087
766 85 8 10 0.066
33 87 6 6 0.055
1002 79 8 11 0.040
857 66 6 8 0.035
832 79 6 8 0.023
871 61 7 10 0.021
425 112 8 9 0.015
323 92 9 10 0.014
316 111 16 21 0.014
307 131 27 33 0.012
858 64 8 10 0.012
864 63 9 10 0.012
428 139 31 36 0.011
620 173 12 17 0.011
