58_Hockey_icehockey_puck_58_835
28
246 243 33 41 0.817
52 305 37 49 0.817
163 397 38 47 0.816
439 409 39 50 0.813
310 411 36 44 0.812
560 401 38 52 0.811
770 255 32 42 0.811
677 248 31 40 0.805
852 406 38 48 0.800
703 404 35 42 0.799
148 244 33 40 0.797
354 238 35 43 0.790
444 237 33 41 0.790
553 184 29 33 0.787
515 241 32 37 0.785
599 245 32 39 0.785
876 312 30 33 0.780
289 175 29 38 0.777
449 178 30 35 0.772
626 196 27 33 0.764
356 178 30 35 0.763
693 200 29 34 0.752
763 212 28 35 0.752
216 181 30 37 0.629
168 188 5 6 0.022
182 188 5 7 0.021
704 196 34 41 0.016
154 188 5 6 0.014
