58_Hockey_icehockey_puck_58_493
34
472 84 72 92 0.855
238 105 40 50 0.813
113 130 36 44 0.794
611 138 35 48 0.781
252 43 34 45 0.779
656 55 30 42 0.768
906 125 36 44 0.764
110 13 29 40 0.763
316 168 81 84 0.759
719 0 32 34 0.742
228 0 31 30 0.739
483 0 32 32 0.729
600 0 34 34 0.720
349 -1 32 27 0.695
2 -2 35 36 0.689
776 141 37 42 0.677
441 55 26 37 0.670
809 0 30 33 0.647
0 115 14 45 0.646
160 129 30 37 0.642
660 282 29 33 0.471
750 67 32 39 0.262
875 24 19 24 0.236
937 21 23 25 0.181
305 0 24 24 0.117
1012 132 12 32 0.054
825 90 26 33 0.047
728 11 35 47 0.046
149 58 26 30 0.032
450 56 30 38 0.026
749 82 29 34 0.023
882 77 19 24 0.021
414 123 31 34 0.016
950 123 21 26 0.014
