58_Hockey_icehockey_puck_58_384
51
607 226 26 29 0.762
530 440 32 36 0.758
422 492 31 35 0.739
600 192 22 28 0.735
223 206 34 31 0.700
544 255 24 26 0.672
553 302 26 29 0.637
348 574 35 41 0.593
774 60 20 25 0.591
739 126 28 28 0.576
508 336 26 30 0.519
656 180 23 27 0.498
845 23 22 21 0.471
827 54 24 26 0.466
436 357 23 30 0.394
3 500 35 33 0.286
144 534 37 29 0.211
452 241 23 23 0.156
237 487 35 25 0.137
631 75 23 22 0.121
735 117 26 30 0.064
439 245 24 23 0.057
840 24 18 22 0.056
836 60 22 23 0.054
516 350 31 27 0.047
469 202 22 22 0.040
522 129 20 24 0.038
0 492 30 34 0.034
834 73 23 21 0.034
432 245 23 22 0.030
248 483 29 26 0.029
530 137 25 27 0.028
157 530 30 31 0.027
658 190 23 24 0.025
456 355 23 28 0.025
838 81 20 18 0.024
350 588 29 33 0.023
536 145 24 25 0.023
413 403 24 27 0.022
0 489 17 34 0.022
757 103 26 26 0.021
685 73 24 21 0.020
299 446 24 29 0.019
751 221 18 22 0.017
928 19 14 15 0.016
677 71 25 22 0.013
529 128 24 27 0.012
430 358 20 26 0.012
823 136 16 18 0.012
668 278 20 19 0.011
434 368 25 28 0.010
