42_Car_Racing_Nascar_42_650
49
381 154 35 45 0.793
109 129 42 63 0.771
687 192 20 25 0.726
909 174 11 19 0.635
783 140 15 30 0.599
980 191 11 14 0.542
654 217 13 18 0.536
631 220 17 21 0.316
5 161 38 47 0.285
274 161 24 35 0.231
628 217 17 20 0.229
869 224 18 21 0.208
852 202 12 15 0.168
178 187 25 31 0.154
261 166 30 37 0.126
229 183 28 37 0.091
847 203 13 15 0.090
750 206 11 14 0.069
635 225 16 19 0.063
836 204 13 16 0.060
627 211 15 21 0.057
281 155 22 34 0.057
791 209 13 18 0.047
237 173 35 45 0.046
154 206 27 37 0.043
751 233 12 17 0.041
1 185 15 24 0.039
226 170 24 33 0.038
752 237 14 19 0.028
406 126 34 56 0.027
3 179 27 35 0.026
167 182 35 46 0.025
220 164 21 30 0.024
582 177 26 31 0.024
13 170 38 47 0.023
250 168 32 36 0.022
780 184 10 14 0.020
226 195 28 35 0.020
899 210 8 9 0.019
163 187 28 36 0.018
747 209 12 16 0.016
14 176 23 29 0.015
767 205 13 16 0.013
185 193 26 31 0.013
150 189 30 34 0.013
625 220 14 18 0.013
1 163 19 33 0.012
835 185 13 19 0.012
594 226 11 14 0.011
