42_Car_Racing_Car_Racing_42_743
51
605 84 23 29 0.729
697 111 13 17 0.487
123 119 16 20 0.438
750 98 10 13 0.322
806 102 9 13 0.315
183 178 16 18 0.266
96 115 15 17 0.236
923 111 11 14 0.198
550 123 14 20 0.189
981 111 12 14 0.167
778 103 11 13 0.154
888 108 11 14 0.148
753 96 10 13 0.143
985 111 12 16 0.126
100 118 15 19 0.096
233 180 14 18 0.095
123 195 25 29 0.095
977 112 11 14 0.090
989 112 12 14 0.076
984 109 10 13 0.072
715 139 8 10 0.070
809 100 10 13 0.069
806 108 10 13 0.064
145 160 11 15 0.059
591 115 14 19 0.058
653 103 13 16 0.057
1014 101 9 19 0.055
765 102 11 14 0.048
774 102 10 13 0.046
892 108 10 13 0.041
92 119 14 18 0.037
843 117 9 9 0.037
492 120 16 18 0.028
656 101 13 15 0.028
21 159 18 19 0.027
979 110 9 12 0.025
700 109 12 15 0.023
668 119 10 12 0.022
402 624 62 58 0.021
161 137 13 16 0.020
806 112 10 14 0.020
806 97 10 14 0.017
162 185 16 18 0.017
370 413 105 149 0.014
670 145 11 17 0.014
118 117 16 20 0.012
86 123 14 17 0.012
267 196 19 23 0.011
670 137 11 17 0.011
228 182 14 18 0.011
1006 104 11 17 0.010
