42_Car_Racing_Car_Racing_42_602
68
958 228 17 19 0.520
814 178 10 12 0.430
773 181 10 13 0.410
123 164 10 13 0.303
253 184 10 11 0.266
126 165 10 13 0.215
84 176 10 11 0.210
306 177 7 9 0.203
908 180 8 9 0.181
217 176 9 12 0.164
129 168 10 12 0.159
133 170 9 12 0.135
89 174 10 12 0.119
235 174 10 13 0.109
38 162 10 15 0.103
98 173 10 13 0.094
850 173 8 10 0.088
966 174 9 12 0.083
139 186 10 11 0.081
303 176 8 9 0.057
777 181 11 13 0.053
155 171 8 10 0.049
5 280 12 16 0.048
142 181 10 12 0.044
951 229 14 15 0.042
817 181 10 11 0.034
872 201 9 11 0.034
710 131 24 26 0.033
1018 178 6 15 0.033
882 197 10 11 0.029
879 184 8 9 0.028
318 179 10 12 0.025
904 177 8 10 0.025
119 168 11 13 0.025
481 126 25 24 0.024
870 203 7 9 0.024
260 184 7 9 0.023
912 167 6 8 0.023
177 174 10 11 0.022
318 185 10 12 0.022
1007 202 10 12 0.021
194 176 8 10 0.020
83 192 9 11 0.020
320 182 10 13 0.020
321 177 8 10 0.019
1014 197 7 16 0.018
1014 189 9 17 0.016
175 172 9 10 0.016
914 179 7 9 0.016
885 192 9 12 0.016
214 175 9 11 0.016
41 161 11 16 0.016
890 183 8 9 0.015
38 158 10 14 0.015
181 173 9 11 0.014
772 202 11 15 0.013
999 233 12 16 0.013
995 231 13 17 0.013
305 174 11 14 0.013
914 169 7 9 0.013
985 232 12 16 0.012
9 280 13 16 0.012
315 185 9 12 0.012
945 182 9 11 0.012
542 126 24 23 0.011
772 192 10 16 0.010
769 181 9 13 0.010
324 179 8 12 0.010
