52_Photographers_photographertakingphoto_52_263
34
627 261 26 34 0.788
353 298 21 29 0.750
136 293 21 32 0.746
38 278 21 29 0.725
686 245 21 39 0.718
753 280 22 39 0.709
800 282 23 40 0.687
403 292 23 32 0.647
318 307 13 17 0.477
470 304 13 21 0.397
271 301 11 15 0.378
24 369 34 46 0.290
670 365 47 56 0.151
322 305 14 20 0.127
399 315 11 14 0.073
877 336 21 31 0.052
474 306 15 19 0.049
65 385 20 28 0.047
567 322 6 8 0.047
81 318 18 21 0.038
427 25 8 8 0.033
268 304 11 15 0.032
464 305 15 20 0.030
565 323 6 8 0.029
182 312 12 18 0.024
400 300 17 25 0.024
332 302 14 20 0.021
313 306 12 15 0.021
577 345 7 9 0.019
570 349 6 7 0.014
569 323 7 9 0.012
873 339 17 27 0.011
564 353 6 6 0.011
70 382 19 27 0.010
