52_Photographers_photographertakingphoto_52_130
69
669 373 15 17 0.483
725 392 14 17 0.339
464 373 16 19 0.306
341 368 18 21 0.302
650 372 12 16 0.301
541 377 12 15 0.213
919 384 11 13 0.102
540 368 12 14 0.100
486 384 13 16 0.098
645 366 13 17 0.072
468 370 16 19 0.062
624 369 12 15 0.061
317 341 17 21 0.060
486 374 14 16 0.059
483 379 14 17 0.054
806 382 11 13 0.054
629 367 12 15 0.048
748 379 13 15 0.046
753 380 12 14 0.045
470 380 14 17 0.042
967 386 8 9 0.036
911 383 10 12 0.035
113 366 13 13 0.034
300 385 22 28 0.034
746 381 12 15 0.031
347 371 15 18 0.031
351 460 18 23 0.030
510 383 15 17 0.030
652 376 12 16 0.028
655 344 8 10 0.027
830 383 11 14 0.024
343 125 24 24 0.024
674 376 14 17 0.022
932 296 8 8 0.022
532 367 14 14 0.022
165 271 8 10 0.021
500 362 14 16 0.021
805 379 11 12 0.021
533 373 14 16 0.021
436 367 15 18 0.020
643 359 11 14 0.020
690 381 14 16 0.019
507 364 14 15 0.018
906 385 10 11 0.017
1016 291 6 8 0.017
730 370 11 13 0.017
521 389 14 18 0.015
649 368 18 23 0.015
401 371 18 19 0.014
596 388 12 17 0.014
386 349 18 22 0.014
515 365 15 16 0.013
515 386 15 19 0.013
302 378 19 23 0.013
632 329 13 18 0.013
909 379 10 13 0.013
784 383 10 12 0.013
110 367 18 18 0.012
523 395 14 16 0.011
466 383 14 17 0.011
117 365 8 9 0.011
439 374 15 16 0.011
736 369 11 12 0.011
4 313 86 112 0.011
785 379 10 12 0.010
689 373 12 16 0.010
809 363 7 9 0.010
439 364 15 17 0.010
345 134 19 20 0.010
