52_Photographers_taketouristphotos_52_288
29
703 300 34 48 0.839
843 200 34 48 0.825
985 71 33 44 0.823
768 10 30 37 0.820
1003 312 21 31 0.798
831 385 33 50 0.776
720 26 24 33 0.771
882 29 25 38 0.747
69 208 13 15 0.662
169 199 11 14 0.656
270 220 11 13 0.463
572 132 43 51 0.150
343 52 14 19 0.051
265 231 11 14 0.048
75 218 12 14 0.031
169 214 10 13 0.024
372 7 11 13 0.022
404 56 15 17 0.022
358 0 11 8 0.021
166 197 11 14 0.019
376 2 9 10 0.016
578 149 32 36 0.016
78 225 12 13 0.014
368 9 12 12 0.013
405 60 16 19 0.012
819 404 36 53 0.012
261 233 11 13 0.011
354 0 12 10 0.011
954 346 28 30 0.011
