52_Photographers_photographertakingphoto_52_315
23
478 164 59 77 0.847
692 86 99 142 0.835
238 122 54 83 0.783
161 165 98 128 0.781
288 185 20 26 0.690
0 221 16 68 0.379
633 199 9 12 0.192
584 193 10 12 0.173
233 167 32 45 0.113
579 193 10 12 0.083
611 200 11 13 0.039
257 150 34 55 0.039
562 197 11 14 0.038
568 192 10 11 0.033
995 331 12 15 0.028
334 209 11 14 0.025
3 219 22 65 0.018
262 173 27 32 0.015
331 211 12 15 0.014
636 198 10 13 0.014
671 197 9 11 0.014
358 129 18 72 0.012
246 178 26 33 0.011
