52_Photographers_photographertakingphoto_52_506
26
435 298 44 58 0.740
1 310 6 8 0.046
10 296 6 7 0.046
70 306 6 7 0.025
58 314 5 6 0.022
769 315 7 8 0.022
17 314 6 7 0.021
141 304 6 6 0.021
973 647 8 10 0.021
917 629 6 8 0.020
823 312 6 7 0.017
816 329 6 7 0.015
961 307 6 6 0.014
340 58 10 12 0.014
123 300 6 6 0.013
109 304 5 6 0.013
96 418 6 7 0.013
35 308 7 9 0.012
912 565 5 6 0.012
1014 622 8 11 0.012
93 300 5 7 0.011
965 321 8 10 0.011
778 404 6 7 0.011
911 311 6 7 0.011
1016 626 7 8 0.011
963 609 8 10 0.011
