39_Ice_Skating_iceskiing_39_583
50
459 221 47 42 0.717
784 149 26 31 0.714
444 137 34 40 0.706
521 116 28 35 0.687
304 87 20 29 0.607
235 42 26 47 0.452
325 84 19 25 0.428
353 182 18 22 0.395
697 201 9 11 0.370
635 215 16 19 0.115
661 207 9 11 0.113
675 204 8 10 0.101
398 100 14 19 0.097
276 68 13 17 0.070
419 109 20 24 0.065
350 95 15 17 0.060
665 182 8 11 0.056
499 144 23 28 0.047
806 156 17 22 0.044
598 152 14 17 0.042
853 185 7 8 0.041
111 0 17 25 0.039
657 203 11 13 0.036
701 201 8 11 0.035
652 199 9 11 0.032
717 187 6 8 0.031
310 72 14 17 0.030
813 160 12 16 0.028
347 256 39 35 0.027
320 82 16 22 0.025
273 66 12 16 0.023
307 175 17 19 0.022
380 93 13 16 0.022
857 186 6 7 0.021
243 54 21 37 0.020
257 17 18 28 0.018
874 169 7 8 0.017
994 226 7 8 0.017
746 205 7 10 0.014
728 204 6 8 0.014
891 221 6 8 0.014
168 13 20 25 0.014
748 185 8 10 0.013
851 183 8 12 0.012
614 185 9 11 0.012
356 92 15 17 0.012
748 204 9 11 0.012
260 154 14 18 0.011
425 112 19 25 0.011
609 183 11 13 0.010
