39_Ice_Skating_Ice_Skating_39_992
79
938 244 47 64 0.804
537 719 72 90 0.799
746 0 55 57 0.797
836 121 51 69 0.796
728 730 56 71 0.789
296 844 59 74 0.787
955 576 55 68 0.784
778 605 58 66 0.784
118 39 50 66 0.779
804 249 48 61 0.779
170 273 52 63 0.776
824 477 48 60 0.773
423 17 52 69 0.770
899 711 53 64 0.769
613 265 47 59 0.766
463 260 48 59 0.762
666 476 55 67 0.756
158 805 52 68 0.755
25 378 50 57 0.753
384 139 48 58 0.752
14 636 52 64 0.752
385 379 46 61 0.751
310 254 55 75 0.746
906 23 42 58 0.743
569 367 49 59 0.742
283 47 47 52 0.735
282 681 73 81 0.735
334 469 52 66 0.732
994 457 36 63 0.723
728 367 49 61 0.711
218 168 47 58 0.697
214 617 46 59 0.682
284 421 41 65 0.664
998 125 34 61 0.617
96 138 45 61 0.343
-3 49 23 62 0.335
335 366 39 49 0.304
227 363 45 60 0.259
-2 551 26 57 0.241
481 151 50 55 0.222
726 332 48 54 0.220
614 633 45 52 0.152
89 703 51 60 0.135
99 467 47 64 0.102
225 828 42 45 0.078
93 161 44 55 0.074
248 196 37 51 0.066
451 516 45 54 0.062
929 1 43 45 0.060
438 436 45 56 0.050
541 491 47 68 0.046
52 169 41 49 0.032
103 493 45 59 0.027
344 411 43 56 0.025
514 267 41 55 0.022
16 147 43 58 0.021
462 419 42 57 0.020
359 134 44 52 0.020
671 869 52 63 0.017
499 143 44 52 0.017
679 445 42 52 0.017
90 452 51 62 0.016
305 688 65 69 0.015
439 473 48 66 0.015
239 822 38 46 0.015
237 204 41 49 0.014
773 579 52 64 0.014
921 0 45 24 0.014
126 563 58 66 0.014
340 396 42 57 0.013
610 817 46 52 0.013
-2 530 35 61 0.012
182 447 50 58 0.012
105 708 47 59 0.011
858 448 29 39 0.011
477 163 54 72 0.011
898 3 41 48 0.011
62 496 47 58 0.010
336 131 44 49 0.010
