39_Ice_Skating_Ice_Skating_39_1029
82
926 212 14 16 0.642
653 231 13 16 0.613
237 270 11 15 0.609
754 222 16 22 0.591
524 241 11 13 0.586
297 252 11 14 0.574
208 251 10 14 0.566
109 247 12 14 0.561
269 255 11 14 0.554
491 244 11 14 0.550
818 244 12 13 0.529
393 256 11 13 0.518
423 252 10 14 0.508
559 248 11 14 0.434
463 252 10 13 0.418
740 222 13 17 0.395
327 259 10 13 0.394
351 255 11 13 0.374
419 270 9 12 0.355
695 237 10 13 0.350
607 236 13 14 0.319
373 261 10 11 0.280
467 251 9 12 0.253
183 247 9 13 0.221
326 248 9 11 0.142
327 249 10 14 0.125
362 257 11 12 0.123
712 228 10 13 0.121
604 238 12 14 0.116
176 248 9 13 0.110
160 266 10 12 0.110
611 234 11 15 0.107
472 248 8 11 0.097
139 248 9 12 0.091
443 261 11 12 0.078
282 262 10 12 0.069
190 263 9 13 0.067
219 240 10 12 0.064
228 262 9 13 0.061
284 264 10 12 0.060
361 63 9 11 0.054
96 255 9 11 0.052
439 266 9 11 0.046
155 261 11 13 0.043
645 54 8 11 0.041
172 248 9 13 0.041
754 46 9 11 0.041
429 266 11 12 0.037
248 71 7 9 0.035
601 238 11 14 0.031
429 242 9 10 0.029
790 251 12 14 0.029
750 3 10 11 0.028
246 72 7 8 0.024
134 246 10 12 0.024
619 51 8 10 0.023
390 63 8 9 0.021
314 263 9 11 0.020
181 89 7 9 0.020
315 69 9 10 0.020
692 238 9 12 0.019
211 80 9 10 0.019
51 246 7 8 0.018
821 241 11 15 0.018
615 6 9 11 0.018
140 252 9 11 0.017
555 240 10 13 0.016
104 250 11 13 0.016
3 254 7 8 0.015
664 234 10 13 0.015
272 26 8 8 0.015
338 63 7 9 0.014
686 3 9 10 0.014
215 241 10 13 0.014
566 238 11 14 0.013
378 73 7 9 0.012
254 266 8 12 0.011
247 73 8 10 0.011
218 236 10 12 0.011
341 61 7 9 0.011
793 55 10 11 0.011
966 32 7 8 0.010
