37_Soccer_soccer_ball_37_907
76
124 176 40 49 0.823
191 273 36 49 0.820
258 72 35 46 0.817
540 82 40 52 0.814
44 59 35 48 0.812
675 87 37 48 0.806
167 52 35 42 0.804
14 295 35 43 0.804
424 111 36 44 0.799
21 183 41 50 0.766
912 171 43 46 0.759
150 305 33 44 0.713
1002 80 22 40 0.696
333 113 33 39 0.662
921 68 27 42 0.661
728 0 25 28 0.447
348 0 31 12 0.313
900 280 28 35 0.259
774 321 38 50 0.253
994 440 17 19 0.171
828 278 24 36 0.162
258 1 33 16 0.149
1004 360 19 26 0.080
886 0 23 16 0.074
787 0 18 8 0.071
863 0 26 20 0.062
1012 295 12 52 0.060
659 444 18 22 0.052
653 86 21 28 0.051
780 398 16 19 0.042
329 427 19 22 0.041
307 281 30 39 0.038
936 249 28 32 0.038
1010 310 14 55 0.037
445 478 18 21 0.032
353 2 22 13 0.032
865 481 21 25 0.028
568 440 19 24 0.026
155 2 34 27 0.025
725 360 20 23 0.024
299 279 28 39 0.023
544 446 19 22 0.023
409 405 18 22 0.023
435 405 20 23 0.021
1014 288 10 37 0.021
668 287 41 53 0.021
722 0 22 18 0.020
352 532 19 22 0.020
967 442 15 19 0.018
200 443 27 34 0.018
778 54 35 35 0.017
883 282 30 36 0.017
360 424 23 24 0.017
395 309 31 41 0.016
687 545 21 25 0.016
759 509 20 21 0.015
941 442 16 19 0.014
318 288 29 38 0.014
358 502 16 22 0.014
303 427 19 21 0.014
678 285 27 36 0.013
838 265 36 43 0.013
361 1 27 13 0.013
854 431 20 23 0.013
75 0 35 9 0.012
447 241 32 43 0.012
321 532 18 21 0.012
356 470 18 21 0.011
326 121 20 27 0.011
382 539 20 23 0.011
906 82 26 40 0.011
894 533 22 26 0.011
698 512 20 21 0.011
1015 328 9 38 0.010
85 0 34 12 0.010
994 88 26 38 0.010
