37_Soccer_soccer_ball_37_281
102
780 560 6 6 0.166
271 536 6 7 0.153
823 496 4 5 0.146
608 535 5 6 0.142
559 553 5 7 0.140
335 613 7 8 0.137
730 528 5 6 0.128
217 513 6 7 0.115
273 536 6 7 0.094
641 475 5 6 0.088
274 651 6 8 0.081
402 661 8 10 0.064
825 496 4 5 0.064
201 579 7 8 0.061
424 659 7 8 0.054
340 668 8 9 0.054
339 615 6 7 0.052
367 642 7 9 0.051
203 580 6 7 0.050
561 555 5 6 0.048
329 303 7 8 0.048
198 316 5 6 0.046
764 573 5 6 0.046
362 640 7 9 0.041
205 559 6 8 0.040
305 673 7 8 0.035
646 475 4 5 0.035
416 669 7 9 0.033
359 639 7 9 0.033
545 303 5 7 0.033
259 576 7 8 0.033
116 558 6 7 0.031
1007 362 5 6 0.031
778 560 5 6 0.031
430 663 7 8 0.030
136 509 5 7 0.029
604 535 6 6 0.029
397 647 8 9 0.029
343 671 7 9 0.029
155 566 6 8 0.028
728 529 5 5 0.027
370 644 7 8 0.025
351 623 6 8 0.025
981 338 5 6 0.024
280 588 6 8 0.023
358 627 7 9 0.023
172 550 6 7 0.022
421 655 6 8 0.022
177 561 6 9 0.021
262 576 7 8 0.020
270 651 7 9 0.020
782 564 5 6 0.020
85 484 6 6 0.020
457 673 6 8 0.019
140 552 7 8 0.019
238 570 6 7 0.018
221 555 6 8 0.018
176 550 5 7 0.018
136 554 6 8 0.017
421 664 8 9 0.017
556 552 8 9 0.017
71 477 6 7 0.016
764 577 5 6 0.016
984 339 5 5 0.016
123 521 5 7 0.016
786 562 5 6 0.016
284 592 7 7 0.016
218 355 6 7 0.015
458 662 8 10 0.015
460 658 7 10 0.015
175 526 5 7 0.015
401 665 7 9 0.015
606 533 7 9 0.015
1010 364 5 5 0.015
84 500 6 7 0.015
181 545 5 7 0.015
168 551 5 7 0.014
161 532 5 6 0.014
934 308 4 6 0.013
309 608 7 8 0.013
949 340 4 6 0.013
949 342 4 6 0.013
263 559 7 7 0.013
768 578 5 6 0.013
179 565 6 8 0.013
608 538 5 6 0.013
899 331 4 5 0.013
611 533 5 6 0.013
176 293 6 8 0.012
142 547 6 7 0.012
205 282 5 5 0.012
276 590 6 7 0.012
438 666 7 8 0.012
359 626 9 11 0.012
570 566 6 7 0.011
245 668 8 9 0.011
951 317 5 6 0.011
331 303 7 8 0.011
565 329 4 6 0.011
735 527 5 6 0.010
18 558 7 8 0.010
625 605 5 6 0.010
