37_Soccer_soccer_ball_37_692
179
658 261 10 12 0.606
620 261 10 13 0.575
461 265 10 12 0.529
80 270 10 13 0.520
579 263 10 12 0.484
75 254 9 11 0.416
459 209 7 8 0.365
572 255 9 11 0.318
574 259 10 12 0.316
297 209 6 8 0.294
885 185 7 8 0.250
233 183 6 7 0.208
323 212 6 6 0.168
532 187 6 7 0.149
570 254 9 11 0.140
109 142 6 7 0.110
457 209 6 8 0.106
863 87 5 6 0.104
575 263 10 13 0.095
552 188 6 7 0.085
259 377 12 19 0.085
125 152 6 7 0.080
887 186 7 7 0.078
154 105 6 6 0.077
970 181 6 7 0.066
299 209 6 7 0.065
57 101 6 7 0.064
1 84 6 9 0.060
84 94 7 8 0.055
828 94 6 6 0.053
188 109 5 7 0.052
840 93 5 7 0.050
500 105 5 6 0.047
987 96 6 8 0.045
836 94 5 7 0.044
427 120 6 7 0.044
998 119 9 9 0.043
223 90 6 6 0.043
676 154 7 8 0.042
109 94 7 8 0.042
1010 87 7 9 0.040
472 248 7 9 0.039
830 93 6 7 0.039
460 207 6 7 0.039
455 210 7 9 0.037
502 105 5 6 0.037
865 213 6 8 0.036
971 180 6 8 0.034
450 114 6 7 0.034
190 109 6 7 0.034
536 188 6 7 0.033
864 85 5 6 0.032
74 248 9 12 0.032
449 234 6 7 0.028
758 76 5 7 0.027
157 87 6 6 0.026
517 104 5 5 0.025
425 119 5 7 0.025
835 82 5 6 0.024
1004 53 5 6 0.024
660 259 12 15 0.023
31 61 6 7 0.023
593 302 9 10 0.023
812 73 5 6 0.023
258 384 13 17 0.023
751 155 7 7 0.023
256 372 13 20 0.022
645 62 5 6 0.022
719 97 6 7 0.022
61 96 6 8 0.021
750 153 6 7 0.021
551 77 5 6 0.021
674 150 6 7 0.021
556 99 5 6 0.021
1 69 5 8 0.020
841 69 5 6 0.020
718 95 5 7 0.020
656 159 5 6 0.020
254 380 14 19 0.020
527 102 5 6 0.020
104 118 6 7 0.020
860 147 6 7 0.020
211 97 5 6 0.019
234 89 5 6 0.019
141 114 6 7 0.019
487 141 5 6 0.019
471 254 8 11 0.019
133 90 5 7 0.019
81 237 9 9 0.019
429 103 6 7 0.019
461 260 7 10 0.019
628 278 8 10 0.019
154 107 5 6 0.019
938 67 6 7 0.018
556 191 6 6 0.018
24 95 6 7 0.018
429 119 5 7 0.018
674 104 5 6 0.018
863 147 5 7 0.018
77 235 7 9 0.017
53 87 6 7 0.017
937 68 5 7 0.017
200 93 5 6 0.017
857 637 28 31 0.017
527 74 5 6 0.017
472 233 6 8 0.017
250 86 5 6 0.017
26 98 6 8 0.016
435 55 5 6 0.016
171 103 6 7 0.016
449 236 5 7 0.016
643 158 6 7 0.016
126 152 7 9 0.016
768 140 5 6 0.015
119 145 7 9 0.015
106 146 5 7 0.015
227 90 5 6 0.015
275 87 5 6 0.015
542 88 6 6 0.015
155 100 5 7 0.015
556 187 6 6 0.014
743 90 5 6 0.014
838 219 6 7 0.014
529 102 5 6 0.014
867 215 6 7 0.014
469 105 5 6 0.014
860 149 6 7 0.014
506 125 5 6 0.014
428 102 5 6 0.013
87 238 8 9 0.013
998 101 7 8 0.013
109 91 7 8 0.013
819 75 5 7 0.013
796 96 6 6 0.013
296 89 5 6 0.013
7 82 6 8 0.013
664 70 5 6 0.013
89 237 9 11 0.013
257 90 5 5 0.013
846 139 5 6 0.013
516 100 5 6 0.013
620 108 5 6 0.013
199 90 5 6 0.013
999 114 9 13 0.013
862 71 5 6 0.013
87 236 8 8 0.012
615 64 5 6 0.012
788 89 5 6 0.012
733 108 5 7 0.012
741 91 6 6 0.012
722 78 5 6 0.012
876 53 5 6 0.012
813 112 5 7 0.012
26 95 6 7 0.012
597 119 5 6 0.012
654 158 6 6 0.012
617 90 5 6 0.012
1007 87 6 8 0.012
789 92 5 6 0.012
837 60 5 6 0.012
492 237 6 7 0.011
386 88 5 6 0.011
794 92 5 7 0.011
812 92 5 6 0.011
684 73 5 6 0.011
744 84 6 7 0.011
767 142 5 6 0.011
666 70 5 6 0.011
40 92 6 7 0.011
722 76 5 6 0.011
543 109 5 6 0.011
684 70 5 7 0.011
456 55 5 6 0.011
239 191 6 7 0.010
260 102 6 6 0.010
470 233 6 7 0.010
680 56 5 6 0.010
167 111 6 7 0.010
640 76 5 6 0.010
