37_Soccer_soccer_ball_37_113
48
521 151 126 170 0.784
428 99 37 47 0.714
711 81 71 90 0.707
134 175 47 54 0.566
76 117 33 43 0.563
430 165 40 43 0.561
974 129 45 57 0.551
219 233 46 54 0.551
858 44 40 50 0.505
201 27 51 56 0.491
275 163 37 49 0.470
927 260 69 71 0.252
145 250 42 52 0.216
315 147 30 40 0.213
58 182 45 51 0.194
599 36 42 49 0.120
672 104 47 64 0.108
99 111 34 43 0.091
945 276 65 88 0.068
152 244 34 42 0.060
83 110 37 45 0.059
67 193 47 50 0.042
959 302 52 78 0.039
951 73 35 47 0.039
539 37 31 47 0.037
537 48 41 54 0.036
673 98 35 46 0.034
222 32 38 51 0.032
964 105 43 56 0.032
588 29 59 73 0.025
61 176 35 41 0.025
543 33 31 34 0.024
95 195 31 39 0.024
565 29 64 79 0.022
664 71 30 33 0.019
605 40 64 78 0.019
609 51 40 44 0.018
795 66 33 40 0.018
421 133 51 69 0.016
830 112 41 57 0.015
492 224 52 83 0.015
295 161 36 49 0.015
325 309 33 38 0.014
257 200 29 38 0.014
151 185 34 42 0.013
648 106 57 71 0.012
156 234 32 40 0.012
269 181 32 41 0.011
