37_Soccer_Soccer_37_651
90
904 294 30 39 0.816
496 306 29 40 0.793
104 224 37 42 0.761
3 212 26 41 0.724
305 216 25 40 0.676
978 41 17 21 0.509
584 177 19 24 0.335
1014 327 10 39 0.329
736 21 17 18 0.323
672 127 18 17 0.242
1006 1 16 17 0.215
661 155 20 25 0.196
805 119 19 22 0.160
603 85 19 23 0.154
1012 134 12 20 0.145
648 95 19 21 0.145
702 91 18 21 0.096
817 303 22 33 0.096
732 173 17 20 0.091
566 119 17 20 0.089
490 0 13 9 0.087
753 68 15 20 0.081
1013 143 11 20 0.075
735 122 16 21 0.071
806 88 15 19 0.053
564 113 16 20 0.052
656 12 17 23 0.048
1012 121 12 21 0.047
564 80 14 19 0.042
827 173 19 22 0.041
364 1 18 10 0.040
718 134 17 22 0.038
734 17 16 18 0.037
418 162 19 24 0.035
533 197 18 24 0.033
350 0 15 7 0.032
778 82 14 19 0.030
570 121 18 21 0.029
518 38 14 18 0.029
584 254 19 23 0.029
777 129 14 21 0.028
974 86 15 18 0.026
697 0 15 8 0.025
1000 2 16 15 0.023
498 44 16 18 0.022
748 67 15 20 0.022
206 289 17 31 0.022
515 71 16 17 0.022
807 109 17 21 0.021
366 2 17 15 0.019
1009 125 14 21 0.019
354 0 17 11 0.018
375 0 15 7 0.018
645 88 18 21 0.018
465 90 14 17 0.018
735 130 17 24 0.017
486 -1 16 13 0.017
739 2 17 18 0.016
1009 147 14 20 0.016
484 0 13 9 0.016
902 0 15 8 0.016
519 0 15 6 0.015
461 16 13 17 0.015
560 335 17 24 0.015
646 0 14 7 0.014
502 21 16 18 0.014
1016 314 8 42 0.014
544 9 15 16 0.014
255 217 23 31 0.014
678 126 17 19 0.014
704 101 17 20 0.014
561 79 13 17 0.014
599 2 15 18 0.013
672 153 20 26 0.013
576 255 20 24 0.013
509 41 16 18 0.013
515 44 15 18 0.013
842 152 18 27 0.013
734 166 18 23 0.013
837 113 10 13 0.012
847 132 12 20 0.012
396 14 13 17 0.012
502 32 15 19 0.012
246 219 25 33 0.011
1008 115 13 18 0.011
929 0 15 7 0.011
617 122 15 22 0.011
488 2 15 14 0.011
742 21 16 18 0.010
773 140 15 25 0.010
