37_Soccer_soccer_ball_37_345
29
817 167 15 19 0.762
623 179 15 18 0.752
715 163 16 19 0.748
491 171 16 19 0.748
556 165 16 20 0.746
969 181 16 20 0.744
427 182 16 19 0.740
365 180 15 18 0.735
1001 190 15 19 0.717
384 92 11 14 0.716
141 314 16 26 0.684
445 280 15 17 0.186
369 160 11 14 0.163
950 275 13 15 0.121
983 286 16 16 0.097
350 280 13 16 0.073
428 334 16 22 0.070
80 53 7 7 0.064
112 474 21 22 0.047
414 283 14 17 0.036
46 45 7 9 0.035
384 278 13 17 0.021
267 130 5 6 0.020
373 159 12 14 0.017
89 52 7 8 0.017
95 50 6 8 0.013
90 54 7 8 0.013
0 265 9 40 0.012
75 59 7 8 0.012
