37_Soccer_soccer_ball_37_583
547
668 88 39 52 0.854
795 250 46 57 0.849
562 102 41 53 0.848
270 99 40 49 0.848
796 99 40 53 0.846
666 252 46 58 0.844
406 79 42 57 0.842
527 271 43 57 0.827
184 72 45 59 0.825
286 287 44 56 0.818
416 264 44 56 0.811
397 62 6 8 0.377
15 103 7 8 0.375
867 140 6 8 0.365
141 99 7 8 0.356
122 98 6 8 0.352
379 59 7 8 0.345
371 81 7 9 0.344
391 81 6 8 0.326
351 77 7 8 0.314
146 118 8 9 0.312
749 103 6 8 0.308
538 93 7 8 0.308
332 39 6 8 0.297
311 69 6 8 0.297
172 4 6 7 0.294
237 61 6 7 0.288
357 88 7 9 0.284
130 60 6 7 0.280
657 65 5 7 0.280
370 1 6 7 0.271
134 87 6 8 0.263
617 68 6 8 0.261
402 2 6 7 0.259
394 28 7 7 0.259
156 88 6 7 0.258
148 8 6 7 0.258
335 9 5 7 0.258
465 39 6 8 0.257
767 117 6 7 0.253
130 7 7 8 0.253
160 38 6 8 0.252
597 61 6 7 0.247
18 37 6 7 0.245
767 57 6 7 0.244
309 47 6 8 0.241
322 61 7 8 0.239
570 55 6 8 0.238
835 93 6 7 0.233
314 88 6 9 0.232
739 73 6 7 0.227
139 46 6 7 0.226
329 74 7 8 0.225
331 79 6 9 0.223
369 28 7 7 0.220
917 78 6 8 0.218
413 44 7 8 0.217
137 24 5 7 0.214
82 44 7 8 0.213
541 64 6 8 0.212
157 23 6 8 0.210
154 61 6 7 0.209
683 51 6 7 0.209
112 55 6 8 0.206
437 29 7 8 0.205
178 27 6 7 0.203
276 6 5 7 0.202
99 49 6 7 0.201
906 97 7 7 0.201
727 108 7 7 0.200
438 64 6 7 0.200
537 1 5 7 0.198
186 6 6 7 0.194
961 101 6 8 0.193
324 29 6 8 0.190
737 94 6 7 0.190
504 32 6 7 0.190
5 73 7 9 0.187
571 3 5 6 0.183
365 67 6 8 0.183
874 98 6 7 0.183
142 96 7 9 0.182
61 36 6 7 0.181
864 81 6 8 0.181
630 54 6 8 0.181
659 1 5 7 0.180
303 18 6 7 0.180
336 10 5 7 0.179
759 95 6 7 0.175
668 34 5 7 0.173
415 43 6 7 0.172
76 24 6 7 0.171
601 41 6 7 0.169
557 64 6 6 0.166
893 87 6 8 0.163
71 69 6 8 0.162
765 116 6 8 0.157
117 2 6 8 0.156
26 78 7 8 0.155
354 10 6 7 0.151
292 10 5 7 0.150
648 34 6 6 0.150
346 33 6 7 0.149
546 46 6 8 0.148
699 34 6 7 0.148
325 31 6 8 0.147
100 34 6 8 0.147
38 79 6 8 0.146
481 36 5 6 0.145
697 32 6 7 0.145
198 38 6 8 0.145
519 31 6 8 0.144
294 55 7 8 0.143
267 29 5 7 0.142
624 92 6 7 0.141
789 55 5 7 0.139
45 51 6 8 0.137
94 96 6 8 0.136
519 67 5 7 0.134
309 70 6 7 0.134
594 13 6 7 0.133
452 17 6 7 0.131
461 36 6 8 0.131
935 100 6 7 0.131
757 36 6 6 0.129
545 84 6 8 0.129
367 28 6 7 0.129
712 45 5 7 0.128
785 55 6 8 0.128
365 24 6 8 0.127
650 34 6 7 0.125
682 6 7 8 0.125
557 3 5 7 0.124
894 114 6 8 0.123
1005 58 6 7 0.123
761 96 6 6 0.123
355 41 6 8 0.123
619 44 6 7 0.120
646 54 6 8 0.119
366 70 7 8 0.118
345 31 6 8 0.116
81 65 6 8 0.114
874 67 6 7 0.113
893 112 6 7 0.113
307 17 6 8 0.111
458 95 6 7 0.111
352 80 7 9 0.111
567 24 6 7 0.110
958 99 6 7 0.109
254 -1 5 6 0.108
248 83 6 7 0.107
281 62 7 7 0.107
369 74 7 9 0.106
684 49 6 8 0.105
703 54 6 8 0.105
135 25 6 7 0.105
933 100 6 7 0.104
316 108 9 10 0.103
548 49 6 8 0.103
492 48 6 8 0.102
517 99 6 6 0.102
36 37 6 8 0.101
383 16 6 7 0.101
284 17 6 7 0.099
631 34 5 7 0.099
293 47 6 7 0.099
443 1 6 6 0.097
887 47 6 6 0.097
542 15 6 8 0.097
856 96 6 7 0.096
665 50 6 7 0.096
581 39 6 7 0.096
96 96 7 8 0.095
256 32 6 7 0.095
159 87 5 8 0.095
7 5 6 7 0.092
394 98 6 8 0.092
112 25 6 8 0.092
69 93 6 7 0.092
737 69 6 7 0.089
513 16 5 7 0.089
121 35 7 8 0.087
500 16 5 7 0.086
390 26 6 8 0.086
543 40 6 8 0.085
95 99 6 7 0.084
292 42 6 8 0.084
262 30 6 7 0.083
525 65 6 7 0.083
606 2 6 6 0.082
49 73 6 7 0.081
980 70 6 7 0.081
956 97 6 8 0.081
883 70 5 7 0.081
854 94 6 7 0.080
352 39 6 8 0.079
941 80 6 7 0.079
1006 99 5 7 0.079
34 96 7 8 0.078
879 99 6 7 0.078
390 77 7 10 0.078
971 86 6 7 0.077
37 42 7 7 0.076
653 13 5 7 0.076
999 69 5 7 0.076
352 55 6 8 0.076
48 50 7 7 0.075
907 64 5 7 0.075
469 42 5 7 0.074
8 4 6 7 0.074
613 11 5 6 0.073
141 43 6 9 0.073
328 78 6 8 0.073
223 167 7 9 0.072
638 66 6 7 0.072
951 99 6 7 0.072
83 4 6 7 0.072
274 39 6 7 0.072
295 48 6 7 0.072
496 49 6 7 0.072
259 49 6 7 0.071
721 92 6 8 0.071
22 82 7 8 0.071
684 34 5 7 0.070
50 95 6 8 0.070
282 5 6 7 0.069
549 89 6 7 0.068
581 41 6 7 0.067
355 89 7 9 0.067
531 64 7 8 0.067
456 38 5 7 0.066
864 53 5 7 0.066
167 49 5 7 0.065
122 45 6 8 0.065
28 77 8 10 0.065
817 49 5 7 0.065
861 57 6 7 0.065
524 13 6 7 0.064
849 69 6 7 0.064
685 32 5 7 0.064
470 24 6 6 0.064
516 3 5 6 0.063
382 58 7 8 0.063
719 65 5 7 0.063
904 64 5 7 0.063
57 50 6 8 0.062
865 139 7 10 0.062
706 50 6 8 0.062
110 21 6 8 0.062
801 20 5 7 0.062
86 19 6 8 0.061
658 66 6 7 0.061
256 49 6 7 0.061
391 81 8 12 0.061
167 52 5 7 0.061
1 48 5 8 0.061
621 67 6 8 0.061
827 72 6 8 0.061
947 78 6 7 0.060
848 88 5 7 0.060
427 11 6 7 0.060
523 15 6 7 0.060
110 5 5 6 0.060
286 36 6 7 0.060
691 63 6 7 0.059
433 21 6 7 0.059
939 79 5 7 0.059
247 80 5 8 0.059
573 2 5 7 0.058
573 5 6 7 0.058
663 48 6 8 0.058
829 37 6 6 0.058
1007 84 6 7 0.058
341 59 6 8 0.057
88 182 7 8 0.057
288 9 6 7 0.056
475 1 5 7 0.056
12 99 7 10 0.056
780 29 5 7 0.056
713 66 6 7 0.055
985 92 6 7 0.054
466 25 6 7 0.054
740 93 6 8 0.054
118 4 6 7 0.054
891 114 6 8 0.054
112 6 6 8 0.053
566 64 6 7 0.053
903 66 6 7 0.053
805 76 5 7 0.052
495 18 6 6 0.052
982 95 6 8 0.052
309 44 6 7 0.052
320 2 5 7 0.051
640 16 5 7 0.051
260 7 5 7 0.051
514 21 6 8 0.051
647 31 6 7 0.051
87 6 6 7 0.051
948 80 5 8 0.051
580 17 6 7 0.051
959 53 6 6 0.050
312 3 5 6 0.048
91 3 5 7 0.048
234 1 6 6 0.047
985 111 6 8 0.047
939 47 5 6 0.046
33 100 7 10 0.046
780 32 5 7 0.046
828 38 5 6 0.046
811 36 5 6 0.046
807 78 5 6 0.044
62 39 7 8 0.044
830 76 6 7 0.044
820 20 5 7 0.043
107 92 6 8 0.043
554 33 5 7 0.043
1010 111 6 7 0.043
179 43 6 7 0.043
633 11 5 6 0.043
595 5 5 6 0.043
29 66 7 8 0.042
604 89 6 7 0.042
929 66 5 7 0.042
496 69 5 7 0.042
925 104 6 7 0.042
296 75 6 6 0.042
66 10 6 7 0.041
87 87 6 8 0.041
733 0 5 6 0.041
985 113 7 8 0.041
456 94 5 7 0.041
525 43 6 8 0.040
3 35 5 8 0.039
492 84 5 6 0.038
1001 112 6 8 0.038
956 52 6 7 0.038
938 62 5 6 0.038
611 7 5 7 0.038
750 108 8 9 0.038
316 91 7 9 0.037
67 6 5 6 0.037
574 71 6 7 0.037
47 3 5 6 0.037
786 119 5 7 0.037
617 14 5 7 0.037
703 32 6 6 0.036
833 92 7 9 0.036
964 75 6 7 0.036
626 27 5 6 0.035
539 88 5 8 0.035
867 50 5 7 0.035
986 57 5 7 0.035
821 58 5 8 0.035
545 20 6 7 0.034
440 63 6 7 0.034
546 54 7 9 0.034
597 41 6 7 0.034
856 21 5 6 0.033
71 94 6 8 0.033
610 16 5 7 0.033
457 35 8 10 0.033
814 54 6 7 0.033
17 67 7 8 0.032
245 84 6 7 0.032
778 31 6 7 0.032
504 50 5 7 0.032
492 69 6 7 0.032
52 92 7 8 0.031
389 2 5 6 0.031
12 2 6 7 0.031
341 106 7 9 0.030
398 55 7 9 0.030
902 40 5 7 0.030
596 43 5 8 0.029
786 56 7 8 0.029
988 54 5 6 0.029
152 119 6 8 0.029
303 2 5 6 0.029
191 5 5 7 0.028
425 5 5 6 0.028
2 53 6 8 0.028
759 12 5 7 0.028
794 53 6 7 0.028
829 81 5 7 0.028
50 3 5 6 0.027
509 97 5 6 0.027
158 31 7 10 0.027
480 54 6 7 0.027
102 49 8 9 0.027
247 21 6 7 0.027
913 38 5 6 0.026
654 63 8 9 0.026
596 57 8 10 0.026
731 0 5 4 0.026
517 95 6 7 0.026
188 54 5 7 0.026
975 55 5 6 0.025
38 101 7 9 0.025
246 83 7 9 0.025
86 183 6 7 0.025
803 81 5 5 0.025
676 10 5 8 0.025
939 44 5 7 0.024
84 6 6 7 0.024
313 189 14 16 0.024
887 57 5 8 0.024
86 66 6 7 0.024
629 33 7 10 0.024
248 86 6 7 0.024
261 67 6 7 0.024
716 108 7 9 0.024
621 84 7 10 0.024
747 46 5 7 0.024
181 55 7 7 0.023
1013 76 6 8 0.023
273 77 5 7 0.023
893 45 6 6 0.023
578 76 5 7 0.023
465 41 8 9 0.023
743 46 6 7 0.023
193 27 6 7 0.022
30 78 8 11 0.022
353 5 5 7 0.022
956 120 7 8 0.022
774 26 6 7 0.022
782 2 5 5 0.021
462 31 8 10 0.021
919 77 7 9 0.021
398 57 7 11 0.021
144 116 12 13 0.021
132 117 6 8 0.021
494 16 5 7 0.021
802 20 6 6 0.021
739 21 6 6 0.021
413 26 6 8 0.021
716 85 6 7 0.021
228 117 8 9 0.020
644 54 7 10 0.020
39 18 6 7 0.020
1005 27 5 6 0.020
169 65 5 7 0.020
798 42 5 6 0.020
20 19 6 7 0.020
233 62 6 6 0.020
631 5 5 6 0.019
134 51 8 10 0.019
181 30 7 9 0.019
232 0 5 5 0.019
877 19 5 6 0.019
1004 110 6 7 0.019
731 101 8 10 0.019
30 0 5 5 0.019
509 48 6 8 0.018
603 85 6 7 0.018
835 65 6 7 0.018
852 101 6 7 0.018
51 5 5 6 0.018
128 112 7 9 0.017
719 97 5 6 0.017
708 46 7 9 0.017
515 30 8 9 0.017
810 11 5 5 0.017
716 44 5 7 0.017
312 67 8 10 0.017
29 117 8 9 0.017
759 16 6 7 0.017
834 42 6 7 0.016
642 1 5 6 0.016
28 18 6 7 0.016
963 41 5 7 0.016
67 29 9 9 0.016
298 49 8 9 0.016
236 18 5 7 0.016
255 2 5 7 0.016
875 18 5 6 0.016
119 120 6 7 0.016
389 103 6 8 0.016
270 67 7 8 0.016
896 113 7 9 0.015
928 47 6 7 0.015
155 5 5 7 0.015
743 53 5 8 0.015
913 105 6 7 0.015
30 15 6 7 0.015
318 113 7 8 0.015
65 94 8 9 0.015
260 119 7 9 0.015
710 0 5 6 0.015
107 299 22 30 0.015
838 21 5 6 0.015
476 97 6 7 0.014
510 2 5 6 0.014
854 22 5 6 0.014
263 30 8 10 0.014
835 17 5 6 0.014
953 120 7 8 0.014
374 86 7 8 0.014
155 65 7 10 0.014
915 120 6 7 0.014
462 59 6 7 0.014
680 48 8 10 0.014
779 1 5 5 0.013
54 21 6 7 0.013
1017 42 5 8 0.013
940 121 6 8 0.013
223 18 5 6 0.013
980 117 6 8 0.013
608 118 7 9 0.013
762 12 6 6 0.013
224 19 6 6 0.013
65 101 7 8 0.013
163 113 5 7 0.013
434 66 6 6 0.013
879 19 6 6 0.013
782 54 8 10 0.013
841 131 6 7 0.013
780 55 8 9 0.013
874 41 5 6 0.012
795 1 5 6 0.012
856 121 5 7 0.012
857 119 6 6 0.012
148 63 6 7 0.012
224 114 10 14 0.012
200 41 6 8 0.012
285 76 6 7 0.012
114 2 8 8 0.012
130 8 8 10 0.012
953 56 6 7 0.012
858 24 5 7 0.011
238 58 6 7 0.011
289 9 7 9 0.011
177 50 10 13 0.011
652 141 7 10 0.011
769 119 8 10 0.011
315 25 8 9 0.011
501 34 7 9 0.011
64 37 8 9 0.011
736 0 5 5 0.011
741 23 5 6 0.011
846 33 6 7 0.011
337 106 7 8 0.011
756 33 8 10 0.011
875 117 6 7 0.011
849 19 5 6 0.010
163 96 6 8 0.010
258 120 6 7 0.010
594 8 7 9 0.010
