37_Soccer_soccer_ball_37_643
30
332 85 52 85 0.805
742 42 55 74 0.793
128 152 26 31 0.091
1008 183 16 51 0.078
987 312 29 37 0.052
90 177 26 31 0.051
475 233 30 34 0.044
628 238 24 28 0.038
4 190 24 33 0.033
954 154 24 30 0.033
183 253 26 31 0.032
109 218 31 37 0.032
25 157 26 30 0.030
946 63 26 36 0.029
669 312 26 29 0.028
97 76 25 27 0.028
617 168 31 35 0.026
54 263 27 32 0.024
0 144 12 31 0.024
165 59 20 25 0.024
22 94 23 28 0.023
598 212 23 28 0.022
557 321 36 50 0.021
201 39 24 30 0.020
976 142 29 37 0.019
918 87 27 33 0.018
927 150 23 29 0.013
627 101 28 31 0.012
0 245 12 40 0.012
194 197 27 28 0.011
