37_Soccer_soccer_ball_37_114
26
644 353 33 42 0.847
366 159 28 37 0.832
758 364 34 41 0.831
386 348 32 43 0.831
893 251 31 40 0.828
684 257 28 36 0.828
412 242 29 35 0.827
264 361 33 41 0.826
506 344 32 42 0.826
73 254 30 33 0.823
136 366 35 42 0.821
125 148 29 34 0.821
774 252 29 36 0.819
240 258 29 36 0.818
292 164 27 33 0.817
610 155 29 36 0.816
833 161 29 33 0.812
501 232 29 36 0.812
161 259 29 35 0.812
326 244 31 36 0.812
443 152 27 33 0.809
521 152 27 31 0.809
740 156 29 36 0.808
676 155 27 32 0.806
604 274 29 35 0.802
219 175 29 34 0.799
