37_Soccer_soccer_ball_37_269
24
326 233 30 41 0.838
336 132 26 34 0.821
100 134 28 36 0.821
742 234 27 35 0.816
621 135 26 33 0.815
243 247 28 34 0.812
596 249 28 35 0.810
175 121 28 38 0.810
664 227 28 38 0.807
688 144 26 34 0.805
549 138 25 35 0.804
166 251 32 40 0.803
407 125 25 32 0.802
897 231 29 33 0.800
832 241 30 36 0.799
267 136 30 35 0.797
510 239 32 39 0.796
412 267 30 36 0.795
832 143 26 31 0.790
491 123 27 34 0.780
911 130 27 33 0.770
769 155 25 28 0.746
346 243 33 43 0.103
0 312 5 10 0.015
