35_Basketball_basketballgame_ball_35_479
465
539 350 6 8 0.439
460 486 8 11 0.433
569 369 6 8 0.355
767 360 6 7 0.300
919 353 6 7 0.271
105 618 21 32 0.247
275 484 8 10 0.243
482 584 9 12 0.235
725 347 5 6 0.232
787 364 5 6 0.203
471 503 9 11 0.196
628 340 5 6 0.189
190 502 8 10 0.187
140 529 10 15 0.187
26 507 10 13 0.186
254 510 8 11 0.181
862 373 6 7 0.180
817 647 10 15 0.172
8 330 8 10 0.166
160 448 8 9 0.159
909 380 6 7 0.154
420 366 6 7 0.152
894 353 6 7 0.150
959 347 5 7 0.144
100 423 7 8 0.142
877 323 5 6 0.139
831 366 5 7 0.138
818 655 9 16 0.131
1005 357 6 8 0.130
61 436 6 7 0.129
50 431 6 7 0.128
951 645 11 13 0.128
799 365 5 6 0.127
337 277 5 6 0.126
752 352 5 7 0.123
61 335 7 9 0.118
369 339 6 6 0.118
670 536 9 12 0.116
645 338 5 6 0.115
557 350 6 7 0.115
392 434 7 8 0.115
111 437 6 8 0.113
774 655 11 14 0.110
558 325 6 7 0.109
48 430 7 7 0.108
987 365 6 7 0.106
373 290 5 6 0.102
247 470 7 8 0.100
24 421 6 7 0.100
810 370 5 7 0.099
7 396 6 8 0.098
624 336 5 6 0.093
20 373 6 7 0.093
313 561 10 12 0.091
488 314 4 5 0.090
103 282 6 6 0.090
731 402 7 8 0.089
1009 336 5 7 0.089
76 442 7 7 0.088
704 341 5 6 0.086
398 270 5 6 0.085
219 485 7 9 0.084
818 662 9 17 0.084
272 575 10 15 0.084
627 377 6 7 0.082
724 374 6 7 0.081
873 642 10 14 0.080
858 363 5 6 0.080
650 525 8 12 0.080
815 315 4 6 0.079
126 426 7 7 0.078
859 364 5 7 0.078
186 254 5 7 0.078
995 204 6 7 0.077
922 287 5 6 0.077
899 378 5 7 0.076
256 262 6 7 0.074
37 442 6 8 0.072
796 364 6 6 0.071
216 509 9 12 0.071
364 499 8 10 0.070
305 509 8 10 0.070
85 416 6 7 0.070
136 439 7 8 0.068
902 378 5 7 0.067
12 475 8 9 0.065
468 286 4 6 0.064
627 317 4 6 0.063
396 435 7 9 0.063
266 475 7 8 0.062
335 665 12 16 0.062
311 256 5 6 0.061
469 528 9 12 0.061
981 637 11 12 0.061
207 207 20 22 0.060
42 382 6 8 0.060
991 337 5 7 0.060
896 374 5 7 0.060
819 276 5 6 0.058
256 306 5 6 0.058
37 402 6 7 0.057
741 368 5 7 0.057
626 391 6 8 0.057
692 339 5 6 0.057
565 369 7 8 0.056
619 333 5 6 0.056
200 533 11 15 0.054
507 513 8 10 0.054
824 340 5 6 0.053
664 333 5 5 0.052
734 402 7 8 0.052
440 524 9 12 0.052
937 371 5 6 0.051
486 314 5 6 0.051
991 356 6 8 0.051
678 307 5 6 0.051
751 335 5 6 0.051
966 306 5 6 0.050
990 361 5 8 0.050
102 297 5 6 0.049
501 291 5 5 0.049
199 278 6 7 0.049
356 278 5 6 0.048
721 376 6 7 0.047
419 364 6 8 0.047
51 407 6 7 0.047
83 516 10 13 0.046
28 483 8 12 0.046
710 314 5 6 0.046
428 473 7 10 0.045
137 293 6 6 0.045
966 204 5 6 0.045
796 312 5 5 0.045
1007 337 5 6 0.044
200 279 6 6 0.043
75 495 8 10 0.043
358 278 5 6 0.042
314 523 9 10 0.042
138 479 7 9 0.042
690 338 5 6 0.042
307 286 5 6 0.042
827 338 5 6 0.041
823 392 5 6 0.041
407 387 7 9 0.041
527 367 5 7 0.041
88 518 11 14 0.040
360 523 9 12 0.039
27 366 6 7 0.038
173 493 8 9 0.038
290 503 8 10 0.038
993 204 5 7 0.038
383 275 5 5 0.038
626 387 5 9 0.038
468 288 5 5 0.037
993 184 5 6 0.037
1015 219 6 8 0.037
414 473 9 11 0.036
239 291 5 7 0.036
953 345 5 6 0.036
307 513 9 11 0.036
448 264 5 5 0.036
471 364 6 7 0.036
1007 286 5 6 0.035
832 291 5 6 0.035
847 334 5 6 0.035
563 295 5 6 0.035
59 334 7 8 0.034
490 361 6 8 0.034
246 326 5 7 0.034
418 474 8 10 0.034
138 290 5 7 0.033
310 256 4 6 0.033
877 363 5 7 0.033
539 501 9 12 0.033
349 494 8 9 0.033
107 435 8 10 0.033
666 332 4 6 0.032
858 372 6 7 0.032
421 475 8 10 0.032
371 308 5 6 0.032
334 277 6 6 0.032
946 347 5 6 0.032
288 503 8 9 0.032
21 313 5 6 0.032
546 308 5 6 0.031
122 334 5 6 0.031
6 451 7 8 0.031
1013 299 5 6 0.030
124 335 5 6 0.030
646 334 5 6 0.030
164 448 8 9 0.030
860 323 5 6 0.029
415 249 5 6 0.029
588 611 11 14 0.029
212 323 5 7 0.029
908 214 5 6 0.029
847 332 5 6 0.029
72 405 5 6 0.028
768 362 5 7 0.028
61 477 8 9 0.028
363 576 10 13 0.028
624 316 5 6 0.028
39 403 6 7 0.028
14 473 7 10 0.028
915 302 5 6 0.028
473 366 6 7 0.027
799 327 5 6 0.027
14 338 6 7 0.027
140 440 7 8 0.027
278 485 7 9 0.027
546 307 4 5 0.027
19 407 6 7 0.026
449 263 4 5 0.026
731 303 5 6 0.026
58 433 8 10 0.026
374 250 4 5 0.026
23 505 10 14 0.026
268 575 11 15 0.026
968 206 5 6 0.025
135 290 6 7 0.025
19 556 10 14 0.025
18 296 5 7 0.025
955 203 5 7 0.025
941 325 5 6 0.025
109 439 6 8 0.025
721 555 8 14 0.025
650 335 4 6 0.025
164 327 5 6 0.024
849 348 5 6 0.024
997 204 5 6 0.024
25 481 9 12 0.024
729 345 5 6 0.024
813 332 5 7 0.024
88 336 5 6 0.024
22 480 9 11 0.024
664 533 11 13 0.023
72 441 8 9 0.023
60 391 5 6 0.023
769 336 5 6 0.023
283 534 9 11 0.023
618 516 8 12 0.023
62 334 7 8 0.023
891 309 5 6 0.023
165 328 6 6 0.023
860 337 5 6 0.023
408 386 7 8 0.023
71 440 6 8 0.023
947 249 5 6 0.023
504 359 5 7 0.023
355 497 9 10 0.022
187 503 8 10 0.022
750 332 5 6 0.022
851 254 5 6 0.022
91 478 8 10 0.022
310 279 5 6 0.022
405 393 6 9 0.022
573 361 7 8 0.021
956 185 5 6 0.021
6 405 5 8 0.021
1013 221 5 6 0.021
624 339 6 6 0.021
387 505 8 11 0.021
831 251 5 6 0.021
63 338 6 7 0.021
799 330 4 7 0.021
566 341 5 6 0.020
88 325 6 6 0.020
322 300 4 6 0.020
352 190 5 6 0.020
250 470 7 8 0.020
243 468 7 8 0.020
59 337 7 7 0.020
301 311 5 6 0.020
1014 349 5 7 0.020
894 193 5 6 0.020
222 485 8 10 0.020
300 312 5 6 0.020
335 490 7 10 0.020
794 344 5 6 0.020
317 559 10 13 0.020
351 277 5 6 0.020
332 490 8 9 0.019
23 490 9 12 0.019
130 283 6 6 0.019
33 442 7 8 0.019
311 241 4 5 0.019
942 293 5 6 0.019
685 339 5 5 0.019
281 536 9 10 0.019
874 316 5 6 0.019
891 191 5 5 0.019
104 429 8 10 0.018
214 506 9 10 0.018
713 312 5 6 0.018
574 355 6 7 0.018
203 476 7 9 0.018
971 234 6 6 0.018
906 213 5 6 0.018
829 251 5 5 0.018
114 620 22 30 0.018
723 348 7 10 0.018
581 518 10 12 0.018
348 250 5 6 0.018
243 575 11 15 0.018
77 503 10 12 0.018
821 649 11 16 0.018
239 293 5 7 0.018
361 515 9 12 0.017
886 293 5 6 0.017
260 278 5 6 0.017
906 378 7 9 0.017
502 307 5 6 0.017
990 334 5 6 0.017
813 582 9 13 0.017
914 190 4 5 0.017
762 303 5 5 0.017
977 339 5 7 0.017
974 345 5 7 0.017
757 336 5 5 0.016
735 360 5 7 0.016
791 340 5 6 0.016
888 364 5 6 0.016
245 325 5 6 0.016
830 362 8 10 0.016
498 359 6 7 0.016
417 201 5 6 0.016
424 477 8 9 0.016
336 274 8 10 0.016
475 225 5 5 0.016
70 404 5 6 0.016
785 322 5 6 0.016
29 504 10 13 0.016
863 266 5 6 0.016
511 511 8 9 0.016
0 312 6 7 0.016
791 314 5 6 0.016
17 295 5 6 0.015
416 365 7 10 0.015
697 314 4 6 0.015
891 352 8 8 0.015
343 492 9 10 0.015
721 317 4 6 0.015
830 191 5 6 0.015
112 286 6 6 0.015
871 351 5 6 0.015
501 294 5 6 0.015
186 252 5 6 0.015
88 340 5 6 0.015
857 197 5 5 0.015
865 157 5 7 0.015
1010 332 5 7 0.015
370 338 7 9 0.015
382 279 5 6 0.014
6 541 12 14 0.014
39 323 5 7 0.014
986 281 5 6 0.014
244 471 7 8 0.014
177 451 6 7 0.014
813 350 5 6 0.014
950 359 5 6 0.014
984 369 5 7 0.014
560 353 8 9 0.014
682 275 4 4 0.014
325 254 5 6 0.014
877 270 4 6 0.014
860 304 5 6 0.014
884 255 5 6 0.014
837 279 4 5 0.014
215 295 5 6 0.014
1018 370 6 8 0.013
989 337 7 9 0.013
404 389 8 10 0.013
229 271 5 6 0.013
483 297 4 6 0.013
396 293 5 5 0.013
942 295 5 6 0.013
637 257 5 6 0.013
792 298 5 5 0.013
846 303 4 6 0.013
83 290 5 6 0.013
954 185 5 5 0.013
626 381 7 10 0.013
924 376 5 6 0.013
662 332 4 6 0.013
269 272 5 6 0.013
938 160 5 5 0.013
817 318 5 6 0.013
756 270 5 5 0.013
58 390 5 6 0.013
227 270 5 7 0.013
899 190 5 6 0.013
859 354 5 7 0.013
795 362 8 10 0.013
474 224 5 6 0.012
787 353 5 6 0.012
980 382 6 7 0.012
464 486 8 11 0.012
864 269 4 6 0.012
876 326 5 7 0.012
756 322 5 6 0.012
322 256 5 6 0.012
419 200 4 6 0.012
877 267 5 6 0.012
479 295 5 6 0.012
596 307 5 6 0.012
456 486 9 11 0.012
265 285 5 6 0.012
887 380 5 6 0.012
427 587 10 13 0.012
219 566 10 16 0.011
23 298 6 6 0.011
872 304 5 6 0.011
720 293 5 6 0.011
942 291 4 6 0.011
580 307 5 6 0.011
965 368 6 6 0.011
373 293 5 6 0.011
886 297 5 6 0.011
221 510 9 12 0.011
394 291 5 6 0.011
725 372 5 6 0.011
647 524 9 11 0.011
181 452 6 8 0.011
309 285 4 6 0.011
825 389 5 7 0.011
584 329 5 6 0.011
128 338 5 6 0.011
736 279 4 5 0.011
851 256 5 5 0.011
353 192 4 6 0.011
518 269 5 5 0.011
104 611 17 28 0.011
423 585 11 13 0.011
980 384 6 7 0.011
0 541 9 14 0.011
859 310 5 6 0.011
903 293 5 6 0.011
821 662 12 18 0.011
55 479 8 9 0.011
879 270 5 6 0.011
336 189 5 5 0.011
102 281 8 9 0.011
990 357 8 10 0.011
236 306 5 6 0.011
595 310 5 6 0.011
831 294 5 5 0.011
426 243 5 5 0.011
191 499 8 10 0.011
762 308 4 7 0.010
411 474 7 10 0.010
3 420 5 7 0.010
960 350 6 8 0.010
849 186 4 5 0.010
99 612 33 45 0.010
240 292 6 6 0.010
249 324 5 6 0.010
262 511 8 11 0.010
226 268 5 7 0.010
87 476 9 11 0.010
1007 336 8 10 0.010
460 246 5 5 0.010
614 516 9 11 0.010
927 192 4 6 0.010
164 507 7 10 0.010
286 535 9 12 0.010
