35_Basketball_basketballgame_ball_35_689
399
316 316 18 22 0.704
315 130 11 14 0.681
553 215 12 15 0.675
207 255 15 17 0.673
324 99 11 13 0.670
96 153 12 14 0.670
448 178 11 14 0.670
521 91 10 14 0.665
296 68 10 13 0.661
480 117 11 14 0.659
666 226 12 16 0.657
689 236 13 17 0.656
576 93 11 14 0.655
581 193 12 15 0.654
220 121 11 12 0.653
926 168 12 14 0.652
29 145 11 14 0.652
137 137 11 14 0.651
516 189 11 14 0.649
592 217 12 16 0.648
413 108 11 14 0.648
582 65 11 14 0.648
343 138 11 13 0.647
450 202 11 14 0.646
68 148 12 14 0.645
35 65 10 13 0.645
411 142 11 14 0.644
469 219 12 14 0.643
75 129 11 13 0.641
62 68 10 12 0.641
123 195 12 14 0.640
725 143 12 15 0.640
420 201 12 15 0.638
519 3 10 12 0.638
353 103 11 14 0.638
524 207 12 14 0.638
394 190 11 15 0.638
444 82 11 13 0.637
311 41 10 13 0.636
184 153 11 14 0.636
392 50 10 12 0.636
283 131 11 13 0.635
297 99 10 12 0.633
50 127 9 12 0.632
50 40 9 13 0.632
422 174 11 13 0.631
382 140 10 13 0.630
229 1 12 13 0.628
551 94 11 13 0.628
802 203 12 14 0.626
241 125 11 13 0.626
580 132 10 13 0.625
616 72 12 14 0.624
176 113 11 13 0.623
153 49 11 13 0.622
333 68 10 13 0.622
548 131 11 13 0.621
239 91 10 13 0.620
271 97 10 12 0.618
654 202 12 15 0.618
99 44 10 13 0.617
396 23 9 12 0.614
19 94 10 12 0.613
807 155 13 16 0.613
394 80 10 12 0.613
352 16 10 13 0.613
490 87 12 13 0.612
723 183 11 14 0.612
654 105 10 13 0.612
475 144 12 14 0.611
486 53 10 13 0.611
552 195 12 14 0.610
743 19 10 13 0.610
437 24 11 12 0.609
656 71 11 13 0.609
803 87 12 15 0.609
213 85 10 13 0.608
369 78 10 12 0.606
883 175 12 13 0.604
938 71 11 14 0.602
871 130 11 15 0.601
708 57 10 12 0.601
988 141 12 15 0.601
119 71 10 12 0.600
83 17 10 12 0.598
959 190 12 14 0.597
675 45 11 13 0.596
985 107 11 14 0.596
55 99 11 12 0.595
78 43 10 12 0.595
173 1 10 11 0.595
99 134 11 13 0.594
206 4 10 11 0.594
360 57 9 12 0.591
270 46 12 13 0.591
543 68 10 13 0.591
932 39 11 13 0.591
910 97 12 15 0.590
873 200 12 14 0.589
22 122 11 14 0.589
624 103 10 13 0.587
970 38 12 15 0.587
700 21 10 13 0.584
371 16 10 12 0.584
300 12 10 12 0.584
426 51 11 13 0.584
649 44 10 12 0.579
116 23 10 11 0.578
245 61 11 12 0.578
625 316 15 20 0.577
672 367 16 20 0.577
630 200 12 15 0.576
552 11 10 12 0.574
946 140 12 14 0.574
653 18 10 12 0.572
236 154 11 13 0.572
82 102 10 13 0.572
203 118 10 12 0.565
0 89 7 12 0.565
437 143 10 13 0.565
617 132 11 14 0.562
825 64 10 13 0.562
453 116 11 13 0.561
462 24 11 12 0.559
188 30 10 13 0.559
518 65 10 12 0.558
556 161 11 14 0.557
685 78 11 13 0.557
146 17 10 13 0.556
130 52 9 12 0.550
578 42 10 14 0.550
772 145 11 13 0.545
145 87 10 14 0.545
463 55 10 12 0.544
769 208 11 15 0.541
489 190 11 14 0.536
927 9 11 13 0.536
270 65 10 12 0.534
543 44 10 12 0.530
831 95 10 12 0.529
508 158 11 14 0.528
698 174 12 13 0.526
614 11 10 12 0.526
64 17 8 10 0.524
424 88 9 12 0.517
995 21 11 12 0.513
895 44 10 12 0.492
484 1 10 12 0.486
551 304 16 18 0.482
388 112 10 13 0.481
954 275 12 14 0.476
677 24 9 11 0.474
596 13 9 12 0.472
602 232 12 13 0.468
402 0 11 7 0.460
6 71 9 10 0.455
4 17 8 11 0.454
953 18 11 13 0.445
273 163 10 13 0.443
997 281 12 13 0.439
515 33 10 12 0.437
499 36 9 11 0.437
965 228 11 13 0.435
518 132 9 11 0.416
976 79 11 13 0.401
770 185 11 14 0.400
939 113 11 13 0.398
103 0 10 7 0.397
28 132 10 15 0.386
894 79 10 12 0.385
897 133 11 14 0.296
709 0 11 7 0.295
838 137 12 15 0.250
122 23 9 10 0.249
778 0 10 8 0.239
334 52 9 11 0.227
781 1 12 8 0.218
1008 0 9 8 0.214
1017 45 7 15 0.211
355 369 13 20 0.205
493 170 10 13 0.204
462 389 16 21 0.202
473 3 9 11 0.200
309 37 10 14 0.197
249 62 11 12 0.193
339 166 13 15 0.193
660 171 10 13 0.189
675 193 10 13 0.189
674 149 10 13 0.177
769 114 10 12 0.174
915 126 11 14 0.173
568 169 9 13 0.161
605 12 11 13 0.157
789 3 9 9 0.156
701 376 12 16 0.155
770 193 11 16 0.152
339 172 12 16 0.149
546 0 9 7 0.148
393 36 10 14 0.143
511 154 11 14 0.141
682 369 15 18 0.139
896 59 10 15 0.135
129 23 8 11 0.128
850 255 12 14 0.124
79 115 10 14 0.123
818 93 12 14 0.121
689 579 21 25 0.121
403 141 11 14 0.120
661 176 11 12 0.118
724 223 10 14 0.113
336 180 12 15 0.109
561 209 13 15 0.108
-1 124 5 13 0.107
142 75 9 12 0.103
340 177 14 16 0.101
128 47 11 14 0.100
290 352 16 21 0.099
599 12 9 11 0.099
438 118 10 11 0.099
899 43 10 12 0.094
423 50 10 13 0.094
829 63 10 13 0.086
441 119 9 12 0.086
740 -1 11 6 0.086
555 248 13 15 0.083
834 94 11 12 0.082
436 84 9 12 0.081
385 112 9 13 0.077
943 112 10 13 0.076
521 66 10 11 0.074
447 182 12 16 0.072
964 83 11 13 0.071
859 15 10 12 0.070
909 721 16 21 0.069
667 156 12 14 0.064
173 4 11 14 0.062
940 209 10 13 0.062
558 306 15 17 0.061
22 38 8 10 0.059
83 39 10 13 0.059
959 84 10 12 0.059
269 58 11 13 0.059
368 76 9 11 0.059
722 142 11 14 0.058
228 56 10 12 0.058
676 189 11 15 0.058
321 101 12 15 0.057
448 69 11 14 0.053
349 369 14 20 0.053
817 0 12 5 0.053
620 168 11 13 0.052
565 0 9 9 0.051
920 124 9 13 0.051
653 71 11 13 0.049
145 79 10 13 0.048
392 172 9 10 0.047
799 88 11 13 0.047
368 -1 11 6 0.047
502 75 8 10 0.046
570 172 10 13 0.046
810 277 11 12 0.045
308 41 10 13 0.045
580 49 10 12 0.045
842 119 10 13 0.044
598 166 9 13 0.044
141 87 11 13 0.044
875 191 11 15 0.043
687 74 10 12 0.043
465 385 15 21 0.040
835 106 10 14 0.039
86 100 10 13 0.039
245 125 11 14 0.038
498 33 9 12 0.037
650 0 9 8 0.037
1017 81 8 15 0.037
687 129 11 14 0.035
281 29 9 11 0.035
792 229 10 15 0.035
300 17 11 14 0.034
938 116 10 15 0.034
707 217 11 13 0.033
576 47 9 12 0.033
784 3 10 10 0.033
856 262 12 14 0.033
891 80 9 13 0.032
52 99 10 12 0.031
718 106 10 13 0.030
523 139 9 12 0.030
288 345 16 21 0.030
999 229 11 14 0.030
233 56 10 13 0.029
705 56 9 13 0.029
863 275 11 13 0.029
677 -1 10 6 0.028
360 369 12 20 0.028
135 2 7 8 0.028
523 151 10 13 0.027
115 70 10 13 0.027
568 1 9 11 0.025
269 94 10 12 0.025
766 212 12 16 0.025
579 318 12 16 0.025
877 201 11 14 0.025
992 20 11 14 0.025
617 148 11 15 0.024
890 72 10 14 0.024
722 241 11 13 0.024
492 175 10 14 0.024
974 38 12 14 0.024
269 43 10 13 0.024
399 23 10 12 0.024
849 147 11 15 0.023
277 34 10 13 0.023
922 130 11 14 0.023
797 248 11 15 0.023
615 170 11 13 0.022
60 100 9 12 0.022
190 33 9 13 0.022
605 35 9 12 0.022
369 0 9 7 0.021
919 68 9 12 0.021
904 154 11 15 0.021
473 149 11 13 0.021
691 129 10 14 0.021
34 21 8 10 0.021
605 171 10 13 0.020
200 118 9 12 0.020
574 176 10 13 0.019
26 146 11 14 0.019
576 115 9 11 0.019
608 264 14 16 0.019
716 104 10 13 0.019
457 2 8 9 0.019
704 229 12 16 0.019
391 188 10 14 0.018
432 151 10 13 0.018
854 253 11 13 0.018
777 50 10 12 0.018
800 246 11 15 0.018
852 153 10 14 0.017
720 103 11 14 0.017
486 85 11 13 0.017
937 39 11 13 0.017
509 145 10 12 0.017
794 226 11 15 0.017
425 170 11 14 0.017
821 213 11 13 0.016
614 136 10 13 0.016
899 77 10 13 0.016
781 51 10 13 0.016
35 24 9 10 0.016
836 142 12 14 0.016
1007 714 17 31 0.016
928 70 10 12 0.016
76 48 8 12 0.016
769 222 10 15 0.015
880 171 11 15 0.015
768 144 11 15 0.015
793 237 12 16 0.015
619 101 11 13 0.015
614 68 10 13 0.014
334 187 12 14 0.014
800 256 11 15 0.014
499 81 9 12 0.014
348 138 10 13 0.014
1009 3 10 12 0.014
651 -1 10 7 0.014
707 379 14 16 0.014
893 70 9 13 0.014
26 754 26 15 0.013
718 102 9 13 0.013
33 63 10 13 0.013
715 110 10 14 0.013
378 139 10 13 0.013
971 752 27 16 0.013
332 181 11 14 0.013
876 0 11 6 0.013
608 166 10 14 0.012
980 79 11 13 0.012
331 189 11 12 0.012
988 110 11 14 0.012
786 46 10 12 0.012
579 100 11 14 0.012
906 161 10 13 0.011
81 71 8 11 0.011
393 106 9 12 0.011
176 2 9 11 0.011
49 -2 10 5 0.011
349 155 11 15 0.011
929 42 9 13 0.011
626 207 11 14 0.011
789 47 9 13 0.011
684 237 12 16 0.011
805 279 11 11 0.011
600 99 10 12 0.010
609 37 10 12 0.010
791 44 10 12 0.010
549 185 10 13 0.010
801 250 12 14 0.010
