35_Basketball_basketballgame_ball_35_64
114
474 225 64 78 0.848
592 208 67 93 0.846
695 217 70 93 0.844
954 178 70 114 0.843
296 237 61 82 0.834
805 182 40 50 0.815
904 170 56 91 0.809
34 246 54 64 0.808
125 287 60 76 0.808
101 198 42 56 0.798
657 105 33 41 0.795
441 109 30 40 0.779
238 245 33 42 0.771
591 78 30 35 0.769
0 294 37 58 0.763
492 161 34 37 0.756
871 59 23 33 0.737
466 63 25 31 0.736
565 201 32 39 0.732
535 17 26 32 0.730
273 126 27 33 0.727
140 107 24 32 0.724
0 243 30 41 0.715
525 92 26 35 0.705
280 219 32 43 0.701
236 189 31 40 0.697
96 128 24 32 0.695
390 68 24 31 0.685
242 163 29 37 0.683
191 216 31 36 0.674
150 139 25 32 0.671
343 155 27 31 0.671
25 76 21 26 0.662
414 113 26 33 0.661
399 147 27 34 0.660
56 193 22 28 0.645
414 13 24 30 0.632
215 107 26 28 0.618
207 9 19 23 0.617
268 6 19 25 0.616
33 155 25 27 0.613
624 4 23 29 0.611
47 43 19 24 0.601
726 96 31 34 0.601
158 6 17 22 0.598
89 41 20 25 0.572
454 43 21 29 0.538
450 5 24 28 0.529
294 0 18 20 0.524
73 211 31 41 0.521
300 93 23 26 0.503
338 -2 21 22 0.470
242 67 24 28 0.469
686 191 43 51 0.442
491 7 21 26 0.440
1 112 18 25 0.430
64 -4 18 20 0.428
171 249 32 39 0.416
180 78 25 27 0.293
262 104 25 30 0.275
190 167 26 34 0.239
2 220 24 32 0.237
239 222 34 50 0.217
377 168 22 26 0.207
350 210 28 32 0.196
669 131 37 50 0.152
201 52 22 24 0.147
233 77 25 30 0.125
197 59 22 26 0.093
8 94 16 22 0.088
427 109 30 38 0.074
686 63 23 28 0.066
185 180 27 36 0.062
442 207 20 22 0.057
83 174 23 27 0.051
374 71 22 29 0.047
397 -7 20 19 0.046
379 -1 19 19 0.041
459 304 32 39 0.040
388 -5 22 18 0.038
498 8 19 24 0.033
74 120 20 25 0.032
57 140 19 23 0.026
139 74 20 23 0.025
274 278 28 37 0.025
336 42 19 26 0.024
205 106 26 27 0.024
268 110 26 30 0.023
293 39 18 21 0.023
594 168 37 39 0.020
297 84 23 28 0.019
238 71 20 25 0.017
300 2 16 20 0.017
334 1 20 22 0.017
190 76 21 25 0.016
144 118 24 31 0.016
241 253 41 55 0.015
294 248 44 61 0.015
264 97 21 24 0.014
383 -3 23 26 0.014
205 56 26 28 0.014
242 77 21 24 0.014
466 247 54 65 0.014
192 86 21 25 0.013
177 120 18 23 0.013
73 210 24 29 0.013
120 171 35 48 0.012
677 198 44 58 0.012
487 12 20 24 0.012
174 78 19 23 0.011
215 138 29 33 0.011
264 2 18 25 0.011
529 122 21 25 0.010
459 8 20 24 0.010
