35_Basketball_playingbasketball_35_362
209
622 371 19 23 0.725
539 404 23 27 0.720
889 426 14 20 0.693
707 465 11 14 0.616
47 522 10 13 0.576
17 523 11 14 0.558
72 526 9 12 0.476
98 527 9 12 0.469
243 525 8 10 0.432
169 520 9 11 0.422
140 524 9 11 0.383
792 496 6 8 0.380
492 229 25 25 0.377
187 522 9 11 0.310
49 465 7 8 0.271
264 525 8 9 0.270
207 487 10 12 0.241
317 521 7 8 0.236
26 495 8 10 0.235
431 527 7 7 0.223
396 531 7 8 0.201
27 451 6 8 0.178
101 525 9 12 0.174
115 524 8 11 0.157
42 502 8 11 0.156
172 520 9 11 0.148
148 508 8 9 0.143
92 475 7 8 0.141
114 474 6 7 0.141
0 489 7 11 0.138
76 527 10 11 0.125
293 526 8 10 0.124
184 501 7 9 0.121
372 529 7 8 0.118
433 526 6 8 0.117
363 531 7 9 0.114
150 509 8 9 0.114
281 518 8 9 0.110
770 497 6 7 0.109
44 499 8 9 0.106
71 469 6 8 0.105
134 491 7 9 0.098
1 478 7 9 0.097
97 486 7 8 0.097
71 472 7 8 0.096
126 472 7 7 0.086
71 475 6 8 0.085
190 524 8 11 0.084
840 508 5 7 0.082
284 521 7 9 0.081
153 495 8 9 0.080
321 540 7 8 0.080
481 527 6 6 0.079
392 532 7 8 0.079
137 488 7 8 0.079
296 524 7 10 0.078
351 521 7 8 0.077
305 477 6 7 0.075
277 537 7 10 0.074
636 468 9 12 0.074
116 521 8 10 0.074
461 517 6 7 0.070
185 525 9 10 0.069
183 496 7 8 0.067
116 472 7 7 0.066
480 389 19 21 0.065
96 484 7 8 0.064
150 500 7 9 0.064
175 476 5 7 0.062
926 442 10 14 0.060
414 528 6 7 0.059
300 518 7 9 0.059
539 487 10 12 0.059
494 537 6 8 0.058
205 488 8 11 0.056
346 505 7 8 0.056
790 496 6 7 0.056
1 486 8 11 0.055
30 452 6 7 0.052
376 484 5 7 0.052
312 519 7 9 0.052
477 512 6 7 0.052
119 488 7 9 0.051
493 540 6 7 0.051
770 501 5 6 0.051
104 491 7 8 0.050
412 529 6 7 0.049
190 520 8 11 0.049
851 486 5 6 0.048
272 521 7 9 0.046
260 527 8 10 0.043
135 530 9 11 0.040
197 473 5 6 0.040
19 456 6 8 0.039
543 487 10 12 0.039
116 477 6 8 0.039
350 518 7 9 0.038
81 482 6 7 0.037
541 425 17 21 0.037
506 513 6 7 0.037
317 540 8 9 0.037
237 493 6 8 0.035
258 490 6 8 0.035
292 521 9 10 0.035
156 478 6 7 0.034
295 508 6 7 0.034
9 511 8 10 0.034
460 520 6 7 0.034
365 529 9 10 0.033
11 512 9 10 0.032
737 501 6 7 0.032
44 494 7 9 0.032
1012 468 7 8 0.031
477 510 6 7 0.031
475 357 26 32 0.031
197 471 6 7 0.030
385 499 6 7 0.030
477 369 25 31 0.029
68 473 8 9 0.029
1 470 5 8 0.029
387 500 6 8 0.029
255 488 6 7 0.028
37 503 8 11 0.027
666 482 6 6 0.027
281 534 9 11 0.026
344 522 7 8 0.026
398 527 8 10 0.026
274 533 9 11 0.026
921 443 10 12 0.025
364 504 7 8 0.025
310 541 7 9 0.024
337 541 6 7 0.024
554 500 10 12 0.024
480 512 5 6 0.024
932 444 9 13 0.024
29 482 6 8 0.023
347 517 8 10 0.023
961 500 5 6 0.023
13 523 10 13 0.023
345 507 6 8 0.023
463 536 6 7 0.022
285 499 7 8 0.022
311 492 6 7 0.021
286 474 6 6 0.021
92 472 7 8 0.021
310 488 6 8 0.021
127 472 8 9 0.021
504 516 5 7 0.020
287 495 5 8 0.020
961 488 5 6 0.020
279 538 8 10 0.019
633 474 9 12 0.019
573 397 12 14 0.019
71 465 6 8 0.019
359 484 5 6 0.019
789 482 5 5 0.018
771 496 8 9 0.018
48 491 7 8 0.018
276 506 6 7 0.017
173 502 8 8 0.017
840 504 5 7 0.017
21 524 10 13 0.017
365 509 7 8 0.017
101 530 9 11 0.017
238 494 7 9 0.017
227 525 7 10 0.017
961 503 6 6 0.017
631 467 13 16 0.016
144 478 6 7 0.016
171 475 8 10 0.016
333 542 7 7 0.016
506 510 6 7 0.016
20 484 7 8 0.016
132 531 9 12 0.016
664 483 7 8 0.015
439 522 6 7 0.014
66 504 8 9 0.014
383 494 7 8 0.014
1000 481 6 8 0.014
196 473 8 10 0.014
207 500 7 9 0.014
364 506 6 9 0.014
963 477 5 6 0.014
760 488 5 6 0.013
468 492 5 6 0.013
450 544 5 6 0.013
395 181 29 31 0.013
926 447 10 14 0.013
190 447 5 6 0.013
352 535 7 8 0.013
302 480 6 8 0.012
464 539 6 7 0.012
271 465 5 6 0.012
504 512 9 10 0.011
496 238 21 22 0.011
70 532 9 12 0.011
225 529 7 10 0.011
791 481 5 5 0.011
304 478 9 9 0.011
932 448 8 12 0.011
761 485 4 5 0.011
157 529 9 11 0.011
457 539 6 7 0.011
996 476 5 7 0.011
1004 477 6 8 0.010
93 530 10 12 0.010
1013 536 6 7 0.010
492 537 8 10 0.010
977 524 6 6 0.010
