35_Basketball_playingbasketball_35_495
404
343 757 61 70 0.802
545 403 85 77 0.789
824 820 63 74 0.775
737 1057 25 32 0.774
233 1155 26 32 0.762
172 1117 27 34 0.753
253 1104 25 31 0.752
204 964 26 31 0.750
5 780 88 73 0.746
669 984 23 28 0.711
742 989 24 31 0.709
263 773 20 24 0.708
1003 1094 21 29 0.689
182 922 22 29 0.684
971 895 22 26 0.681
729 812 19 25 0.677
685 959 23 27 0.674
793 755 18 21 0.671
1006 1197 19 26 0.670
168 631 19 24 0.667
723 849 18 22 0.663
207 608 18 22 0.660
175 704 20 24 0.655
284 671 18 22 0.653
803 726 16 20 0.650
906 815 19 24 0.650
738 750 18 23 0.648
233 639 18 22 0.647
594 709 17 22 0.645
784 818 17 22 0.645
244 704 19 22 0.640
951 829 16 20 0.640
741 599 16 19 0.639
677 821 18 23 0.638
289 703 18 22 0.634
693 753 18 22 0.634
988 693 17 22 0.634
287 580 15 19 0.632
109 627 19 22 0.631
772 856 18 22 0.631
820 657 15 20 0.629
870 658 16 22 0.628
262 605 17 21 0.628
832 630 15 21 0.626
936 695 15 20 0.624
220 586 16 19 0.624
226 742 22 26 0.624
946 864 17 21 0.620
168 567 17 22 0.620
943 792 18 21 0.619
1010 899 16 23 0.613
304 634 17 19 0.613
845 604 15 19 0.609
721 900 20 24 0.606
339 736 18 23 0.601
835 793 18 23 0.600
202 433 14 19 0.595
710 622 16 19 0.593
45 567 17 21 0.592
766 895 21 26 0.590
347 474 17 20 0.587
135 674 18 20 0.587
919 669 16 22 0.585
862 764 16 19 0.579
690 691 15 21 0.578
664 856 18 23 0.577
963 737 16 19 0.576
590 684 17 22 0.565
789 646 15 19 0.561
993 608 15 18 0.549
946 630 15 21 0.547
975 841 15 19 0.546
287 742 20 23 0.534
106 574 17 22 0.532
349 717 16 19 0.530
1013 833 14 18 0.526
992 658 16 21 0.526
123 444 16 18 0.524
290 450 15 20 0.520
319 611 17 19 0.516
521 151 16 19 0.516
936 605 14 17 0.505
144 436 15 18 0.502
933 731 17 18 0.484
351 579 16 19 0.482
290 823 23 27 0.476
999 759 16 19 0.473
161 609 19 20 0.468
656 801 20 23 0.463
867 728 18 22 0.462
735 790 18 23 0.455
679 439 16 19 0.452
359 424 16 19 0.448
219 458 15 19 0.435
700 722 15 20 0.433
984 637 15 18 0.430
698 793 17 21 0.419
864 704 16 19 0.418
1007 445 14 18 0.400
737 658 17 19 0.396
882 688 16 19 0.393
766 453 14 17 0.385
732 658 16 19 0.381
875 630 15 18 0.365
857 483 13 15 0.362
606 62 17 20 0.342
680 172 16 20 0.341
794 704 14 18 0.332
797 79 16 19 0.331
53 447 14 18 0.326
3 444 13 19 0.315
704 471 17 24 0.315
745 659 16 19 0.292
628 161 16 19 0.280
893 678 14 17 0.275
866 89 17 20 0.263
780 491 14 16 0.250
86 472 15 18 0.239
125 614 17 22 0.235
698 183 16 20 0.227
718 1083 25 30 0.225
1 420 11 19 0.223
283 149 12 14 0.215
674 974 22 30 0.206
834 74 15 18 0.196
864 710 17 21 0.185
782 181 16 20 0.184
160 492 14 17 0.184
887 683 15 19 0.181
191 478 15 19 0.181
695 715 16 22 0.181
526 477 18 21 0.172
563 1030 16 21 0.169
664 141 16 20 0.167
579 173 15 18 0.167
899 512 14 17 0.163
839 619 15 21 0.162
169 607 16 21 0.161
239 481 15 20 0.160
985 878 17 20 0.157
718 614 16 19 0.156
603 647 15 19 0.152
323 676 16 20 0.143
444 478 16 21 0.139
724 645 16 21 0.139
562 755 19 23 0.138
700 653 15 18 0.130
86 842 22 31 0.130
752 8 15 19 0.130
609 130 15 21 0.129
1009 983 17 28 0.128
184 1094 21 25 0.127
1016 960 13 24 0.124
906 858 20 24 0.124
754 829 14 18 0.124
44 462 15 20 0.122
689 175 17 21 0.122
231 1130 21 26 0.120
999 860 15 19 0.119
52 626 19 22 0.118
377 456 15 20 0.116
601 794 18 21 0.115
835 197 17 20 0.112
376 673 14 18 0.112
163 1216 24 15 0.110
540 708 16 21 0.099
169 751 17 24 0.098
912 1008 14 17 0.098
263 832 21 28 0.096
347 174 22 27 0.094
706 656 15 18 0.092
369 637 14 19 0.092
677 83 17 22 0.092
885 759 14 20 0.089
237 707 19 23 0.085
1014 969 15 30 0.085
806 821 12 16 0.083
306 120 13 13 0.083
296 826 25 27 0.082
888 723 15 19 0.082
264 692 17 21 0.082
764 973 20 26 0.081
858 1068 22 25 0.081
721 657 17 18 0.080
755 704 18 20 0.079
855 498 13 17 0.077
59 966 20 21 0.076
892 766 15 21 0.075
741 896 18 21 0.074
840 199 16 20 0.071
761 705 18 19 0.071
887 765 14 19 0.070
682 824 17 22 0.070
872 626 15 18 0.069
654 481 14 21 0.068
607 644 16 22 0.067
188 483 15 18 0.067
590 786 19 25 0.065
901 861 17 22 0.065
841 705 14 19 0.065
48 622 19 22 0.063
7 443 14 20 0.062
844 766 15 18 0.062
854 506 13 15 0.062
891 865 13 18 0.059
993 872 16 22 0.059
998 735 14 16 0.059
384 740 16 18 0.059
875 702 17 21 0.058
468 1021 35 62 0.058
899 772 15 19 0.057
968 734 15 20 0.057
63 414 14 16 0.055
904 824 16 23 0.054
801 147 18 22 0.054
610 792 16 21 0.053
181 1116 25 32 0.052
494 690 17 21 0.051
611 125 14 20 0.050
799 740 17 21 0.048
574 727 18 22 0.046
861 482 13 16 0.046
965 73 19 23 0.045
768 968 19 24 0.044
297 792 21 25 0.044
54 442 15 18 0.044
702 33 17 19 0.043
185 463 14 18 0.042
576 178 16 20 0.041
825 774 13 17 0.041
864 1009 16 18 0.041
853 764 15 18 0.040
690 856 18 23 0.040
422 782 17 20 0.040
749 43 16 23 0.039
719 999 17 20 0.039
589 117 15 20 0.038
89 468 14 19 0.038
624 518 17 21 0.037
613 114 16 21 0.037
887 707 16 20 0.036
115 487 14 17 0.036
182 610 16 19 0.036
728 993 19 26 0.035
565 1016 18 22 0.035
933 1199 23 29 0.035
617 105 15 18 0.035
649 1031 19 26 0.034
987 658 16 23 0.034
181 890 22 26 0.034
801 822 15 19 0.033
772 464 14 18 0.033
612 816 16 22 0.033
754 975 21 27 0.032
988 608 15 19 0.032
356 658 16 24 0.031
769 799 16 21 0.031
56 722 20 24 0.031
875 785 15 17 0.031
180 603 14 19 0.031
869 787 13 18 0.031
439 794 26 31 0.030
202 1126 22 27 0.030
254 1026 24 31 0.029
844 207 15 20 0.029
977 854 15 20 0.029
738 872 17 20 0.029
40 613 18 22 0.029
462 578 16 18 0.029
994 732 14 18 0.029
370 656 15 22 0.029
367 668 16 22 0.028
261 1029 24 32 0.028
246 854 21 25 0.028
937 184 15 21 0.028
57 432 14 17 0.027
641 0 17 12 0.027
710 1000 18 22 0.027
739 1166 24 29 0.027
360 604 15 20 0.026
308 791 18 24 0.026
943 762 17 19 0.026
752 21 16 22 0.026
577 731 18 23 0.026
863 724 17 23 0.026
119 442 15 19 0.025
313 679 16 19 0.025
269 601 15 21 0.025
568 1010 18 24 0.025
607 628 16 24 0.025
323 615 15 20 0.025
497 675 16 21 0.025
310 829 21 25 0.024
317 828 20 23 0.024
909 1011 16 20 0.024
971 704 12 16 0.024
839 711 15 19 0.024
905 774 15 20 0.024
606 810 17 21 0.024
1005 106 15 19 0.023
227 782 22 25 0.023
11 767 18 19 0.023
681 854 16 22 0.023
915 1005 15 18 0.023
280 141 12 16 0.023
666 820 17 23 0.022
784 494 13 16 0.022
61 448 15 20 0.022
534 0 17 10 0.022
328 797 17 24 0.022
333 691 17 22 0.022
517 123 14 15 0.021
784 187 14 20 0.021
774 666 15 19 0.021
371 632 15 18 0.021
614 626 15 24 0.020
907 1021 22 27 0.020
989 809 17 21 0.020
771 978 17 23 0.020
845 124 16 20 0.020
695 649 14 18 0.020
802 732 16 19 0.020
790 899 16 22 0.020
591 776 17 22 0.020
611 618 15 21 0.019
859 227 16 18 0.019
329 695 17 23 0.019
60 631 17 20 0.019
228 632 18 23 0.019
837 630 15 20 0.019
684 86 16 21 0.018
842 658 14 20 0.018
145 593 14 19 0.018
262 824 19 24 0.018
371 647 14 20 0.018
5 637 16 22 0.018
285 143 13 16 0.018
816 1008 13 17 0.017
778 187 15 20 0.017
784 206 16 19 0.017
499 666 16 20 0.017
947 762 19 23 0.017
593 789 23 29 0.017
671 1 16 19 0.016
288 793 19 25 0.016
969 69 18 21 0.016
984 812 15 19 0.016
523 470 28 34 0.016
974 930 17 22 0.016
695 800 18 23 0.016
558 1025 23 31 0.015
890 101 16 18 0.015
899 516 16 18 0.015
363 977 32 43 0.015
999 869 15 19 0.014
846 212 16 20 0.014
15 978 19 21 0.014
545 707 16 21 0.014
256 850 21 27 0.014
354 418 16 21 0.014
997 651 14 21 0.014
281 135 12 13 0.014
582 671 15 21 0.014
912 1027 22 27 0.014
583 783 19 25 0.014
844 774 17 21 0.013
37 609 17 21 0.013
879 788 14 18 0.013
90 601 16 20 0.013
627 958 19 22 0.013
269 1026 22 28 0.013
707 879 17 21 0.013
125 111 13 16 0.013
751 81 14 18 0.012
618 625 15 22 0.012
502 673 16 21 0.012
158 1013 26 30 0.012
761 197 16 18 0.012
938 862 17 23 0.012
701 883 17 20 0.012
997 723 14 20 0.012
80 472 15 19 0.011
358 455 15 18 0.011
7 806 87 97 0.011
1000 982 18 27 0.011
278 674 17 23 0.011
737 1158 22 27 0.011
373 679 14 20 0.011
83 448 14 18 0.011
84 453 15 19 0.011
308 710 16 22 0.011
660 794 17 23 0.011
274 472 15 19 0.011
693 786 17 22 0.011
598 771 16 21 0.011
626 511 16 21 0.011
1012 1201 17 25 0.011
1012 1024 16 23 0.011
350 650 16 20 0.011
902 848 18 23 0.010
966 80 20 24 0.010
582 791 20 26 0.010
747 702 17 19 0.010
680 77 17 22 0.010
