35_Basketball_playingbasketball_35_65
37
620 388 17 22 0.748
907 353 17 22 0.745
744 375 16 21 0.744
968 404 20 26 0.712
921 376 22 30 0.709
853 414 15 18 0.699
801 421 15 18 0.688
1006 415 16 21 0.668
232 426 20 37 0.638
681 232 9 11 0.554
453 343 24 30 0.517
717 413 13 16 0.329
530 309 17 28 0.188
496 347 17 23 0.149
521 229 18 25 0.091
503 299 26 34 0.083
79 496 16 35 0.081
512 315 22 29 0.064
519 224 15 23 0.056
522 306 19 26 0.056
750 424 17 23 0.046
445 355 15 22 0.046
757 429 16 22 0.039
496 298 22 32 0.029
515 226 14 20 0.028
537 314 17 24 0.026
526 236 18 22 0.020
783 428 15 21 0.020
850 269 9 12 0.019
795 421 14 19 0.018
1006 386 7 10 0.016
711 464 20 24 0.016
745 422 16 20 0.016
786 362 10 13 0.012
55 67 10 12 0.011
749 378 15 19 0.011
507 414 18 22 0.010
