35_Basketball_Basketball_35_737
32
55 29 66 92 0.837
845 13 88 117 0.829
769 17 84 113 0.827
230 312 26 36 0.773
646 243 52 79 0.716
956 431 19 25 0.713
697 246 67 86 0.639
393 98 9 11 0.436
201 335 28 28 0.340
492 380 46 64 0.317
890 222 63 82 0.218
714 230 81 96 0.070
940 463 19 23 0.068
365 280 8 10 0.049
384 266 11 12 0.046
387 265 9 10 0.046
505 62 6 7 0.039
460 152 11 16 0.035
394 101 9 10 0.029
405 260 7 8 0.027
434 102 6 7 0.026
910 540 5 6 0.021
922 540 4 6 0.020
392 101 8 11 0.019
519 62 6 6 0.019
521 61 6 7 0.019
921 539 5 5 0.016
932 33 58 85 0.016
894 540 5 5 0.014
895 541 5 6 0.012
34 303 30 29 0.011
0 120 22 69 0.011
