35_Basketball_basketballgame_ball_35_858
67
568 227 67 95 0.775
779 498 78 71 0.768
121 632 16 20 0.360
180 632 17 21 0.311
7 642 21 24 0.301
60 654 17 21 0.220
41 598 15 20 0.208
245 658 14 17 0.179
305 600 17 20 0.170
178 511 14 18 0.134
40 633 18 21 0.117
387 619 13 15 0.107
166 446 11 14 0.101
113 553 15 17 0.093
344 513 15 18 0.081
260 568 13 15 0.080
308 570 12 14 0.078
94 587 19 26 0.071
183 661 17 21 0.066
258 445 13 15 0.061
21 428 10 11 0.058
433 621 13 15 0.055
323 645 14 16 0.055
488 638 15 19 0.054
175 556 16 21 0.051
67 566 17 21 0.048
321 654 15 18 0.048
68 538 15 18 0.042
83 496 14 18 0.039
132 660 18 21 0.038
491 498 11 15 0.037
378 454 10 12 0.031
254 423 9 11 0.031
465 484 11 13 0.030
459 593 12 14 0.030
107 562 15 20 0.029
403 469 13 16 0.029
86 582 18 22 0.028
64 563 16 18 0.026
440 665 14 16 0.025
322 663 14 17 0.024
71 564 15 18 0.024
432 477 11 13 0.024
937 640 11 15 0.022
69 544 16 19 0.022
290 469 15 19 0.022
349 559 16 20 0.021
34 441 11 13 0.020
343 510 13 17 0.018
91 595 17 23 0.018
79 494 14 19 0.018
34 634 16 19 0.018
46 637 17 20 0.018
903 648 11 12 0.016
437 670 14 14 0.014
151 591 17 20 0.013
144 593 18 21 0.013
172 662 19 22 0.013
165 658 18 21 0.012
481 540 12 13 0.012
1 434 7 12 0.012
139 595 15 20 0.011
19 466 11 14 0.011
162 590 15 17 0.011
15 489 13 16 0.011
326 642 13 16 0.011
215 454 11 14 0.011
