35_Basketball_basketballgame_ball_35_178
362
838 187 27 37 0.788
197 470 21 26 0.785
86 394 26 33 0.741
456 384 27 34 0.714
691 386 26 25 0.614
304 486 18 22 0.611
582 239 13 16 0.424
27 674 7 9 0.372
14 660 6 7 0.321
263 505 14 19 0.302
579 266 27 27 0.291
121 675 6 7 0.273
45 667 7 8 0.233
844 671 6 7 0.228
760 702 6 7 0.212
915 672 6 7 0.187
742 690 6 6 0.173
327 691 5 7 0.173
354 691 5 6 0.165
541 697 5 6 0.154
69 663 7 8 0.147
219 697 6 7 0.146
57 660 6 7 0.137
602 700 5 6 0.133
883 674 5 7 0.128
933 668 6 7 0.125
47 666 7 8 0.120
17 676 7 8 0.115
540 696 5 7 0.112
198 672 6 9 0.111
32 658 6 7 0.110
250 703 6 7 0.109
14 678 5 7 0.108
978 666 6 7 0.107
479 689 5 6 0.106
797 683 5 6 0.101
533 680 5 6 0.100
665 692 5 6 0.100
1010 646 6 6 0.098
291 703 5 6 0.096
831 682 5 6 0.092
861 673 5 7 0.090
878 677 5 7 0.089
979 665 6 7 0.088
652 695 5 6 0.088
372 703 5 6 0.086
924 684 6 7 0.084
900 674 6 7 0.084
861 656 6 6 0.084
786 694 5 6 0.083
960 667 6 7 0.079
229 686 6 7 0.079
227 686 5 7 0.076
667 691 5 6 0.076
359 652 5 5 0.076
874 679 5 7 0.076
324 704 5 6 0.074
112 668 6 8 0.073
72 665 7 8 0.072
43 665 6 7 0.072
692 746 7 8 0.071
761 695 6 6 0.071
861 675 6 7 0.070
661 704 6 7 0.068
833 683 5 7 0.068
961 652 6 7 0.067
84 667 6 7 0.067
786 660 5 6 0.067
947 670 5 7 0.064
543 748 6 8 0.063
73 691 6 8 0.061
863 655 5 6 0.060
551 687 5 6 0.057
347 671 5 6 0.056
494 704 5 6 0.055
989 651 5 7 0.055
834 648 4 6 0.054
403 231 14 17 0.054
757 663 5 6 0.054
1015 664 5 6 0.053
792 709 6 7 0.052
349 672 5 6 0.052
231 686 5 6 0.052
947 649 5 6 0.052
149 693 6 7 0.052
678 690 5 7 0.051
551 690 5 6 0.051
812 649 5 5 0.048
720 690 5 6 0.048
471 672 5 5 0.048
516 676 5 6 0.047
945 648 5 7 0.047
729 657 5 6 0.047
195 670 10 13 0.047
111 664 5 7 0.045
293 701 5 7 0.045
230 637 6 7 0.045
812 679 5 6 0.045
620 692 5 7 0.045
634 697 6 6 0.045
794 684 5 7 0.044
761 689 5 7 0.044
948 666 6 7 0.043
543 664 5 6 0.043
813 691 6 6 0.043
135 671 7 7 0.043
338 690 4 6 0.043
325 666 5 6 0.043
759 701 8 10 0.042
679 689 5 6 0.042
925 681 6 7 0.042
414 699 5 6 0.042
132 583 5 6 0.042
428 675 5 5 0.042
317 703 5 7 0.041
486 689 5 6 0.041
456 698 5 6 0.040
18 653 5 7 0.040
376 663 5 6 0.040
658 702 5 7 0.040
407 691 5 6 0.040
758 704 5 6 0.040
47 635 5 6 0.039
469 702 5 6 0.039
371 698 5 6 0.039
404 690 5 6 0.038
357 704 5 6 0.038
14 664 6 8 0.038
991 648 5 7 0.038
569 624 5 6 0.037
423 694 5 5 0.037
470 704 4 6 0.037
733 660 5 6 0.037
602 679 5 6 0.037
501 691 5 6 0.037
114 674 7 8 0.037
812 681 5 6 0.037
634 677 5 7 0.037
872 683 6 7 0.037
765 681 5 7 0.036
678 659 4 6 0.036
1011 666 5 6 0.036
514 677 5 5 0.036
125 673 6 7 0.035
577 671 5 6 0.035
595 711 6 7 0.035
408 693 5 6 0.034
337 701 5 6 0.034
431 673 4 6 0.034
154 697 5 7 0.034
829 648 5 6 0.034
1013 677 5 6 0.033
1 745 6 9 0.033
570 628 5 6 0.032
405 646 5 6 0.032
333 655 4 6 0.032
368 704 5 6 0.032
815 692 5 6 0.032
360 672 5 6 0.031
799 612 5 6 0.031
397 701 5 6 0.031
429 707 5 6 0.031
119 664 5 6 0.031
632 694 5 7 0.030
982 635 4 6 0.030
1011 629 4 6 0.030
733 657 5 6 0.030
312 701 4 6 0.029
434 692 5 6 0.029
1014 659 5 8 0.029
566 697 5 7 0.029
749 664 5 6 0.029
334 653 5 6 0.028
452 679 5 6 0.028
550 647 5 6 0.028
79 664 6 7 0.028
410 692 4 5 0.027
565 694 5 6 0.027
696 746 6 8 0.027
899 626 5 6 0.027
577 692 6 6 0.027
666 674 5 6 0.026
1010 678 5 7 0.026
795 649 5 6 0.026
127 487 11 14 0.026
592 671 5 6 0.026
730 640 5 6 0.025
219 611 9 12 0.025
772 646 5 6 0.025
426 709 5 6 0.025
821 651 5 6 0.025
994 625 5 6 0.025
598 703 6 6 0.025
1012 627 5 6 0.024
564 445 30 32 0.024
194 672 7 9 0.024
504 672 4 6 0.023
146 687 7 8 0.023
746 638 4 6 0.023
200 686 5 6 0.023
492 752 7 9 0.023
391 702 5 6 0.023
603 681 5 6 0.023
568 262 21 24 0.023
44 669 9 10 0.023
62 661 8 9 0.023
259 660 5 7 0.022
589 272 19 22 0.022
534 733 6 6 0.022
43 669 7 8 0.022
327 661 5 6 0.022
792 656 5 7 0.022
452 681 5 6 0.022
915 672 8 9 0.022
552 648 5 6 0.022
745 642 5 6 0.022
116 670 7 10 0.021
569 256 39 44 0.021
134 583 5 6 0.021
852 635 5 6 0.021
491 686 4 6 0.021
503 665 5 6 0.021
359 687 4 6 0.020
465 646 5 6 0.020
388 682 5 6 0.020
646 677 4 6 0.020
679 670 5 7 0.020
326 690 7 9 0.020
117 622 5 6 0.020
617 676 5 6 0.020
29 691 6 8 0.020
998 627 5 6 0.020
667 615 5 6 0.019
732 639 5 6 0.019
695 690 4 6 0.019
646 673 4 6 0.019
424 691 5 6 0.018
787 712 6 7 0.018
734 683 5 7 0.018
392 751 5 6 0.018
188 709 5 8 0.018
939 653 5 7 0.018
467 645 5 6 0.018
1013 603 5 6 0.018
236 683 5 7 0.018
31 760 9 7 0.018
748 657 4 6 0.018
575 670 5 6 0.018
633 674 5 6 0.017
659 656 5 6 0.017
805 628 5 6 0.017
657 690 5 6 0.017
859 627 5 6 0.017
601 749 6 7 0.017
132 666 5 6 0.017
515 100 8 8 0.017
145 606 4 5 0.017
578 687 5 7 0.016
896 684 5 7 0.016
180 694 5 6 0.016
177 639 6 8 0.016
567 690 4 6 0.016
997 629 5 5 0.016
373 688 4 6 0.016
153 675 6 7 0.016
915 625 5 6 0.016
75 647 6 6 0.016
684 702 6 7 0.016
148 696 6 7 0.016
490 751 10 12 0.016
390 664 4 6 0.016
780 632 5 5 0.016
716 691 5 6 0.015
693 692 5 7 0.015
948 658 6 7 0.015
692 699 5 7 0.015
602 714 6 7 0.015
391 698 4 6 0.015
785 634 4 6 0.015
133 669 8 10 0.015
297 651 5 7 0.015
387 647 5 6 0.015
630 553 24 28 0.015
145 690 9 10 0.015
724 664 5 6 0.015
502 679 5 6 0.015
578 702 5 6 0.015
150 680 6 7 0.015
395 667 5 6 0.015
619 751 6 7 0.015
412 712 5 6 0.014
118 606 5 6 0.014
856 633 5 6 0.014
783 628 5 5 0.014
84 658 5 7 0.014
732 642 5 6 0.014
566 651 4 5 0.014
377 645 5 6 0.014
874 635 4 6 0.014
617 699 5 6 0.014
850 652 5 6 0.014
492 651 5 6 0.014
413 675 5 6 0.014
582 649 4 6 0.014
623 649 4 5 0.014
984 635 5 6 0.013
914 645 6 6 0.013
468 683 5 6 0.013
107 686 6 8 0.013
492 673 5 6 0.013
628 226 12 16 0.013
117 588 5 6 0.013
204 684 5 7 0.013
45 641 5 6 0.013
552 650 5 6 0.013
389 668 5 5 0.013
892 653 4 6 0.013
117 575 4 5 0.013
603 644 5 6 0.013
257 659 6 7 0.013
540 695 8 9 0.012
130 754 7 9 0.012
630 649 5 6 0.012
847 646 5 6 0.012
436 684 5 6 0.012
902 664 4 6 0.012
582 654 5 6 0.012
926 661 5 6 0.012
673 645 4 5 0.012
147 606 5 5 0.012
641 643 5 6 0.012
529 387 25 28 0.012
603 749 7 7 0.012
231 595 5 6 0.012
553 703 5 6 0.012
782 644 5 6 0.012
997 652 5 7 0.012
324 713 5 7 0.011
647 699 5 6 0.011
395 633 5 6 0.011
564 655 5 6 0.011
672 639 4 5 0.011
914 627 5 6 0.011
902 757 9 9 0.011
924 751 9 10 0.011
352 689 7 9 0.011
817 616 5 6 0.011
992 604 5 5 0.011
770 650 5 6 0.011
418 754 5 6 0.011
641 639 5 6 0.011
620 662 5 6 0.011
190 709 6 9 0.011
261 503 12 16 0.011
88 671 6 7 0.011
839 672 8 9 0.011
648 713 6 6 0.010
877 753 6 9 0.010
349 638 5 5 0.010
671 644 4 6 0.010
351 651 5 5 0.010
961 670 6 7 0.010
