35_Basketball_basketballgame_ball_35_998
105
680 63 55 75 0.814
1 311 22 41 0.808
915 280 45 62 0.803
354 316 39 56 0.800
42 391 42 50 0.798
337 93 55 80 0.789
122 286 33 46 0.785
63 280 34 40 0.769
37 204 33 43 0.661
505 341 35 39 0.339
389 88 40 54 0.322
443 142 32 44 0.298
910 203 36 47 0.289
467 437 26 30 0.215
177 127 40 49 0.196
586 50 30 41 0.176
872 302 30 45 0.161
0 246 12 42 0.157
458 85 45 56 0.155
811 309 46 59 0.150
595 14 28 36 0.141
604 411 22 31 0.141
496 32 42 53 0.140
8 211 25 38 0.130
108 112 32 39 0.126
1004 318 20 56 0.113
821 87 40 51 0.100
137 185 28 39 0.094
388 182 37 46 0.082
320 406 30 41 0.082
764 45 41 49 0.076
792 -3 22 18 0.072
930 12 27 36 0.070
680 1 30 37 0.067
994 -4 26 22 0.065
837 221 32 43 0.063
476 47 49 64 0.062
249 150 50 54 0.052
502 13 42 52 0.051
644 33 34 45 0.050
641 98 29 39 0.049
808 41 29 37 0.049
408 8 27 39 0.049
461 102 32 41 0.047
564 139 39 50 0.041
428 43 31 42 0.040
173 120 33 39 0.040
1011 205 13 42 0.039
60 139 32 36 0.035
705 -3 23 19 0.034
469 65 47 59 0.033
271 85 34 42 0.032
248 49 31 39 0.032
814 47 31 40 0.031
566 129 32 40 0.030
507 -4 41 30 0.029
753 37 35 46 0.026
644 94 40 54 0.024
152 0 39 42 0.024
994 1 26 33 0.024
719 438 25 27 0.023
488 17 43 53 0.023
469 221 37 47 0.022
966 45 38 48 0.022
462 426 35 45 0.021
848 -3 24 23 0.021
524 355 38 37 0.021
176 362 35 36 0.020
512 32 35 48 0.020
878 38 32 40 0.019
625 19 40 48 0.018
937 -1 30 28 0.018
413 22 38 52 0.017
833 74 33 48 0.017
585 25 38 52 0.016
789 87 47 56 0.016
877 40 43 55 0.016
368 78 58 81 0.016
950 31 44 55 0.015
278 -3 36 37 0.015
258 62 40 52 0.015
93 72 23 31 0.015
520 340 37 39 0.014
814 103 43 54 0.014
325 8 30 36 0.014
397 110 36 47 0.014
176 119 22 27 0.014
222 122 34 37 0.014
999 29 24 39 0.013
900 19 43 51 0.013
180 0 46 48 0.013
552 435 22 29 0.013
487 18 59 78 0.012
1008 22 15 27 0.012
497 1 38 45 0.011
975 181 35 47 0.011
923 75 35 45 0.011
594 399 34 46 0.011
758 -3 24 16 0.010
874 51 32 42 0.010
697 -5 27 28 0.010
150 27 36 37 0.010
186 134 41 52 0.010
1000 55 22 39 0.010
971 166 35 47 0.010
