35_Basketball_Basketball_35_209
397
419 107 34 44 0.804
502 135 34 46 0.800
899 182 18 23 0.708
979 222 13 17 0.667
51 242 10 11 0.543
176 191 16 22 0.528
714 264 8 11 0.521
86 265 9 11 0.492
613 236 9 11 0.464
50 219 8 9 0.454
18 233 9 11 0.437
179 276 7 9 0.431
109 210 7 10 0.404
743 269 9 10 0.390
134 227 8 11 0.389
117 269 8 10 0.367
833 261 11 13 0.367
289 268 7 8 0.360
114 268 8 10 0.353
76 226 8 10 0.350
145 252 9 11 0.331
182 249 8 10 0.328
163 213 7 9 0.326
87 238 8 10 0.324
153 229 8 9 0.313
320 247 7 9 0.293
50 189 6 7 0.281
31 264 10 13 0.280
664 262 8 10 0.280
118 198 6 7 0.276
148 192 6 8 0.270
182 228 7 10 0.261
23 182 6 8 0.256
14 261 9 12 0.245
22 181 6 8 0.233
66 263 9 12 0.229
264 265 6 8 0.226
134 207 7 8 0.224
1 242 7 10 0.222
132 272 8 9 0.221
336 249 7 8 0.220
74 210 8 8 0.208
716 265 8 11 0.207
267 226 5 7 0.203
90 239 8 10 0.203
952 191 7 8 0.198
150 265 8 9 0.193
128 199 5 7 0.191
927 192 8 11 0.185
32 203 8 8 0.184
712 245 7 9 0.179
90 208 7 9 0.176
369 249 8 9 0.176
1016 212 8 12 0.176
300 203 5 6 0.174
172 243 7 9 0.172
19 209 7 9 0.170
926 182 7 10 0.166
1016 232 8 13 0.166
76 208 7 9 0.165
315 224 6 7 0.164
30 262 9 11 0.163
340 213 5 7 0.162
713 242 7 9 0.159
275 198 6 6 0.157
1000 216 8 11 0.157
75 188 6 8 0.152
809 183 6 8 0.146
841 193 6 7 0.145
841 226 8 10 0.144
339 248 7 8 0.143
928 186 7 10 0.142
263 206 5 7 0.142
286 239 6 7 0.141
611 267 9 11 0.140
746 268 8 9 0.137
314 197 5 7 0.135
666 229 6 8 0.134
959 261 10 13 0.133
889 162 7 8 0.132
5 48 6 7 0.125
279 214 5 7 0.124
55 242 8 11 0.124
686 213 5 7 0.122
16 262 10 12 0.120
358 246 6 8 0.118
28 54 6 7 0.118
292 269 6 7 0.117
359 269 7 9 0.116
128 250 8 10 0.116
669 213 5 6 0.115
668 230 6 8 0.112
153 199 6 7 0.111
750 204 6 7 0.111
711 266 8 11 0.109
68 209 7 8 0.103
319 244 7 8 0.102
148 261 8 10 0.101
989 156 6 7 0.101
2 183 6 9 0.100
342 214 5 6 0.099
843 194 6 7 0.095
108 269 7 9 0.094
136 209 7 8 0.090
145 248 8 11 0.090
878 187 8 11 0.089
32 221 7 9 0.087
254 199 5 7 0.086
300 205 6 7 0.085
333 199 5 6 0.084
636 235 7 9 0.082
836 264 9 11 0.081
698 258 7 9 0.080
665 266 7 8 0.079
269 229 5 7 0.078
998 168 6 7 0.077
352 248 6 7 0.076
639 236 6 9 0.075
279 254 6 8 0.075
180 297 7 8 0.075
960 174 6 8 0.075
125 251 8 10 0.073
276 200 6 7 0.073
954 147 5 6 0.071
925 151 6 7 0.070
33 268 11 14 0.070
27 206 7 10 0.070
165 262 7 8 0.069
362 215 6 6 0.069
97 196 5 7 0.068
817 213 6 7 0.068
115 251 7 10 0.067
52 65 6 7 0.066
930 193 8 10 0.065
918 166 6 8 0.065
102 238 8 9 0.065
871 169 7 8 0.064
691 237 7 8 0.064
636 228 6 7 0.064
179 247 8 10 0.064
652 203 4 5 0.064
182 275 8 10 0.063
81 245 8 10 0.062
288 224 6 7 0.061
301 201 5 6 0.061
145 191 7 10 0.060
61 198 7 8 0.060
130 273 8 10 0.058
207 187 10 12 0.058
734 244 7 9 0.058
360 195 5 6 0.057
109 237 8 9 0.057
51 45 5 6 0.055
81 209 7 9 0.055
140 269 8 10 0.054
468 249 6 7 0.054
4 50 6 7 0.054
899 148 5 7 0.054
287 236 5 7 0.054
843 212 7 8 0.054
1011 214 9 13 0.053
961 257 10 14 0.052
1018 276 6 13 0.052
965 241 10 12 0.051
255 197 5 6 0.051
2 221 7 8 0.051
175 226 8 9 0.051
97 70 6 7 0.051
176 205 10 14 0.050
677 238 7 8 0.049
2 225 6 10 0.048
1010 168 6 7 0.048
921 166 6 8 0.048
377 214 5 6 0.048
68 295 9 10 0.047
1016 210 7 10 0.047
80 229 9 11 0.047
334 200 5 7 0.047
952 204 8 11 0.046
85 258 9 12 0.046
885 193 9 12 0.046
331 246 8 10 0.046
361 216 5 7 0.045
153 175 5 6 0.044
887 164 7 8 0.044
825 161 6 7 0.043
50 63 7 8 0.043
680 244 7 9 0.043
49 46 5 6 0.043
116 319 8 10 0.043
710 210 5 7 0.043
841 191 8 11 0.043
980 139 6 6 0.042
71 185 6 8 0.042
840 229 7 9 0.041
70 323 8 10 0.040
654 251 6 8 0.040
609 269 7 9 0.039
813 167 5 7 0.039
138 65 6 7 0.039
745 252 7 8 0.038
709 213 5 6 0.038
374 215 5 6 0.038
637 262 7 9 0.037
52 291 8 10 0.037
76 52 6 7 0.037
681 230 6 7 0.036
651 251 7 9 0.036
700 226 6 7 0.036
967 221 9 12 0.036
927 151 6 7 0.035
252 196 5 7 0.035
823 162 5 7 0.035
928 195 10 13 0.035
265 229 5 7 0.034
52 230 8 12 0.034
320 221 5 7 0.034
705 190 4 5 0.034
132 204 8 9 0.034
970 152 5 6 0.034
983 176 7 7 0.034
713 212 6 6 0.034
928 179 7 8 0.033
360 196 5 7 0.033
961 172 5 8 0.033
1013 170 6 7 0.033
652 201 5 5 0.033
640 262 7 9 0.033
375 213 6 6 0.033
127 293 8 9 0.033
98 193 6 7 0.032
166 293 6 8 0.032
86 290 9 11 0.032
992 154 6 7 0.032
311 199 5 6 0.032
706 187 4 6 0.031
858 185 6 8 0.031
74 52 6 7 0.030
643 269 7 8 0.030
1011 123 5 6 0.030
693 230 6 8 0.030
648 201 4 5 0.030
636 221 6 7 0.030
910 167 8 10 0.029
867 209 8 11 0.028
676 192 5 6 0.028
471 268 6 8 0.028
1017 178 6 8 0.028
761 238 5 9 0.028
16 70 6 7 0.028
360 192 5 6 0.028
124 270 10 12 0.027
874 181 9 12 0.027
473 245 6 8 0.027
348 216 6 7 0.027
279 279 6 7 0.027
862 160 5 6 0.027
592 276 6 8 0.026
175 190 10 14 0.026
699 275 7 8 0.026
662 244 7 8 0.026
339 215 6 7 0.026
684 188 5 5 0.026
727 189 4 5 0.025
848 266 8 10 0.025
333 85 5 6 0.025
281 280 6 7 0.025
590 276 6 8 0.024
998 129 5 6 0.024
75 186 7 8 0.023
680 191 5 6 0.023
814 184 6 8 0.023
715 238 8 10 0.023
753 202 8 10 0.023
636 250 7 10 0.023
20 66 6 8 0.023
760 174 6 6 0.022
717 235 6 8 0.022
746 271 8 10 0.022
47 187 6 7 0.022
735 219 5 7 0.022
808 180 6 7 0.022
369 255 6 9 0.022
454 267 6 8 0.021
755 206 5 7 0.021
972 149 6 7 0.021
592 210 5 6 0.021
718 210 5 6 0.021
122 176 5 7 0.021
762 215 5 7 0.021
838 188 9 11 0.021
954 201 7 10 0.021
123 227 8 9 0.021
125 291 8 10 0.021
438 236 5 7 0.021
139 66 6 8 0.021
670 264 7 9 0.020
64 212 9 11 0.020
844 180 6 7 0.020
497 250 6 8 0.020
939 164 6 7 0.020
148 82 6 7 0.019
58 315 8 10 0.019
924 180 11 14 0.019
278 197 5 6 0.019
1012 234 9 12 0.019
762 174 6 7 0.019
906 150 5 6 0.018
850 251 8 11 0.018
387 94 5 7 0.018
864 162 6 7 0.018
851 263 7 10 0.017
195 234 10 12 0.017
749 250 7 8 0.017
590 213 5 7 0.017
340 267 5 8 0.017
735 209 5 6 0.017
744 249 7 8 0.017
198 226 11 16 0.017
635 208 5 5 0.017
137 67 6 8 0.016
1003 121 5 6 0.016
723 190 5 5 0.016
734 215 5 6 0.016
1018 269 7 14 0.016
698 198 5 7 0.016
526 65 5 6 0.016
591 220 6 8 0.016
92 50 5 6 0.016
62 67 7 8 0.016
809 165 5 7 0.016
639 220 5 6 0.016
863 193 6 8 0.016
814 218 5 7 0.016
615 221 5 7 0.016
592 216 5 7 0.015
705 109 5 6 0.015
822 161 8 10 0.015
731 186 4 6 0.014
275 280 7 9 0.014
724 187 5 6 0.014
934 207 10 12 0.014
945 163 6 7 0.014
284 234 8 11 0.014
467 268 7 8 0.014
120 177 6 6 0.013
198 232 10 17 0.013
492 67 5 6 0.013
119 277 8 11 0.013
874 202 11 14 0.013
924 141 5 7 0.013
155 51 6 7 0.013
922 136 5 6 0.012
738 115 5 6 0.012
330 191 4 6 0.012
747 223 5 7 0.012
438 243 6 8 0.012
771 145 5 6 0.012
491 92 5 6 0.012
996 166 8 10 0.012
979 136 5 6 0.012
261 262 10 14 0.012
980 115 5 5 0.012
435 238 7 9 0.012
876 146 5 5 0.012
965 220 8 10 0.012
923 150 8 10 0.012
281 71 5 6 0.012
373 218 5 7 0.011
759 220 5 7 0.011
978 159 6 7 0.011
841 225 11 15 0.011
353 203 5 6 0.011
656 267 7 9 0.011
120 174 6 6 0.011
331 185 5 6 0.011
856 162 5 7 0.011
350 89 5 7 0.011
994 128 5 6 0.011
930 208 11 13 0.011
747 202 8 9 0.011
107 54 5 7 0.011
864 175 6 9 0.011
88 291 9 12 0.011
817 215 6 8 0.011
116 70 6 7 0.010
634 269 7 9 0.010
275 276 8 10 0.010
923 134 6 6 0.010
1017 159 6 7 0.010
13 71 6 7 0.010
262 219 8 11 0.010
987 183 6 8 0.010
1006 202 6 7 0.010
95 70 8 11 0.010
172 285 8 10 0.010
184 293 7 9 0.010
