35_Basketball_basketballgame_ball_35_565
506
882 354 21 27 0.735
702 387 21 28 0.726
785 471 25 34 0.726
899 290 16 22 0.720
799 427 23 29 0.710
592 474 18 24 0.706
867 431 22 31 0.703
532 448 17 22 0.691
552 433 14 20 0.686
914 251 14 17 0.685
782 385 20 25 0.667
579 425 17 22 0.666
878 461 20 27 0.662
516 433 16 21 0.660
613 342 15 20 0.649
817 277 14 18 0.641
928 391 17 25 0.637
688 308 12 15 0.634
965 283 17 22 0.633
443 415 13 16 0.626
777 263 12 16 0.623
786 231 12 14 0.622
404 415 11 15 0.614
827 226 12 16 0.613
799 333 17 20 0.611
803 258 12 15 0.610
649 347 12 16 0.609
827 383 19 25 0.609
858 252 12 15 0.608
793 316 15 19 0.608
541 326 11 14 0.606
870 217 12 17 0.599
316 422 12 15 0.591
567 308 11 15 0.586
721 290 13 16 0.585
731 308 15 19 0.584
384 410 11 15 0.584
784 186 11 13 0.582
660 307 12 15 0.582
707 312 14 17 0.581
606 429 15 22 0.580
763 250 11 14 0.574
617 298 10 13 0.566
911 233 12 14 0.561
443 370 11 14 0.560
223 447 15 21 0.556
848 179 9 11 0.552
978 144 12 15 0.550
639 225 8 11 0.550
647 327 10 13 0.529
939 234 13 18 0.526
333 374 9 12 0.525
278 457 15 23 0.523
257 456 19 24 0.523
491 398 11 15 0.520
703 212 9 11 0.518
950 353 20 27 0.516
715 248 12 15 0.515
888 250 12 15 0.512
842 277 12 14 0.511
914 161 12 16 0.511
471 380 10 13 0.507
241 397 9 11 0.504
632 268 10 13 0.503
137 451 14 18 0.502
194 429 11 13 0.499
664 219 9 11 0.497
956 244 12 18 0.484
750 188 10 12 0.482
195 456 12 16 0.478
377 346 9 11 0.477
977 265 15 17 0.473
662 257 9 11 0.472
172 456 15 17 0.472
435 304 7 8 0.470
522 338 10 12 0.465
102 445 13 17 0.462
880 236 11 15 0.457
1008 194 11 14 0.448
674 262 11 14 0.446
338 359 9 11 0.445
116 424 9 11 0.441
128 429 10 13 0.441
76 402 11 13 0.439
407 386 10 13 0.437
14 391 8 8 0.437
500 368 11 15 0.424
553 241 7 8 0.420
978 196 12 14 0.419
160 392 8 10 0.418
453 391 10 13 0.413
661 292 11 14 0.412
206 413 10 12 0.411
879 172 10 12 0.410
617 228 9 11 0.395
469 316 9 10 0.391
230 376 7 8 0.388
1006 143 11 15 0.387
700 349 15 19 0.374
578 244 8 10 0.365
1 420 7 10 0.348
859 270 11 14 0.347
515 356 10 12 0.345
662 277 11 13 0.343
384 391 10 13 0.340
419 338 10 12 0.334
200 386 8 9 0.334
437 342 8 10 0.331
742 211 9 12 0.328
351 349 8 10 0.327
470 358 9 12 0.324
347 331 7 8 0.322
493 261 7 8 0.306
465 346 9 11 0.299
191 413 8 10 0.297
529 293 7 9 0.294
364 332 7 9 0.293
448 322 8 10 0.281
347 440 14 22 0.279
549 280 9 11 0.278
425 453 12 14 0.274
380 323 7 9 0.271
485 296 7 9 0.268
495 355 9 14 0.267
706 248 11 14 0.263
391 277 6 8 0.259
287 342 7 8 0.257
618 281 10 11 0.255
493 367 11 14 0.239
307 371 8 9 0.239
114 396 8 9 0.239
50 404 8 10 0.237
508 286 8 9 0.236
577 329 10 15 0.235
324 333 7 9 0.233
255 369 9 10 0.231
407 292 6 8 0.231
131 431 11 14 0.224
390 309 7 9 0.221
453 290 6 8 0.217
264 458 17 24 0.213
185 365 6 8 0.206
531 291 8 9 0.206
319 365 8 10 0.202
772 440 19 21 0.201
235 455 13 18 0.200
167 371 5 7 0.199
314 351 7 9 0.197
388 394 10 12 0.195
315 381 9 10 0.194
245 384 8 9 0.191
592 234 7 10 0.191
178 455 15 16 0.190
448 267 6 7 0.189
671 327 11 14 0.184
215 354 7 8 0.182
948 156 11 13 0.179
855 198 11 14 0.172
205 452 15 19 0.169
265 337 6 7 0.168
689 348 14 16 0.166
300 336 7 8 0.166
4 419 8 11 0.163
303 337 7 8 0.162
410 272 6 7 0.160
413 315 7 8 0.159
515 256 6 7 0.158
37 436 9 10 0.158
500 340 9 12 0.157
216 342 6 7 0.153
184 389 7 9 0.153
486 228 6 7 0.151
108 389 7 8 0.150
454 292 6 8 0.149
18 417 8 10 0.149
465 314 8 10 0.149
604 237 8 9 0.148
636 303 10 13 0.146
331 373 8 11 0.146
154 366 5 7 0.142
244 339 6 7 0.142
501 309 8 10 0.140
505 288 7 9 0.139
534 250 7 8 0.138
147 394 7 9 0.137
200 361 7 8 0.137
402 341 7 9 0.136
129 387 7 8 0.134
571 333 11 15 0.133
518 342 10 13 0.132
689 234 8 10 0.129
140 373 5 7 0.129
250 331 6 8 0.125
215 346 6 8 0.124
310 371 9 11 0.124
304 369 9 11 0.120
455 269 6 8 0.119
359 379 9 12 0.119
719 250 11 14 0.118
496 260 7 8 0.116
551 242 7 8 0.115
333 307 6 7 0.113
356 377 9 12 0.113
670 260 10 13 0.113
115 379 6 7 0.111
457 308 7 10 0.110
365 367 9 12 0.109
382 324 7 8 0.109
1018 340 6 22 0.106
145 395 6 8 0.104
212 410 9 11 0.102
218 406 8 10 0.102
312 312 6 7 0.102
409 292 6 8 0.101
277 370 7 8 0.100
214 341 6 7 0.098
355 406 10 15 0.098
17 390 6 8 0.098
687 348 12 14 0.098
592 230 8 11 0.098
184 367 6 8 0.097
869 481 14 23 0.095
294 370 8 9 0.095
1015 282 8 21 0.094
439 343 9 11 0.094
297 376 8 10 0.094
142 453 14 16 0.093
568 341 10 13 0.092
496 350 9 12 0.092
501 425 13 17 0.090
906 214 10 13 0.090
579 241 9 11 0.089
605 222 8 9 0.089
431 270 5 6 0.086
524 334 10 13 0.086
298 335 7 10 0.086
616 231 8 11 0.085
468 260 6 8 0.082
725 292 12 16 0.082
706 485 22 28 0.082
760 247 11 15 0.082
686 447 19 23 0.081
548 370 10 14 0.080
592 222 7 9 0.080
389 306 6 8 0.080
246 341 6 8 0.080
947 329 16 22 0.080
373 310 6 8 0.078
196 357 6 7 0.078
248 333 7 9 0.077
174 421 8 11 0.077
361 372 9 13 0.075
682 253 9 11 0.075
952 152 12 14 0.075
196 442 12 17 0.074
163 392 7 9 0.074
339 355 8 10 0.073
334 328 6 7 0.070
291 398 10 13 0.070
140 474 13 17 0.069
411 317 7 8 0.068
219 353 6 8 0.068
757 461 19 24 0.068
524 316 8 11 0.067
203 362 7 8 0.067
699 487 24 31 0.066
388 454 12 15 0.066
410 423 12 17 0.066
470 259 6 8 0.064
561 358 10 13 0.064
615 280 9 11 0.064
724 287 12 16 0.063
327 460 15 20 0.063
426 340 10 11 0.062
80 403 10 12 0.062
39 433 8 11 0.061
445 362 10 13 0.060
382 388 11 12 0.060
249 379 8 10 0.059
728 228 9 12 0.059
590 297 9 11 0.059
150 368 6 6 0.058
363 367 8 10 0.058
689 493 23 32 0.058
333 368 9 11 0.057
257 345 6 8 0.057
70 438 11 13 0.057
197 363 7 7 0.057
427 404 9 12 0.056
109 387 7 9 0.056
405 216 7 9 0.056
400 344 8 10 0.054
566 347 10 14 0.054
297 301 5 6 0.054
444 283 6 8 0.054
574 218 7 9 0.053
269 338 6 8 0.053
712 301 12 17 0.053
748 190 11 14 0.053
15 424 7 9 0.052
424 316 8 9 0.051
983 329 15 19 0.051
550 433 11 16 0.051
215 358 7 9 0.051
504 309 8 10 0.051
929 288 15 18 0.051
323 457 16 20 0.049
277 379 7 9 0.048
275 403 10 12 0.048
416 381 11 14 0.048
600 231 8 11 0.048
503 224 6 7 0.047
230 349 6 8 0.047
940 356 19 23 0.046
202 390 9 12 0.046
441 266 6 7 0.045
91 392 6 7 0.045
328 467 15 17 0.045
682 218 8 10 0.044
304 406 10 13 0.044
239 363 7 9 0.043
53 438 8 9 0.043
328 292 5 6 0.043
208 416 10 12 0.042
704 350 16 19 0.042
48 437 8 11 0.042
983 224 12 15 0.042
339 447 16 22 0.041
230 357 7 8 0.041
801 290 12 15 0.041
292 301 5 6 0.041
747 216 10 13 0.040
370 303 6 8 0.040
37 429 9 12 0.039
366 300 6 7 0.039
483 249 6 8 0.039
116 399 8 9 0.039
663 255 11 16 0.039
342 373 9 11 0.038
508 281 8 11 0.037
496 330 8 11 0.037
308 300 5 6 0.037
321 422 12 14 0.037
682 215 8 10 0.037
196 386 9 10 0.036
819 213 10 13 0.035
90 399 8 10 0.035
683 499 22 30 0.035
559 180 6 8 0.034
281 363 7 8 0.034
906 434 17 21 0.034
706 291 10 13 0.034
473 339 8 10 0.034
255 331 6 7 0.033
280 381 7 9 0.033
281 403 11 14 0.033
532 187 6 7 0.032
370 284 5 6 0.032
140 480 15 20 0.032
201 455 10 16 0.032
1013 287 10 23 0.032
593 216 7 8 0.031
614 300 10 13 0.031
873 476 19 25 0.031
228 377 7 8 0.030
421 296 6 8 0.030
684 489 21 28 0.030
87 388 6 7 0.029
408 216 6 8 0.029
552 362 11 14 0.029
636 269 9 13 0.028
299 330 6 8 0.028
680 450 20 24 0.028
958 354 19 25 0.028
311 460 14 19 0.028
406 369 8 11 0.028
490 503 12 20 0.027
533 251 7 9 0.027
332 290 5 6 0.027
576 216 6 8 0.027
28 408 7 10 0.027
307 468 13 16 0.026
661 243 9 10 0.026
487 290 7 9 0.026
347 308 6 7 0.025
602 239 9 11 0.025
925 284 14 18 0.025
429 277 5 8 0.024
475 261 6 8 0.024
328 295 5 6 0.023
473 285 7 8 0.022
522 359 10 12 0.022
669 294 11 15 0.022
394 304 8 10 0.022
402 216 9 11 0.022
411 272 8 9 0.022
468 255 8 10 0.021
173 427 9 12 0.021
1018 223 7 17 0.021
540 349 10 14 0.021
961 244 13 17 0.021
463 281 7 8 0.020
557 179 7 7 0.020
27 402 7 8 0.020
756 298 10 14 0.020
605 217 7 8 0.020
350 287 6 6 0.020
775 445 19 23 0.020
516 259 6 8 0.020
372 307 8 9 0.020
970 265 14 18 0.020
972 313 13 17 0.020
350 435 13 23 0.020
1017 308 6 18 0.020
280 340 8 9 0.020
919 167 11 14 0.019
456 406 11 14 0.019
99 452 11 15 0.019
567 353 11 15 0.019
749 184 9 11 0.019
245 430 11 14 0.019
101 406 8 10 0.019
692 484 18 24 0.018
100 439 10 13 0.018
987 226 11 16 0.018
280 416 10 11 0.018
380 347 9 10 0.018
401 347 8 11 0.018
166 373 8 10 0.018
352 259 6 7 0.018
493 327 8 10 0.018
498 423 11 15 0.018
192 352 6 7 0.018
581 219 9 11 0.018
802 296 13 17 0.018
512 428 14 20 0.017
361 283 6 7 0.017
483 205 6 8 0.017
38 434 11 14 0.017
131 401 7 9 0.017
753 219 10 14 0.017
421 454 13 15 0.017
838 206 10 13 0.017
319 453 15 19 0.016
467 366 9 13 0.016
829 374 17 21 0.016
246 417 11 14 0.016
556 182 7 8 0.016
975 332 15 19 0.016
347 291 5 7 0.016
555 281 8 10 0.015
38 378 7 8 0.015
240 460 14 17 0.015
3 451 8 12 0.015
485 391 11 14 0.015
359 280 5 7 0.015
298 397 9 11 0.014
567 294 8 9 0.014
597 342 9 12 0.014
864 208 11 16 0.014
1009 287 13 19 0.014
955 205 11 13 0.014
505 221 6 7 0.014
698 327 11 16 0.014
66 444 10 13 0.014
423 242 6 7 0.014
262 453 16 22 0.013
834 268 12 15 0.013
611 323 10 13 0.013
887 257 11 15 0.013
57 396 7 8 0.013
931 398 19 24 0.013
253 413 10 11 0.013
665 452 18 23 0.013
572 233 7 9 0.013
173 420 8 9 0.013
720 278 10 12 0.012
707 212 9 12 0.012
143 472 15 18 0.012
690 275 10 12 0.012
290 465 14 20 0.012
712 345 13 16 0.012
426 239 6 9 0.012
412 269 5 7 0.012
286 309 6 7 0.012
752 291 9 12 0.012
484 223 6 8 0.012
447 422 13 16 0.012
690 452 20 23 0.012
547 348 10 13 0.012
237 417 10 13 0.011
701 291 10 11 0.011
955 226 11 14 0.011
352 404 9 13 0.011
679 486 17 21 0.011
429 398 10 13 0.011
389 380 8 10 0.011
287 316 5 7 0.011
725 277 10 12 0.011
32 437 9 10 0.011
109 449 13 15 0.011
593 395 12 18 0.010
606 333 9 13 0.010
639 327 10 14 0.010
352 264 5 7 0.010
84 388 8 9 0.010
