35_Basketball_Basketball_35_664
65
749 237 25 32 0.517
8 446 12 15 0.354
43 325 10 12 0.297
494 369 9 11 0.293
40 326 9 12 0.237
23 318 8 10 0.215
780 190 49 56 0.176
690 351 16 18 0.164
167 337 11 14 0.140
100 308 7 8 0.130
22 321 7 10 0.123
46 421 11 14 0.117
135 336 7 9 0.113
36 327 8 11 0.110
560 381 8 9 0.100
93 334 11 19 0.099
648 294 19 20 0.086
164 338 10 13 0.078
537 377 8 10 0.077
193 351 7 9 0.066
2 338 7 11 0.066
47 324 8 10 0.059
116 351 8 9 0.051
137 336 8 9 0.043
645 285 18 21 0.039
20 316 8 12 0.032
4 338 9 11 0.031
25 315 6 8 0.031
557 381 8 9 0.029
33 329 7 10 0.027
656 350 12 14 0.026
5 401 9 14 0.025
157 334 8 11 0.024
49 326 10 13 0.024
208 393 6 8 0.022
126 313 7 8 0.021
143 345 7 8 0.020
200 351 5 8 0.020
649 301 18 20 0.020
538 381 7 9 0.020
147 316 7 8 0.019
497 374 9 10 0.019
560 376 10 12 0.017
755 229 27 39 0.016
206 393 7 11 0.016
79 309 6 8 0.015
885 378 9 11 0.015
118 332 7 8 0.015
698 354 13 16 0.014
651 343 15 18 0.014
146 314 6 8 0.014
89 335 12 19 0.014
686 357 15 18 0.014
1 342 8 12 0.013
122 311 6 8 0.013
773 219 34 37 0.012
641 281 17 20 0.012
744 188 17 21 0.012
102 333 8 11 0.011
144 316 8 10 0.011
51 335 10 13 0.011
740 235 27 37 0.011
2 467 11 15 0.010
642 337 15 20 0.010
2 407 7 14 0.010
