35_Basketball_Basketball_35_754
30
500 106 19 24 0.716
626 14 14 17 0.677
485 19 15 17 0.652
192 333 13 21 0.400
925 293 13 19 0.382
385 120 13 18 0.286
116 132 12 13 0.275
215 251 15 19 0.215
232 224 16 17 0.154
668 342 13 20 0.142
102 128 12 12 0.133
227 225 16 17 0.115
589 433 19 24 0.109
219 226 15 16 0.057
661 395 17 21 0.053
239 222 14 18 0.049
928 294 16 19 0.049
211 255 15 18 0.048
469 24 9 13 0.043
88 139 13 14 0.034
927 348 13 18 0.032
390 123 15 19 0.031
91 136 14 14 0.030
207 258 15 17 0.021
673 346 16 19 0.016
586 435 16 22 0.014
640 126 15 18 0.013
188 329 15 21 0.012
194 329 15 20 0.012
380 126 15 17 0.010
