35_Basketball_basketballgame_ball_35_709
868
882 1009 31 39 0.762
221 1007 35 42 0.752
346 963 29 36 0.731
768 998 31 40 0.720
523 403 69 68 0.720
64 989 29 37 0.718
134 956 27 35 0.707
896 978 26 32 0.695
305 805 21 26 0.690
35 986 27 35 0.683
938 980 24 29 0.680
288 994 32 37 0.679
1 966 26 32 0.672
393 868 24 30 0.672
496 994 26 35 0.671
245 928 24 30 0.668
171 939 24 29 0.664
850 918 23 28 0.663
903 925 23 26 0.658
931 905 20 27 0.656
1001 998 25 36 0.655
182 983 33 40 0.653
25 773 22 26 0.651
354 832 22 29 0.650
995 929 22 30 0.649
868 859 20 26 0.649
908 835 20 23 0.642
413 754 21 25 0.637
909 954 21 26 0.637
17 857 22 26 0.635
217 755 20 24 0.630
240 732 19 24 0.629
53 803 22 26 0.624
992 974 27 35 0.623
322 776 22 28 0.620
923 805 21 27 0.619
972 831 21 25 0.616
352 751 21 25 0.614
107 643 17 23 0.612
95 929 24 27 0.610
438 702 18 25 0.609
261 775 21 26 0.609
104 826 23 29 0.605
289 623 18 22 0.605
53 958 25 30 0.604
913 864 19 24 0.603
229 683 19 24 0.598
294 684 20 25 0.597
0 887 20 26 0.595
153 709 21 25 0.595
826 719 20 24 0.587
948 682 19 23 0.586
391 627 17 22 0.582
276 753 20 24 0.582
792 833 19 24 0.582
781 713 18 22 0.581
215 602 19 22 0.580
997 811 20 25 0.580
983 779 20 23 0.580
505 937 22 28 0.576
184 731 20 25 0.576
4 1004 33 42 0.574
267 704 18 23 0.573
786 975 25 33 0.569
410 548 17 22 0.567
853 893 23 26 0.567
301 553 18 22 0.565
834 773 16 21 0.565
858 808 20 23 0.564
353 553 18 21 0.562
328 645 18 22 0.561
864 975 23 29 0.559
15 619 18 22 0.558
29 827 22 27 0.556
387 784 22 26 0.554
417 598 17 21 0.544
241 549 18 22 0.542
897 673 16 21 0.542
81 857 21 26 0.541
925 734 18 22 0.540
803 780 20 23 0.539
983 718 17 22 0.537
751 966 20 27 0.537
361 718 20 24 0.534
190 660 19 23 0.531
880 736 17 21 0.530
266 985 25 34 0.530
759 738 18 22 0.529
79 566 17 22 0.528
421 640 20 24 0.528
262 659 17 20 0.527
242 626 18 22 0.525
970 908 20 26 0.524
8 555 18 20 0.522
136 824 25 31 0.521
299 729 20 23 0.519
321 702 21 25 0.513
964 969 21 25 0.511
178 614 18 21 0.503
945 654 18 22 0.503
146 671 17 22 0.503
791 643 17 20 0.500
971 606 17 20 0.499
797 808 19 22 0.496
887 703 18 21 0.484
389 582 17 21 0.483
178 562 18 21 0.483
58 594 17 20 0.481
-3 812 15 22 0.474
371 666 18 21 0.472
47 634 22 25 0.470
975 756 20 23 0.468
260 579 18 22 0.464
353 689 18 21 0.463
201 790 21 25 0.461
99 587 16 20 0.453
675 567 18 21 0.452
305 597 19 22 0.452
972 864 21 24 0.448
806 668 16 21 0.445
839 648 14 18 0.443
850 617 18 22 0.433
129 623 17 21 0.430
895 635 18 22 0.430
768 925 21 23 0.427
839 674 17 20 0.424
421 473 16 20 0.423
159 590 18 20 0.420
369 645 19 21 0.419
183 686 19 24 0.405
373 816 19 23 0.405
978 696 18 21 0.401
741 702 15 19 0.395
994 744 17 21 0.389
926 581 17 23 0.384
359 602 17 21 0.374
254 609 17 20 0.370
1002 679 16 21 0.370
0 932 22 25 0.368
880 579 15 19 0.359
974 579 15 17 0.346
317 860 19 28 0.340
772 690 16 19 0.337
184 706 19 22 0.335
268 954 26 31 0.332
79 663 19 22 0.306
867 769 16 21 0.303
126 420 14 17 0.288
872 785 19 23 0.287
793 617 17 21 0.286
95 979 24 30 0.286
750 489 15 17 0.286
22 582 17 19 0.286
870 778 18 24 0.279
17 460 15 19 0.277
925 780 18 23 0.277
737 446 13 16 0.274
355 416 13 15 0.273
64 462 15 18 0.271
989 731 18 23 0.271
410 407 13 16 0.263
886 465 13 16 0.262
343 488 18 20 0.261
696 452 15 18 0.252
231 412 13 16 0.250
62 431 14 17 0.248
304 458 15 18 0.247
-2 750 16 25 0.247
800 553 17 21 0.242
293 431 14 16 0.240
364 357 13 16 0.234
764 414 15 18 0.233
225 482 18 21 0.229
393 370 12 14 0.227
722 570 17 21 0.225
38 469 15 18 0.223
627 362 13 15 0.222
589 464 13 18 0.213
369 380 13 16 0.211
400 447 15 18 0.209
852 733 17 22 0.209
813 411 15 18 0.208
695 401 15 18 0.206
311 386 13 15 0.206
950 973 23 29 0.205
162 992 26 33 0.204
909 305 12 14 0.204
314 418 13 15 0.202
507 361 13 15 0.199
925 763 18 23 0.198
894 441 14 16 0.198
873 497 14 17 0.197
42 422 14 16 0.197
790 514 13 15 0.196
109 406 14 17 0.196
80 489 14 17 0.194
954 683 18 23 0.193
2 602 16 23 0.192
398 684 18 24 0.191
315 665 18 21 0.190
924 472 14 17 0.186
387 397 13 15 0.186
892 348 14 17 0.186
25 626 20 25 0.186
53 351 13 15 0.181
828 492 14 16 0.179
939 328 14 16 0.179
952 482 13 15 0.178
215 451 15 18 0.178
849 399 14 17 0.177
172 499 15 19 0.177
800 364 13 15 0.176
376 471 16 18 0.173
802 293 12 15 0.172
107 463 14 17 0.172
355 740 20 26 0.172
198 550 17 22 0.171
657 367 14 16 0.171
377 711 20 23 0.171
193 534 16 19 0.168
727 375 13 15 0.168
347 578 16 19 0.166
91 426 14 16 0.166
229 381 13 15 0.166
263 427 14 16 0.164
103 519 16 19 0.163
413 383 12 14 0.162
293 321 13 15 0.160
755 716 16 20 0.157
108 358 13 15 0.157
999 715 16 21 0.156
41 391 15 18 0.155
23 429 14 17 0.154
322 656 19 22 0.154
870 416 13 16 0.154
974 872 20 27 0.153
247 321 13 16 0.152
824 694 16 21 0.150
866 274 12 14 0.150
777 666 16 19 0.150
370 658 18 23 0.149
111 329 14 16 0.149
344 462 14 17 0.149
214 972 22 27 0.148
823 703 17 23 0.148
261 463 14 17 0.148
281 350 13 15 0.147
891 398 14 18 0.146
73 333 13 15 0.146
74 408 14 17 0.146
148 353 13 16 0.144
767 466 15 18 0.144
370 772 22 27 0.144
275 481 14 16 0.144
680 432 14 16 0.143
794 431 14 17 0.143
811 324 12 15 0.141
377 431 14 16 0.141
72 520 16 18 0.140
287 377 12 15 0.140
5 361 13 16 0.139
799 864 19 24 0.138
167 373 13 16 0.138
706 253 13 15 0.135
183 473 15 17 0.134
341 437 13 15 0.133
581 908 18 29 0.133
766 367 14 16 0.132
955 502 14 16 0.131
631 389 14 17 0.131
826 435 13 16 0.129
224 822 16 21 0.128
86 305 13 15 0.127
586 222 12 14 0.127
261 365 14 17 0.127
665 303 13 16 0.126
857 306 12 15 0.126
766 229 12 14 0.126
690 376 13 15 0.124
757 388 14 17 0.124
987 490 13 17 0.124
174 516 16 19 0.123
155 593 17 21 0.121
646 569 15 20 0.120
916 828 22 26 0.120
299 592 19 24 0.120
334 621 16 19 0.119
6 521 15 19 0.119
564 353 14 16 0.119
786 400 14 16 0.118
919 965 24 30 0.118
193 305 13 14 0.117
864 440 13 15 0.116
974 457 13 15 0.116
151 469 15 18 0.116
806 602 17 20 0.116
907 246 11 13 0.115
855 466 13 16 0.115
884 808 17 22 0.115
101 562 16 20 0.114
382 341 12 14 0.114
413 595 17 23 0.113
383 623 18 22 0.113
951 309 12 14 0.113
739 246 12 14 0.112
830 303 12 14 0.112
668 431 14 16 0.112
399 214 12 15 0.111
946 427 14 16 0.111
660 237 12 14 0.110
831 388 14 18 0.110
727 405 15 18 0.110
809 535 16 19 0.108
65 372 14 18 0.108
252 398 13 16 0.107
892 633 16 21 0.107
305 462 16 19 0.106
187 382 13 15 0.105
681 344 13 16 0.104
970 402 13 15 0.103
585 457 20 28 0.103
234 228 11 13 0.102
788 485 13 16 0.102
38 589 18 21 0.101
432 580 12 18 0.100
788 340 13 16 0.100
753 604 15 18 0.099
785 655 14 20 0.099
790 480 15 18 0.099
658 400 14 17 0.099
231 478 16 20 0.099
1 443 13 19 0.098
787 311 13 15 0.098
839 276 11 13 0.098
398 479 14 18 0.097
759 745 18 24 0.096
854 352 13 15 0.096
839 639 17 22 0.096
366 204 12 14 0.096
1001 267 10 12 0.096
129 232 13 15 0.096
137 540 17 21 0.094
430 207 12 14 0.093
226 414 14 18 0.093
135 499 17 19 0.093
891 639 17 23 0.092
830 513 15 18 0.091
338 399 13 15 0.091
956 480 13 16 0.090
166 425 14 16 0.090
961 501 14 16 0.090
140 645 17 20 0.089
1005 473 12 15 0.089
414 324 12 14 0.089
949 352 13 16 0.088
538 372 14 16 0.088
804 657 17 22 0.086
6 324 13 14 0.086
112 435 14 17 0.086
565 944 25 31 0.085
75 616 17 21 0.084
653 570 15 19 0.084
922 467 14 17 0.084
412 400 14 18 0.084
205 375 14 16 0.083
1004 266 10 12 0.083
0 473 12 19 0.083
764 808 17 25 0.083
411 602 17 23 0.082
611 228 11 15 0.082
94 430 14 17 0.082
414 475 16 20 0.081
982 434 13 16 0.081
236 418 15 17 0.081
116 287 12 15 0.081
936 272 12 12 0.081
885 952 19 24 0.080
243 355 13 15 0.080
257 494 17 20 0.079
119 504 15 19 0.079
270 484 15 18 0.079
801 798 20 27 0.078
561 246 11 13 0.078
938 441 13 17 0.077
806 291 12 16 0.077
225 366 13 15 0.077
898 439 14 17 0.077
79 420 13 16 0.076
662 273 13 15 0.075
268 312 12 15 0.075
152 182 11 12 0.075
851 395 15 18 0.074
755 310 12 15 0.074
968 330 13 16 0.074
118 261 11 14 0.074
52 500 15 18 0.074
659 434 15 17 0.074
311 462 16 18 0.074
913 372 14 17 0.074
318 473 16 17 0.073
366 448 14 17 0.073
696 368 13 16 0.072
821 354 13 16 0.072
832 482 14 17 0.072
227 888 21 25 0.071
763 470 14 18 0.071
268 658 17 22 0.070
32 799 22 29 0.070
833 431 14 17 0.070
198 401 14 16 0.069
312 532 16 18 0.069
641 471 15 20 0.069
382 916 21 25 0.068
429 637 18 25 0.068
916 420 15 17 0.068
798 294 13 16 0.068
906 498 13 17 0.068
328 202 12 15 0.067
723 464 13 16 0.067
89 392 14 17 0.066
145 470 16 18 0.065
981 865 18 25 0.065
879 322 13 16 0.065
609 308 12 15 0.065
333 366 14 17 0.064
945 372 14 16 0.064
69 619 18 23 0.064
961 859 19 24 0.063
957 259 11 12 0.063
330 314 13 15 0.063
825 279 12 14 0.063
851 458 13 17 0.063
826 238 12 15 0.062
246 565 19 23 0.062
979 436 13 16 0.062
84 302 12 15 0.061
38 531 14 18 0.061
203 331 13 15 0.061
141 544 18 21 0.061
523 265 14 16 0.061
737 299 13 15 0.061
71 376 15 18 0.060
0 417 14 17 0.060
38 313 13 15 0.060
463 200 12 14 0.060
805 417 15 17 0.060
943 432 13 17 0.059
151 393 13 16 0.059
73 359 14 17 0.059
929 396 15 17 0.059
137 395 14 15 0.059
76 212 12 14 0.058
377 239 12 14 0.058
990 488 13 16 0.058
168 398 14 15 0.058
361 455 15 17 0.058
243 275 12 14 0.057
168 356 13 15 0.057
303 208 12 14 0.057
884 404 14 18 0.057
264 373 14 16 0.057
307 736 19 24 0.057
954 489 13 17 0.057
227 295 12 14 0.057
638 594 74 94 0.056
737 329 12 15 0.056
245 786 18 24 0.056
986 355 12 14 0.056
700 322 13 15 0.056
561 355 13 15 0.055
346 243 11 14 0.055
48 284 12 14 0.055
684 272 12 15 0.055
703 292 13 15 0.055
727 457 13 18 0.055
793 226 11 15 0.054
191 379 14 16 0.054
221 365 14 15 0.054
671 304 14 16 0.053
397 371 14 17 0.053
214 480 17 20 0.053
529 872 19 26 0.053
781 822 18 24 0.053
928 468 14 18 0.053
981 312 12 14 0.052
695 375 13 18 0.052
872 380 15 16 0.052
765 758 16 23 0.052
428 289 11 13 0.052
503 359 12 16 0.051
772 366 14 17 0.051
864 240 11 14 0.051
428 584 14 21 0.050
892 670 17 23 0.050
718 311 13 15 0.050
45 282 12 15 0.050
700 407 15 18 0.050
102 357 13 16 0.049
1008 610 14 21 0.049
961 263 10 12 0.049
704 251 12 14 0.049
50 236 13 15 0.048
294 401 14 15 0.048
930 577 16 20 0.048
102 217 12 15 0.047
366 360 14 17 0.047
179 869 20 26 0.047
749 597 15 19 0.047
614 276 12 15 0.047
943 367 14 17 0.047
191 396 15 16 0.047
445 270 12 15 0.046
582 377 12 15 0.046
331 342 13 16 0.046
769 228 12 14 0.046
217 439 14 20 0.046
231 446 15 19 0.045
187 436 14 16 0.045
947 496 14 18 0.045
862 845 17 26 0.045
976 433 13 17 0.045
49 311 13 17 0.045
323 342 14 17 0.045
771 291 12 15 0.044
948 359 13 17 0.044
75 241 13 16 0.044
793 801 19 25 0.044
580 464 24 35 0.043
201 273 14 16 0.043
43 903 21 26 0.042
40 694 21 26 0.042
865 236 12 14 0.042
3 942 22 26 0.042
137 835 22 28 0.042
789 275 12 14 0.042
914 279 11 13 0.041
874 374 14 16 0.041
586 471 16 22 0.041
855 912 22 30 0.041
510 359 14 17 0.041
709 312 13 17 0.041
697 325 12 15 0.041
991 280 12 14 0.040
792 491 13 17 0.040
238 437 14 17 0.040
73 512 15 21 0.040
814 358 13 16 0.040
222 291 12 15 0.040
810 594 16 21 0.040
176 488 16 20 0.039
641 339 13 15 0.039
256 620 17 22 0.039
399 252 13 14 0.039
16 193 11 13 0.039
791 221 11 13 0.038
366 299 13 14 0.038
231 575 17 21 0.038
784 580 15 19 0.038
731 369 14 17 0.038
573 274 12 14 0.037
453 246 12 14 0.037
833 521 16 20 0.037
163 501 17 20 0.037
755 754 19 25 0.037
122 304 12 14 0.037
375 237 12 13 0.037
890 678 17 24 0.037
633 254 12 15 0.037
910 503 13 18 0.037
988 348 13 16 0.037
331 275 13 15 0.036
11 526 16 19 0.036
956 863 19 25 0.036
279 480 15 18 0.036
340 248 11 14 0.036
198 333 12 15 0.035
773 253 12 14 0.035
739 335 13 16 0.035
661 384 14 18 0.035
992 395 12 15 0.035
124 781 19 24 0.035
641 288 14 16 0.035
147 318 13 15 0.035
77 244 13 16 0.035
173 374 15 18 0.035
508 332 12 14 0.034
202 558 16 21 0.034
117 300 12 16 0.034
753 425 15 18 0.034
995 341 13 15 0.034
855 320 13 16 0.034
-2 914 20 24 0.034
226 372 15 18 0.034
986 432 14 17 0.034
653 404 12 16 0.033
179 936 24 29 0.033
943 267 10 13 0.033
403 295 12 13 0.033
985 1122 8 9 0.033
891 406 14 17 0.032
366 508 16 19 0.032
682 503 14 20 0.032
677 573 17 20 0.032
509 365 16 16 0.032
253 501 16 20 0.032
179 286 14 16 0.031
137 603 17 20 0.031
50 902 19 24 0.031
850 325 12 16 0.031
108 347 13 18 0.031
524 350 14 16 0.031
616 273 13 15 0.031
604 340 13 15 0.031
259 235 13 15 0.031
720 273 13 16 0.031
862 838 18 24 0.031
816 225 11 14 0.030
720 343 13 16 0.030
194 933 21 26 0.030
89 283 12 15 0.030
450 942 24 35 0.030
760 318 14 15 0.030
654 235 13 15 0.030
313 235 13 15 0.030
133 405 13 17 0.030
942 339 14 19 0.030
711 350 13 16 0.030
254 239 12 14 0.030
332 318 13 16 0.030
430 1012 21 29 0.029
163 307 13 16 0.029
383 480 15 20 0.029
572 930 21 32 0.029
927 590 18 23 0.029
818 443 14 17 0.028
193 708 18 22 0.028
542 284 13 16 0.028
250 297 12 15 0.028
504 329 12 14 0.028
982 359 12 15 0.028
145 619 18 22 0.028
139 933 19 23 0.028
10 323 14 16 0.028
435 331 12 14 0.028
766 912 18 27 0.027
250 235 12 15 0.027
622 393 14 18 0.026
333 647 18 24 0.026
846 395 15 18 0.026
18 245 13 17 0.026
997 268 13 15 0.026
158 431 14 18 0.026
976 443 14 19 0.026
144 203 12 15 0.026
342 425 15 18 0.026
817 1001 22 28 0.025
170 317 13 17 0.025
0 361 13 16 0.025
89 277 13 16 0.025
646 336 13 16 0.025
952 304 13 15 0.025
795 222 11 14 0.025
948 571 14 17 0.025
5 394 14 17 0.025
826 770 18 24 0.025
832 972 22 28 0.025
997 401 12 15 0.024
123 262 12 15 0.024
383 296 12 13 0.024
16 394 15 17 0.024
976 311 13 16 0.024
207 956 20 27 0.024
690 281 12 15 0.024
157 777 19 23 0.024
948 256 10 12 0.024
93 986 22 29 0.023
766 764 16 23 0.023
805 864 17 22 0.023
51 393 16 18 0.023
258 380 14 19 0.023
85 249 13 16 0.023
62 264 13 15 0.023
792 865 21 27 0.023
825 233 13 16 0.023
46 234 12 16 0.023
825 1003 22 28 0.023
662 429 18 22 0.023
858 615 17 21 0.022
152 265 14 16 0.022
152 508 16 21 0.022
40 298 14 17 0.022
651 603 47 61 0.022
800 833 18 24 0.022
705 260 13 17 0.022
752 414 15 18 0.022
772 931 20 25 0.022
260 962 23 31 0.022
837 360 14 17 0.022
225 252 12 14 0.022
562 899 21 28 0.022
379 299 12 14 0.021
788 423 15 19 0.021
182 380 15 18 0.021
822 427 15 18 0.021
543 376 12 14 0.021
538 273 14 17 0.021
271 205 12 13 0.021
90 668 19 23 0.021
1002 817 18 25 0.021
785 472 15 19 0.021
815 317 14 17 0.020
646 628 51 59 0.020
633 336 13 17 0.020
952 653 17 21 0.020
1000 290 10 14 0.020
445 305 10 13 0.020
788 389 14 18 0.020
25 576 16 21 0.020
871 245 12 15 0.020
261 238 13 16 0.020
45 352 14 17 0.020
218 825 19 24 0.020
15 298 13 15 0.019
535 871 21 27 0.019
398 258 13 17 0.019
588 297 12 15 0.019
79 265 12 15 0.019
931 715 16 21 0.019
34 700 21 26 0.019
383 541 16 20 0.019
804 461 14 18 0.019
191 430 14 18 0.019
157 181 11 12 0.019
431 282 14 17 0.018
767 282 12 15 0.018
-1 818 15 24 0.018
745 533 16 20 0.018
863 333 14 17 0.018
568 467 26 36 0.018
24 388 15 18 0.018
132 237 12 15 0.018
59 256 14 18 0.018
107 933 22 29 0.018
788 517 14 18 0.017
185 970 30 36 0.017
199 993 31 38 0.017
903 347 14 17 0.017
976 384 12 16 0.017
157 301 13 16 0.017
105 963 22 29 0.017
554 264 13 14 0.017
669 430 18 22 0.017
245 773 21 25 0.017
1001 332 13 17 0.017
624 360 17 21 0.017
156 996 24 30 0.016
173 278 13 16 0.016
411 509 17 22 0.016
809 561 16 20 0.016
1011 602 14 21 0.016
776 783 16 22 0.016
415 328 12 15 0.016
307 486 15 19 0.016
500 321 11 14 0.016
344 889 23 28 0.016
920 522 14 18 0.016
300 311 13 17 0.016
287 263 13 15 0.016
838 981 17 24 0.016
679 498 15 19 0.016
288 241 12 14 0.016
574 903 21 30 0.016
375 532 17 21 0.016
565 311 13 15 0.015
570 309 13 16 0.015
504 418 12 17 0.015
0 593 13 21 0.015
385 714 18 22 0.015
586 478 15 21 0.015
751 534 16 19 0.015
613 395 14 17 0.015
173 250 12 15 0.015
878 524 16 20 0.015
302 299 12 14 0.015
114 380 12 16 0.015
49 612 20 26 0.015
713 313 14 17 0.015
909 273 12 14 0.015
152 243 13 15 0.015
248 547 18 22 0.014
396 1079 24 29 0.014
735 244 12 14 0.014
444 247 11 12 0.014
337 279 14 16 0.014
150 258 13 16 0.014
426 284 11 14 0.014
26 704 22 27 0.014
730 297 12 16 0.014
359 264 13 15 0.014
996 484 12 17 0.014
957 393 15 18 0.014
47 526 15 19 0.014
692 460 14 19 0.014
812 1011 24 28 0.013
994 435 12 15 0.013
307 519 16 22 0.013
309 239 14 16 0.013
770 313 14 17 0.013
926 530 14 17 0.013
503 436 13 17 0.013
805 905 21 28 0.013
736 262 12 16 0.013
644 245 12 17 0.013
648 793 18 20 0.013
632 298 13 16 0.013
96 466 15 20 0.013
229 348 13 16 0.013
759 437 13 17 0.013
91 214 14 15 0.013
707 248 12 14 0.013
73 661 19 23 0.013
16 260 13 15 0.013
447 256 13 17 0.013
155 939 25 31 0.013
573 282 12 15 0.013
828 240 13 17 0.013
888 529 16 19 0.013
973 296 13 15 0.013
511 335 13 17 0.013
607 303 13 17 0.013
507 422 11 15 0.012
494 440 16 19 0.012
762 334 13 16 0.012
899 508 14 18 0.012
229 227 12 14 0.012
-1 452 11 19 0.012
966 461 13 17 0.012
28 241 15 17 0.012
507 435 14 18 0.012
501 411 13 17 0.012
172 460 15 19 0.012
803 209 10 12 0.012
265 219 13 17 0.011
288 255 13 17 0.011
73 710 21 24 0.011
172 875 22 29 0.011
791 850 21 26 0.011
423 245 12 13 0.011
312 751 18 25 0.011
569 317 13 16 0.011
20 338 13 17 0.011
832 631 16 21 0.011
503 364 13 16 0.011
490 441 12 16 0.011
922 899 19 26 0.011
821 991 21 28 0.011
737 531 15 20 0.010
193 718 17 25 0.010
441 302 11 14 0.010
240 790 18 23 0.010
363 811 20 25 0.010
761 584 15 19 0.010
636 466 16 20 0.010
303 211 14 18 0.010
266 213 11 13 0.010
586 274 12 14 0.010
352 246 12 15 0.010
347 828 21 29 0.010
