35_Basketball_basketballgame_ball_35_50
92
276 167 25 32 0.814
586 127 36 46 0.811
410 206 24 31 0.806
950 270 29 38 0.796
211 279 42 52 0.786
773 333 43 43 0.517
971 103 8 9 0.451
923 97 7 9 0.375
944 105 7 9 0.363
832 82 6 7 0.344
891 96 7 8 0.337
1000 111 7 9 0.322
863 100 7 8 0.314
849 85 6 8 0.299
998 109 8 9 0.247
930 119 9 11 0.243
688 72 6 7 0.219
879 92 6 8 0.194
659 47 6 7 0.188
878 90 6 8 0.179
686 72 6 7 0.171
941 100 7 8 0.154
773 69 7 8 0.152
690 71 5 7 0.137
685 47 5 6 0.127
912 69 6 6 0.109
1003 113 7 9 0.107
839 98 7 9 0.107
888 95 8 9 0.102
179 50 5 6 0.098
1016 82 6 9 0.096
882 109 7 8 0.096
726 78 5 7 0.085
998 71 5 7 0.084
967 103 6 8 0.077
840 102 7 8 0.076
869 97 9 10 0.070
14 53 6 7 0.059
911 68 5 7 0.058
751 56 6 6 0.057
878 109 7 8 0.057
1017 73 6 7 0.055
1000 107 8 11 0.054
162 61 5 6 0.053
835 82 7 9 0.051
1003 110 7 8 0.050
1004 81 6 8 0.046
176 49 5 6 0.046
192 34 5 6 0.043
651 128 15 28 0.036
51 46 5 6 0.036
830 83 5 7 0.035
972 119 8 11 0.034
1015 77 7 9 0.034
843 42 6 7 0.033
7 87 6 8 0.030
770 68 6 7 0.030
1004 77 6 8 0.028
728 78 5 6 0.028
788 52 5 7 0.028
717 87 5 7 0.027
918 99 7 8 0.026
846 44 5 6 0.025
899 98 9 10 0.023
9 87 6 9 0.022
891 113 7 8 0.022
656 135 11 19 0.022
656 63 6 7 0.021
998 76 6 8 0.020
655 46 5 6 0.020
823 112 7 8 0.020
880 86 6 7 0.019
715 89 6 7 0.019
666 86 5 7 0.019
967 116 8 10 0.018
161 63 5 6 0.017
806 385 42 39 0.016
915 120 6 7 0.016
779 69 6 7 0.015
687 49 5 6 0.014
849 44 5 7 0.014
654 65 5 8 0.014
12 84 5 8 0.013
961 122 8 10 0.013
664 82 6 6 0.012
825 84 7 9 0.012
689 72 8 9 0.012
665 84 6 7 0.011
663 86 6 7 0.011
27 79 6 7 0.010
913 66 5 7 0.010
851 46 5 5 0.010
