35_Basketball_basketballgame_ball_35_389
255
505 227 38 58 0.807
624 588 16 22 0.674
566 619 13 17 0.624
221 610 11 14 0.611
257 625 11 14 0.593
153 623 10 13 0.572
85 618 10 14 0.547
28 594 9 13 0.537
17 612 10 13 0.533
322 614 11 15 0.504
62 581 8 11 0.453
502 584 11 13 0.420
157 590 8 10 0.418
414 613 9 12 0.411
349 606 9 11 0.394
684 621 12 15 0.394
548 612 9 12 0.364
90 585 9 10 0.363
757 619 12 15 0.360
313 594 9 10 0.358
135 588 9 10 0.352
545 629 10 12 0.317
185 595 7 10 0.316
17 583 7 9 0.293
704 629 12 14 0.283
343 563 7 10 0.273
679 596 10 13 0.268
471 605 9 11 0.258
584 630 11 13 0.235
312 572 8 10 0.232
905 434 9 10 0.227
303 557 8 9 0.215
376 592 8 10 0.202
113 571 8 10 0.182
137 568 7 8 0.176
384 558 7 8 0.148
262 602 9 11 0.142
470 583 9 12 0.142
569 593 10 12 0.133
345 566 8 10 0.132
1016 399 7 9 0.130
294 575 7 8 0.130
522 579 10 11 0.123
22 563 7 9 0.122
731 600 10 13 0.118
359 582 8 11 0.116
928 401 9 10 0.113
414 554 8 9 0.108
263 559 7 9 0.108
202 568 7 8 0.105
914 406 8 10 0.104
313 588 9 12 0.102
218 558 7 9 0.099
237 556 7 10 0.099
542 591 10 11 0.099
702 595 11 15 0.093
263 613 9 12 0.088
471 580 9 11 0.084
164 564 8 9 0.083
14 582 8 10 0.081
205 588 8 9 0.080
16 579 8 10 0.079
358 587 9 10 0.078
758 600 10 13 0.077
101 559 6 8 0.076
664 595 10 12 0.074
671 596 11 13 0.074
0 610 7 11 0.074
445 557 7 9 0.074
916 405 9 10 0.073
166 563 7 8 0.073
722 616 11 14 0.072
191 593 8 11 0.070
868 588 13 15 0.069
395 588 8 11 0.068
800 410 7 8 0.067
139 570 7 10 0.065
966 398 6 8 0.065
179 545 6 8 0.064
287 539 8 9 0.062
883 627 12 14 0.062
983 398 7 8 0.062
204 571 6 9 0.061
386 617 10 14 0.061
114 558 6 8 0.061
511 628 9 12 0.061
736 616 12 15 0.058
237 551 9 11 0.057
67 561 7 9 0.057
287 625 10 12 0.056
13 587 8 11 0.055
493 587 9 11 0.055
239 543 7 9 0.055
51 567 6 8 0.055
813 400 7 8 0.054
135 563 6 8 0.053
701 569 10 14 0.050
90 582 8 10 0.049
119 590 8 10 0.048
8 603 7 12 0.048
210 529 7 8 0.047
356 579 8 10 0.046
385 555 8 9 0.046
931 402 8 10 0.045
287 605 8 10 0.044
569 571 9 11 0.044
116 618 8 11 0.044
909 590 12 14 0.044
572 571 10 11 0.042
874 439 10 12 0.042
203 542 6 8 0.041
88 622 11 12 0.041
186 571 7 9 0.040
593 574 9 12 0.039
216 557 7 9 0.039
467 607 10 12 0.039
1013 399 7 9 0.039
240 556 7 10 0.038
291 626 9 12 0.038
431 581 8 9 0.038
442 541 7 8 0.037
146 542 7 8 0.037
305 555 8 12 0.037
717 230 18 39 0.037
290 588 7 9 0.036
103 564 7 10 0.036
98 566 7 8 0.036
386 611 10 15 0.035
519 592 8 11 0.035
93 585 9 12 0.035
220 600 8 9 0.035
742 618 12 15 0.034
33 630 9 11 0.034
529 584 10 12 0.033
747 573 10 14 0.033
981 397 6 7 0.033
121 613 8 11 0.033
524 563 8 10 0.032
633 564 9 10 0.032
909 408 8 8 0.032
410 537 7 10 0.031
382 560 7 9 0.031
291 572 7 9 0.031
732 617 11 14 0.031
185 622 8 12 0.031
589 573 10 13 0.031
218 570 6 9 0.030
774 405 8 9 0.030
399 567 7 9 0.030
286 541 7 8 0.029
726 573 10 13 0.029
433 579 8 10 0.028
382 615 11 14 0.028
187 575 6 9 0.027
429 615 10 14 0.027
888 598 12 15 0.027
875 444 10 12 0.027
427 584 8 11 0.027
165 571 7 9 0.027
118 615 9 12 0.026
163 558 7 8 0.026
111 545 7 8 0.026
447 589 8 11 0.025
109 546 6 8 0.025
388 608 8 11 0.025
202 585 8 11 0.025
265 601 8 10 0.025
609 597 10 13 0.025
341 568 8 11 0.025
29 623 10 12 0.024
320 569 8 9 0.024
443 558 7 9 0.024
262 574 8 10 0.024
30 630 9 10 0.024
195 581 7 9 0.023
779 407 7 9 0.023
682 597 11 15 0.022
386 525 7 8 0.022
778 405 7 8 0.022
291 544 9 10 0.021
501 582 9 12 0.021
391 604 8 12 0.021
303 628 8 10 0.021
443 550 9 10 0.021
211 563 9 11 0.020
478 561 7 8 0.020
398 570 8 11 0.020
392 556 7 9 0.019
344 625 9 12 0.019
489 586 9 12 0.019
436 584 9 11 0.018
794 409 9 10 0.018
70 562 8 9 0.018
442 538 7 8 0.018
461 612 11 13 0.018
456 542 7 8 0.018
459 616 9 12 0.018
134 591 8 11 0.017
740 550 10 13 0.017
351 620 9 12 0.017
534 604 10 12 0.017
325 563 7 8 0.016
391 623 9 12 0.016
527 610 11 13 0.016
447 542 7 8 0.016
293 618 10 13 0.016
426 518 8 9 0.016
290 621 9 12 0.016
812 398 7 8 0.016
387 577 8 9 0.015
629 592 14 18 0.015
237 536 7 8 0.015
202 512 7 9 0.014
916 453 9 10 0.014
108 527 6 8 0.014
445 581 7 10 0.014
108 550 8 10 0.014
56 564 7 8 0.013
799 412 7 9 0.013
310 516 8 9 0.013
947 588 13 16 0.013
511 622 11 15 0.013
541 546 8 10 0.013
436 593 9 12 0.013
407 611 11 13 0.013
153 568 9 11 0.013
217 600 8 10 0.013
225 609 9 12 0.013
864 394 6 8 0.013
415 588 9 10 0.013
663 612 12 15 0.013
912 403 9 10 0.013
985 400 7 9 0.012
433 618 9 13 0.012
464 561 7 9 0.012
404 514 8 9 0.012
491 596 10 12 0.012
488 556 7 9 0.012
383 621 11 12 0.012
464 564 7 9 0.012
3 558 7 9 0.011
437 607 10 13 0.011
909 405 7 8 0.011
78 555 7 8 0.011
776 407 8 10 0.011
516 544 7 9 0.011
215 548 9 11 0.011
605 560 8 11 0.011
222 548 7 9 0.011
430 564 7 9 0.011
447 593 8 11 0.011
80 621 10 12 0.010
61 601 9 11 0.010
108 619 9 10 0.010
940 154 8 10 0.010
