35_Basketball_Basketball_35_327
37
916 140 39 55 0.822
665 153 26 31 0.810
540 153 26 34 0.806
25 175 25 32 0.806
186 180 19 26 0.804
250 167 21 28 0.800
791 169 30 39 0.792
411 228 53 81 0.787
435 161 21 26 0.786
85 162 27 35 0.784
598 160 22 27 0.781
765 146 27 34 0.771
384 173 24 29 0.771
969 184 30 35 0.771
323 183 19 24 0.768
637 170 20 26 0.753
465 178 23 29 0.749
739 155 23 30 0.732
982 157 24 28 0.709
491 176 19 23 0.688
829 146 26 34 0.683
566 160 16 23 0.579
509 191 17 21 0.507
1017 140 7 24 0.143
513 187 18 21 0.085
703 172 19 22 0.057
363 146 17 18 0.055
525 180 15 20 0.054
1014 134 11 27 0.026
270 143 14 14 0.024
813 150 16 21 0.018
815 152 21 26 0.016
105 166 17 24 0.016
1016 171 7 23 0.014
93 164 23 28 0.013
708 175 19 24 0.012
456 169 21 24 0.010
