35_Basketball_basketballgame_ball_35_662
61
596 46 51 66 0.848
65 102 43 56 0.836
208 146 42 56 0.827
480 81 51 70 0.824
244 66 36 39 0.809
288 131 34 40 0.806
362 136 34 41 0.805
799 122 52 68 0.801
308 95 33 40 0.791
115 110 33 39 0.787
757 0 29 34 0.780
379 70 28 33 0.776
805 38 32 36 0.776
684 49 32 36 0.770
557 32 26 31 0.767
63 39 28 35 0.763
169 0 32 34 0.762
683 121 50 61 0.759
429 11 27 37 0.744
110 65 32 37 0.740
708 80 34 43 0.725
0 170 27 36 0.720
36 113 30 35 0.715
739 126 36 44 0.714
228 121 33 38 0.650
661 2 29 34 0.629
847 140 28 43 0.620
0 -7 15 31 0.618
526 61 28 36 0.589
279 -3 32 30 0.529
495 -5 25 23 0.455
622 1 21 23 0.402
295 117 35 43 0.204
201 92 25 30 0.204
238 87 35 45 0.162
677 36 35 43 0.099
61 0 27 29 0.093
276 11 32 30 0.093
791 0 26 28 0.073
854 61 29 28 0.073
476 51 23 27 0.069
410 143 30 39 0.045
581 0 23 23 0.036
347 110 28 35 0.034
521 4 26 27 0.031
555 25 36 46 0.030
234 131 32 38 0.029
200 106 28 36 0.028
263 8 30 31 0.027
790 -3 21 22 0.027
285 21 21 23 0.025
746 46 24 31 0.023
622 53 31 46 0.022
390 143 36 46 0.020
795 6 31 35 0.019
632 1 24 24 0.019
245 149 25 37 0.018
454 37 18 24 0.017
338 0 25 20 0.015
206 103 22 27 0.014
445 20 25 34 0.012
