35_Basketball_Basketball_35_107
342
42 207 75 106 0.862
419 63 127 169 0.850
933 442 33 39 0.800
606 515 42 55 0.771
996 487 39 73 0.741
852 301 23 28 0.733
692 544 46 51 0.727
949 370 27 35 0.713
620 450 30 36 0.697
734 349 21 26 0.692
891 377 29 34 0.691
747 378 22 25 0.688
917 120 19 22 0.672
851 386 26 32 0.671
665 443 33 36 0.668
165 286 19 23 0.659
726 231 21 27 0.657
788 348 17 23 0.654
857 353 22 27 0.651
817 408 25 29 0.650
1006 343 18 26 0.650
687 201 18 24 0.648
615 107 15 19 0.637
743 480 28 40 0.629
848 133 16 21 0.625
319 64 16 20 0.623
817 91 15 20 0.621
202 327 17 21 0.621
227 355 22 27 0.620
312 164 15 19 0.618
221 68 15 18 0.617
167 70 15 18 0.611
336 122 16 20 0.606
951 495 38 57 0.602
684 78 14 18 0.600
263 166 15 19 0.599
921 359 22 27 0.597
785 159 17 22 0.594
780 222 19 25 0.584
389 29 15 20 0.581
774 93 17 21 0.580
292 120 15 19 0.575
980 151 15 19 0.569
260 30 13 18 0.568
145 42 13 16 0.565
231 118 16 21 0.564
1006 102 17 22 0.559
881 90 16 20 0.555
747 9 14 17 0.553
199 43 14 17 0.553
744 45 15 18 0.546
100 157 18 19 0.546
292 40 13 16 0.543
630 80 13 18 0.540
3 171 15 18 0.538
273 67 14 18 0.533
365 89 16 22 0.527
679 507 37 47 0.521
297 10 15 19 0.520
818 335 23 26 0.509
787 10 14 17 0.504
193 22 13 16 0.503
212 100 16 18 0.492
273 1 13 17 0.489
337 27 13 18 0.484
24 3 13 14 0.482
676 15 14 19 0.480
317 96 17 19 0.477
747 76 14 17 0.467
740 194 16 21 0.459
799 389 18 25 0.445
952 0 15 15 0.431
881 138 13 19 0.425
745 147 17 20 0.409
710 360 16 20 0.408
1013 435 20 33 0.404
1007 380 18 26 0.398
154 10 13 17 0.384
814 149 16 21 0.370
591 0 13 14 0.367
907 57 15 18 0.350
867 217 20 24 0.349
928 32 14 19 0.346
195 0 14 11 0.335
626 254 15 22 0.328
402 116 14 18 0.327
748 104 15 17 0.320
201 193 15 19 0.319
304 238 18 21 0.309
838 218 18 23 0.301
816 128 14 17 0.297
769 361 18 21 0.293
586 26 13 17 0.292
775 384 22 25 0.279
549 106 14 20 0.271
704 52 13 18 0.266
719 82 14 18 0.258
867 68 15 18 0.250
637 25 13 19 0.242
725 149 15 18 0.236
777 141 16 18 0.230
36 172 13 18 0.211
726 455 24 27 0.211
249 118 15 19 0.200
251 99 13 18 0.194
727 1 12 13 0.190
883 348 17 21 0.187
137 252 15 20 0.187
623 60 12 15 0.183
123 200 14 18 0.171
852 378 24 29 0.167
249 109 15 18 0.167
870 111 15 17 0.163
683 98 14 18 0.160
242 91 13 17 0.159
800 0 12 12 0.158
112 45 14 15 0.155
223 182 17 19 0.155
973 131 14 17 0.155
798 184 18 21 0.151
740 369 19 25 0.148
835 161 15 19 0.142
988 0 13 14 0.141
868 114 14 19 0.140
71 165 15 17 0.138
872 63 16 18 0.135
548 113 13 19 0.134
729 121 14 18 0.133
969 18 16 19 0.127
552 0 13 11 0.127
649 116 12 16 0.125
397 174 12 16 0.125
231 0 14 10 0.124
744 54 14 19 0.123
146 10 14 16 0.120
747 86 14 19 0.116
756 512 62 80 0.115
956 354 20 23 0.111
371 136 14 18 0.111
307 140 14 18 0.111
182 6 13 16 0.111
140 11 14 16 0.110
799 111 15 18 0.110
107 43 14 16 0.108
380 74 12 15 0.105
911 167 14 19 0.105
1002 380 17 24 0.105
229 11 14 16 0.103
835 192 16 21 0.101
639 17 12 16 0.099
374 77 14 19 0.096
909 436 25 30 0.093
775 400 21 26 0.091
914 357 22 27 0.088
864 207 19 25 0.086
956 2 16 19 0.086
1009 432 17 32 0.083
584 37 14 18 0.082
1009 60 14 19 0.082
8 170 15 20 0.077
661 250 17 20 0.076
604 504 23 30 0.075
278 0 14 17 0.071
757 1 12 13 0.070
782 2 12 13 0.070
99 41 13 17 0.069
892 29 15 18 0.069
337 198 15 21 0.069
356 123 12 17 0.068
761 129 15 17 0.068
902 55 16 19 0.066
915 425 22 29 0.065
778 189 15 20 0.064
658 445 23 28 0.063
134 11 13 17 0.063
943 186 17 21 0.063
185 59 14 17 0.063
300 132 15 19 0.062
838 199 18 23 0.060
254 103 14 19 0.060
20 3 12 14 0.059
964 22 17 20 0.058
67 168 16 16 0.058
284 199 16 18 0.056
779 145 15 20 0.056
983 153 17 20 0.055
824 156 16 20 0.055
879 354 19 22 0.054
590 28 16 19 0.053
1012 139 13 18 0.051
404 0 14 14 0.049
791 112 15 18 0.049
808 146 15 21 0.048
874 332 17 20 0.047
944 369 24 31 0.047
741 476 42 57 0.045
245 89 13 16 0.044
582 41 13 17 0.043
691 11 13 18 0.042
390 70 13 18 0.041
757 484 88 110 0.041
579 35 13 18 0.041
770 131 15 18 0.041
238 199 15 18 0.041
879 58 14 17 0.040
116 20 13 17 0.040
278 201 15 17 0.039
218 184 16 21 0.039
652 53 13 16 0.039
307 119 15 18 0.038
786 189 17 21 0.038
188 65 12 16 0.038
1011 390 16 28 0.038
867 314 20 25 0.037
928 177 17 19 0.037
603 426 22 28 0.036
694 9 12 15 0.036
864 107 14 18 0.035
637 13 13 14 0.035
863 65 15 19 0.034
648 -1 14 9 0.034
992 0 13 14 0.034
915 339 17 19 0.034
1013 101 15 21 0.033
354 53 14 17 0.033
409 117 11 21 0.033
117 202 17 21 0.032
234 425 17 27 0.032
830 224 18 22 0.032
183 52 13 16 0.032
870 20 14 18 0.032
694 267 18 21 0.031
606 433 22 29 0.031
925 366 20 26 0.031
142 277 14 18 0.030
681 104 14 17 0.030
554 105 11 17 0.029
396 71 12 21 0.029
884 172 16 21 0.029
956 242 19 25 0.029
1010 401 13 30 0.028
931 -1 14 9 0.028
808 329 18 22 0.027
612 359 28 34 0.027
938 182 18 23 0.027
648 144 14 21 0.027
1012 374 18 27 0.026
754 72 14 18 0.026
885 342 16 19 0.026
939 461 38 54 0.025
607 503 31 41 0.025
874 223 17 21 0.025
800 3 15 15 0.025
896 26 15 20 0.024
891 0 14 14 0.024
827 339 20 26 0.024
841 336 16 24 0.024
376 137 14 17 0.024
99 47 13 17 0.024
548 1 14 15 0.023
959 350 17 19 0.023
229 180 17 19 0.023
92 158 18 19 0.023
330 37 14 18 0.022
558 340 19 32 0.022
755 532 40 57 0.022
975 455 21 25 0.022
974 243 17 23 0.021
348 56 14 18 0.021
340 43 14 19 0.020
842 61 15 18 0.020
772 87 16 20 0.020
652 447 21 26 0.020
157 187 16 21 0.019
254 287 15 19 0.019
673 41 14 18 0.019
1011 146 15 20 0.019
757 480 32 42 0.019
741 155 19 23 0.019
85 64 13 18 0.018
409 1 14 13 0.018
1010 16 11 16 0.018
909 62 15 19 0.018
965 243 21 25 0.018
618 244 16 25 0.018
914 418 21 27 0.018
688 527 48 50 0.018
1006 396 18 26 0.017
916 168 16 20 0.017
178 143 13 17 0.017
197 317 24 33 0.017
398 60 13 21 0.017
654 117 12 17 0.017
666 262 17 20 0.017
188 25 13 17 0.017
726 154 17 22 0.017
64 178 17 19 0.016
598 503 21 28 0.016
674 10 13 17 0.016
871 58 14 18 0.016
677 277 18 20 0.015
807 1116 47 49 0.015
405 126 13 20 0.015
592 427 23 28 0.015
368 184 16 19 0.015
721 4 12 16 0.015
333 201 15 21 0.014
343 194 17 19 0.014
678 99 14 19 0.014
776 56 14 18 0.014
237 359 20 23 0.014
722 277 15 18 0.014
697 38 14 17 0.014
622 260 16 23 0.014
958 125 14 17 0.013
135 91 15 18 0.013
109 16 14 17 0.013
203 103 13 17 0.013
961 361 20 27 0.013
60 181 15 18 0.013
646 140 14 20 0.013
772 408 26 30 0.012
665 43 15 19 0.012
555 3 11 15 0.012
256 97 13 16 0.012
373 188 16 19 0.012
929 74 15 19 0.012
287 125 14 19 0.012
404 109 14 21 0.012
303 6 12 16 0.012
883 181 16 22 0.011
753 479 60 80 0.011
395 109 27 43 0.011
903 430 21 26 0.011
126 21 12 16 0.011
592 71 13 16 0.011
728 446 32 33 0.011
48 -2 13 9 0.011
804 371 15 21 0.010
915 335 15 16 0.010
954 122 13 17 0.010
872 140 14 18 0.010
