35_Basketball_basketballgame_ball_35_446
106
468 322 111 158 0.788
254 803 19 24 0.295
234 849 19 24 0.285
809 813 23 27 0.276
719 774 17 23 0.259
730 872 20 23 0.251
317 810 19 24 0.239
822 994 25 29 0.233
789 935 23 28 0.223
761 826 20 25 0.213
829 741 19 24 0.205
728 989 22 28 0.197
644 913 20 25 0.166
761 741 18 22 0.165
635 812 18 24 0.153
665 843 21 26 0.153
721 820 18 22 0.146
695 726 18 23 0.135
717 950 24 28 0.123
861 776 19 25 0.121
713 845 19 24 0.115
696 1024 24 30 0.112
300 859 21 29 0.106
340 848 25 33 0.105
689 864 19 23 0.100
695 897 22 26 0.096
814 781 22 26 0.085
347 764 22 27 0.081
862 895 25 32 0.080
808 864 19 23 0.080
867 848 25 32 0.078
779 778 17 22 0.078
276 1087 28 34 0.071
282 768 21 25 0.069
305 864 23 27 0.067
716 839 18 24 0.062
753 649 18 24 0.060
703 1017 24 31 0.056
927 916 20 25 0.054
292 853 20 29 0.049
738 699 18 24 0.049
584 955 19 24 0.047
798 890 24 30 0.046
500 586 14 17 0.043
868 651 20 26 0.043
882 809 21 26 0.042
699 721 18 22 0.040
757 893 20 25 0.039
625 133 88 126 0.038
885 950 21 28 0.038
721 778 17 26 0.038
343 772 21 28 0.036
926 758 20 26 0.034
77 904 17 21 0.034
751 738 19 21 0.034
294 804 19 23 0.034
302 736 19 23 0.033
752 728 18 24 0.032
279 900 22 26 0.030
218 816 17 24 0.029
338 781 20 26 0.027
858 693 18 24 0.026
362 846 23 31 0.024
840 1031 25 30 0.023
286 897 20 25 0.023
642 883 19 22 0.023
784 938 22 29 0.021
902 986 25 31 0.021
331 951 23 27 0.021
717 829 19 26 0.020
589 951 18 23 0.020
298 872 22 28 0.019
579 958 22 29 0.018
217 905 17 22 0.018
303 809 19 24 0.017
907 736 18 23 0.017
648 975 27 32 0.017
742 735 15 20 0.017
212 812 17 23 0.017
234 731 18 22 0.016
639 809 19 24 0.016
343 738 17 19 0.016
716 747 15 20 0.015
797 971 21 26 0.015
704 1101 28 32 0.014
608 818 17 24 0.014
814 900 23 29 0.014
642 978 24 30 0.013
294 978 23 30 0.013
831 812 23 29 0.013
646 886 20 23 0.013
349 952 21 26 0.013
640 448 74 108 0.012
661 976 22 26 0.012
764 881 19 27 0.012
779 900 22 27 0.012
715 816 19 25 0.012
272 905 22 26 0.012
310 1056 25 31 0.012
336 857 22 27 0.012
687 776 18 22 0.011
672 767 18 21 0.011
614 860 16 21 0.011
239 876 21 28 0.011
243 1022 25 31 0.010
716 861 21 27 0.010
