35_Basketball_basketballgame_ball_35_80
50
491 92 104 128 0.835
166 2 41 49 0.819
293 11 39 50 0.811
260 129 48 66 0.806
1 238 31 49 0.805
4 167 42 47 0.796
807 76 50 53 0.794
888 65 48 59 0.791
1 357 44 60 0.783
382 17 38 51 0.774
34 114 34 45 0.761
903 378 38 50 0.746
92 182 38 48 0.725
162 231 41 53 0.712
66 208 43 54 0.710
135 149 38 41 0.683
436 205 28 37 0.496
699 199 17 22 0.297
489 0 41 13 0.270
357 108 45 54 0.211
77 280 39 48 0.172
661 190 16 21 0.153
193 294 34 43 0.149
344 131 40 49 0.101
183 174 30 50 0.085
618 183 30 35 0.084
628 189 24 27 0.055
368 101 41 52 0.051
388 173 27 47 0.046
494 0 29 7 0.040
697 206 21 29 0.038
515 3 25 31 0.035
185 269 45 59 0.030
189 304 33 42 0.029
458 80 22 30 0.026
704 200 17 22 0.023
339 141 31 42 0.020
87 479 36 36 0.018
464 84 23 33 0.017
458 66 34 41 0.017
155 224 38 49 0.017
48 166 23 30 0.016
697 457 50 64 0.016
597 174 32 46 0.015
88 33 35 37 0.014
653 185 26 30 0.014
667 253 29 46 0.013
94 246 40 45 0.013
28 316 44 60 0.011
345 102 44 54 0.010
