35_Basketball_playingbasketball_35_195
59
972 386 15 20 0.707
461 390 16 20 0.688
1011 397 12 15 0.672
583 378 15 24 0.608
506 385 11 14 0.599
114 406 10 12 0.584
304 403 10 12 0.576
53 401 11 12 0.568
538 402 10 12 0.559
710 398 11 12 0.552
153 403 9 12 0.534
738 398 10 12 0.515
780 387 12 14 0.477
773 404 8 11 0.469
211 270 17 31 0.460
347 397 9 11 0.412
433 402 8 10 0.400
287 433 8 10 0.399
360 399 9 12 0.361
0 422 5 13 0.348
252 404 7 10 0.334
136 415 8 11 0.332
559 398 10 14 0.283
667 395 8 10 0.282
617 428 8 9 0.243
681 404 8 10 0.234
415 409 7 9 0.204
775 400 9 12 0.171
430 402 8 9 0.130
156 404 10 11 0.127
676 399 9 10 0.106
553 399 9 12 0.104
149 405 11 12 0.089
249 409 8 10 0.089
283 433 8 10 0.066
254 408 7 10 0.057
367 418 9 11 0.044
727 443 8 8 0.039
410 410 7 9 0.037
770 404 8 11 0.035
392 431 6 8 0.034
667 488 7 8 0.034
947 403 8 11 0.033
274 411 7 9 0.030
408 398 7 8 0.029
410 401 7 8 0.028
765 376 7 9 0.027
369 417 10 11 0.020
402 414 7 8 0.020
655 442 6 8 0.017
249 403 10 14 0.015
620 426 6 8 0.014
148 408 9 11 0.013
653 486 8 9 0.013
154 406 10 12 0.013
376 383 8 12 0.012
585 368 12 19 0.011
445 406 7 10 0.011
448 409 7 9 0.010
