35_Basketball_playingbasketball_35_794
37
751 87 44 58 0.839
556 122 32 37 0.823
512 134 31 39 0.818
0 166 25 45 0.816
284 174 29 37 0.805
99 157 28 36 0.763
834 140 34 40 0.746
323 161 21 26 0.688
440 198 22 29 0.678
390 143 19 25 0.662
266 144 14 28 0.637
187 163 17 25 0.635
424 175 21 28 0.619
243 178 19 33 0.468
603 172 22 23 0.464
381 170 20 24 0.436
525 129 31 39 0.329
249 111 5 7 0.207
379 189 22 31 0.132
571 453 11 13 0.101
140 25 23 29 0.065
156 179 23 31 0.062
566 160 25 27 0.057
247 171 15 26 0.042
245 111 7 7 0.042
401 462 13 15 0.041
382 465 12 13 0.037
887 117 15 22 0.030
110 25 36 43 0.022
246 169 13 20 0.022
560 220 39 41 0.022
710 181 17 29 0.020
1000 231 23 56 0.017
148 34 16 20 0.014
70 197 11 16 0.012
376 178 24 32 0.011
238 176 15 23 0.010
