35_Basketball_playingbasketball_35_417
29
369 18 44 53 0.804
283 253 32 49 0.738
51 65 29 37 0.729
960 52 33 42 0.727
217 246 27 48 0.724
355 240 31 46 0.712
885 161 33 44 0.710
227 133 31 35 0.708
184 49 23 30 0.690
739 87 33 37 0.683
247 60 25 29 0.621
527 37 27 31 0.585
313 56 26 27 0.450
54 194 25 32 0.352
442 36 29 39 0.235
921 116 25 29 0.170
163 72 23 28 0.142
449 31 25 35 0.035
311 49 22 26 0.031
0 2 23 24 0.030
316 60 31 30 0.025
307 54 22 26 0.024
441 42 21 29 0.019
110 164 21 27 0.016
910 108 33 35 0.016
33 133 24 33 0.014
452 22 25 32 0.013
752 88 28 33 0.011
61 127 24 29 0.011
