35_Basketball_Basketball_35_449
263
491 243 23 28 0.764
982 408 9 12 0.600
905 416 10 12 0.595
857 396 9 12 0.581
563 424 9 11 0.544
784 450 7 8 0.484
289 389 11 14 0.481
81 410 10 14 0.447
985 453 7 8 0.447
957 457 7 8 0.415
144 455 7 9 0.412
839 448 7 9 0.370
766 458 7 8 0.346
761 475 7 9 0.311
262 455 7 9 0.299
685 359 10 15 0.298
563 451 11 13 0.274
421 408 7 7 0.263
335 475 7 9 0.261
117 466 7 9 0.237
486 442 8 10 0.232
645 455 7 8 0.205
108 457 7 8 0.196
52 449 7 8 0.196
244 448 6 8 0.192
319 389 8 9 0.190
933 439 7 9 0.179
415 429 7 9 0.174
172 457 7 8 0.167
972 427 8 10 0.165
608 453 6 7 0.153
416 458 7 9 0.151
967 438 6 8 0.151
271 395 6 8 0.149
628 457 6 7 0.149
229 461 7 8 0.146
20 402 5 7 0.145
857 461 6 8 0.144
891 427 7 10 0.143
970 431 7 10 0.140
112 442 6 7 0.138
227 460 7 8 0.135
7 415 7 9 0.132
854 436 7 9 0.125
893 425 9 10 0.119
1018 458 6 11 0.117
54 400 6 7 0.117
288 420 7 8 0.113
180 444 6 7 0.112
31 399 5 7 0.110
562 440 10 13 0.109
167 472 7 8 0.109
281 436 6 8 0.105
284 392 10 10 0.104
34 457 7 7 0.102
120 467 7 8 0.099
410 473 6 8 0.098
166 472 6 7 0.098
389 406 6 7 0.097
179 442 6 7 0.096
110 385 5 6 0.095
225 462 6 8 0.092
193 455 6 7 0.091
126 414 5 7 0.091
377 427 7 8 0.090
173 453 6 8 0.088
590 462 6 7 0.088
178 475 7 8 0.087
334 456 6 7 0.083
337 473 7 9 0.082
417 435 6 9 0.076
114 462 7 10 0.075
187 417 5 7 0.075
628 449 7 8 0.073
175 457 6 8 0.073
373 426 9 11 0.071
273 395 8 10 0.069
682 489 8 9 0.069
630 443 6 7 0.068
953 455 8 9 0.068
853 460 7 10 0.067
0 444 6 9 0.067
955 458 7 8 0.066
490 441 8 11 0.066
26 458 7 8 0.066
83 418 9 12 0.065
682 475 8 10 0.060
61 447 7 10 0.059
681 484 10 13 0.059
158 411 6 7 0.057
610 435 5 7 0.057
809 468 6 7 0.056
173 410 5 6 0.056
905 461 7 8 0.055
277 455 7 8 0.054
114 440 6 8 0.054
930 437 8 9 0.054
263 417 6 7 0.053
6 430 7 7 0.053
678 481 9 10 0.053
259 433 6 7 0.052
335 458 6 8 0.052
28 458 7 7 0.052
192 428 6 7 0.052
460 478 7 9 0.052
63 449 7 9 0.051
883 466 6 7 0.050
615 480 6 7 0.049
514 462 6 9 0.049
108 407 6 6 0.049
104 457 7 8 0.048
335 469 8 11 0.048
858 403 9 12 0.048
682 478 9 11 0.047
268 419 6 7 0.046
148 429 6 7 0.046
178 472 6 8 0.044
860 396 9 12 0.044
277 434 6 8 0.042
368 425 8 9 0.042
207 450 6 7 0.042
214 429 6 7 0.042
823 471 6 7 0.042
806 467 6 8 0.042
415 460 6 9 0.041
182 415 6 7 0.040
225 417 5 6 0.040
335 477 8 10 0.039
907 462 6 7 0.039
607 435 6 7 0.039
414 442 9 12 0.039
429 429 7 9 0.038
742 475 7 8 0.037
48 484 9 11 0.037
207 413 5 6 0.037
591 431 6 7 0.037
113 442 7 10 0.037
411 428 8 9 0.036
947 457 6 8 0.036
374 404 5 7 0.035
189 418 6 7 0.035
132 433 6 7 0.035
372 404 5 7 0.034
243 421 6 7 0.034
225 414 5 6 0.034
57 402 6 8 0.034
376 424 7 9 0.033
33 396 6 7 0.033
235 392 5 7 0.032
170 463 7 10 0.031
824 474 6 8 0.030
417 440 7 8 0.030
132 436 7 8 0.030
145 410 6 6 0.030
380 99 19 23 0.029
338 458 6 8 0.028
567 454 9 10 0.028
196 413 5 7 0.028
256 432 5 7 0.028
972 423 7 10 0.028
642 474 6 7 0.028
713 455 6 8 0.027
590 428 6 8 0.027
674 376 12 17 0.026
30 455 7 9 0.026
147 427 5 7 0.026
142 387 5 6 0.025
861 399 9 12 0.024
601 466 5 6 0.024
1018 451 6 11 0.024
205 452 7 7 0.024
25 418 6 8 0.023
47 401 6 7 0.023
383 411 6 8 0.023
826 471 6 7 0.023
124 414 6 7 0.023
224 451 6 7 0.022
677 382 13 20 0.021
177 467 8 10 0.021
235 421 6 7 0.021
276 442 7 10 0.020
121 387 5 6 0.020
279 439 6 8 0.020
655 452 7 8 0.019
84 461 7 9 0.019
62 440 7 9 0.019
78 412 9 11 0.019
30 459 9 11 0.019
260 379 4 5 0.018
512 460 8 9 0.018
70 372 6 6 0.018
376 104 19 22 0.018
503 493 6 6 0.018
620 481 6 6 0.017
674 399 12 17 0.017
389 460 6 8 0.017
285 424 8 11 0.017
45 486 9 11 0.017
125 385 6 6 0.016
244 409 5 7 0.016
513 465 6 8 0.016
313 388 7 9 0.016
425 425 8 11 0.016
686 474 8 9 0.016
364 424 9 10 0.016
225 408 6 6 0.015
194 459 6 8 0.015
27 400 8 9 0.015
151 441 6 7 0.015
15 388 6 6 0.015
682 390 14 22 0.015
431 408 6 7 0.015
994 432 8 9 0.014
621 446 6 7 0.014
125 388 5 6 0.014
163 392 6 6 0.014
424 499 6 8 0.014
642 461 6 8 0.014
430 416 6 8 0.014
666 504 7 8 0.014
375 462 6 7 0.014
335 454 6 9 0.014
835 452 8 11 0.013
56 381 5 6 0.013
195 395 5 6 0.013
375 417 8 11 0.013
386 406 8 9 0.013
75 484 8 9 0.013
627 444 8 9 0.013
896 453 6 9 0.013
371 94 21 25 0.013
346 247 30 56 0.013
778 471 6 8 0.013
427 401 6 7 0.013
664 455 8 9 0.013
2 385 5 7 0.012
200 382 5 6 0.012
183 392 5 6 0.012
390 488 6 8 0.012
673 387 12 17 0.012
671 397 11 17 0.012
739 475 7 8 0.012
39 459 6 8 0.012
176 440 6 7 0.012
764 456 6 8 0.012
67 390 5 6 0.012
318 387 11 14 0.012
299 437 6 8 0.012
656 459 6 8 0.012
564 457 9 10 0.012
211 145 15 20 0.012
181 375 5 6 0.011
516 489 6 7 0.011
434 394 5 7 0.011
239 391 5 6 0.011
55 378 5 7 0.011
297 438 6 8 0.011
243 377 5 6 0.011
301 433 6 8 0.011
548 468 6 9 0.011
89 366 5 6 0.010
5 443 8 11 0.010
29 396 8 9 0.010
