35_Basketball_playingbasketball_35_606
95
382 192 23 29 0.769
26 381 16 19 0.729
198 201 22 33 0.724
77 388 17 19 0.693
890 394 12 14 0.588
949 383 15 15 0.520
243 404 10 13 0.514
839 404 7 10 0.443
292 450 6 8 0.360
433 426 6 7 0.276
461 425 6 7 0.267
783 415 8 10 0.265
800 401 8 9 0.211
914 442 8 9 0.202
500 423 5 7 0.197
852 430 7 10 0.127
795 405 8 11 0.117
576 425 6 7 0.115
434 424 6 7 0.110
831 393 6 8 0.085
341 406 8 10 0.084
1017 377 8 15 0.082
291 449 5 8 0.081
1001 439 6 7 0.078
293 452 7 8 0.077
246 447 6 7 0.077
985 438 7 9 0.076
697 421 6 8 0.073
955 382 14 15 0.065
268 424 5 7 0.061
656 420 6 8 0.058
362 424 6 7 0.056
223 426 9 11 0.052
499 422 8 10 0.051
329 458 6 7 0.047
880 382 8 12 0.047
342 402 9 11 0.046
805 405 7 9 0.043
432 424 5 7 0.042
798 397 8 10 0.040
654 422 6 7 0.040
659 421 6 8 0.035
331 458 6 7 0.033
619 423 5 7 0.033
305 421 6 10 0.028
602 441 5 6 0.026
910 441 8 10 0.026
290 451 6 9 0.026
889 398 11 12 0.025
986 437 9 10 0.025
500 427 5 6 0.024
991 438 9 10 0.024
248 447 6 7 0.024
84 388 14 17 0.023
658 416 7 8 0.023
431 428 6 6 0.023
459 420 6 7 0.023
466 425 6 7 0.022
338 397 12 16 0.021
560 439 4 7 0.021
247 406 7 11 0.020
697 417 6 7 0.020
402 433 4 5 0.020
465 207 15 17 0.020
221 426 8 10 0.019
958 381 9 11 0.019
621 423 5 7 0.019
359 422 6 7 0.019
578 429 5 6 0.018
792 401 8 9 0.018
777 405 6 7 0.016
212 428 7 8 0.016
1003 440 6 7 0.015
398 442 5 5 0.014
284 430 5 6 0.013
971 442 6 7 0.013
397 440 5 5 0.013
599 442 5 6 0.013
0 440 5 20 0.013
1000 437 6 8 0.012
693 421 6 7 0.012
591 443 5 6 0.012
210 431 6 8 0.012
188 458 6 8 0.012
545 425 4 7 0.012
879 382 6 8 0.011
354 418 9 11 0.011
959 367 6 7 0.011
692 417 6 6 0.011
977 439 7 9 0.011
4 407 11 16 0.011
202 440 7 8 0.011
543 423 5 6 0.010
127 422 17 22 0.010
654 417 6 8 0.010
