35_Basketball_playingbasketball_35_674
75
372 152 62 75 0.825
186 136 46 59 0.820
152 64 35 44 0.820
0 89 26 45 0.804
981 22 42 86 0.803
89 7 33 37 0.771
17 232 34 45 0.768
860 258 32 38 0.755
213 74 28 35 0.754
172 14 31 39 0.748
599 275 33 41 0.746
265 83 33 39 0.717
355 90 29 34 0.699
289 113 32 40 0.698
562 102 29 36 0.688
999 248 23 27 0.684
633 41 42 68 0.678
507 31 22 28 0.669
409 18 25 34 0.644
601 25 23 30 0.643
353 10 23 32 0.640
480 107 23 27 0.633
874 167 27 32 0.625
900 79 23 27 0.623
802 51 23 31 0.614
452 18 24 30 0.614
452 46 25 33 0.611
842 134 24 30 0.587
744 49 23 28 0.579
788 87 24 32 0.536
951 250 24 28 0.533
981 124 21 25 0.506
552 33 23 29 0.475
930 84 20 24 0.449
579 71 23 29 0.417
820 157 26 35 0.414
647 266 34 39 0.411
270 9 25 30 0.375
972 177 24 28 0.289
989 245 23 28 0.266
277 96 35 45 0.213
802 120 23 26 0.210
628 55 30 54 0.198
626 75 21 27 0.192
933 150 23 25 0.142
912 287 16 28 0.138
490 150 28 36 0.085
275 1 27 28 0.084
228 39 22 30 0.070
944 291 19 29 0.058
544 83 20 23 0.043
223 51 26 36 0.040
247 77 36 45 0.036
935 130 21 25 0.034
202 61 34 42 0.033
978 172 19 26 0.030
945 256 23 30 0.022
796 124 21 25 0.022
787 106 25 32 0.018
544 33 19 24 0.017
851 189 21 25 0.017
561 38 20 25 0.016
409 29 20 26 0.015
730 83 22 26 0.014
831 144 27 33 0.013
307 24 26 33 0.013
570 269 29 37 0.013
859 152 35 45 0.013
479 65 19 25 0.012
825 120 34 47 0.012
313 1 26 24 0.012
281 -4 22 22 0.011
415 19 34 45 0.011
984 344 19 23 0.011
0 41 12 39 0.010
