35_Basketball_playingbasketball_35_632
30
128 442 20 24 0.740
909 483 17 19 0.631
722 490 14 16 0.421
331 523 42 35 0.407
31 506 8 10 0.339
459 336 28 31 0.323
871 483 12 14 0.131
486 347 22 26 0.083
319 528 43 36 0.072
493 345 16 23 0.060
468 345 21 25 0.045
326 552 37 28 0.042
244 477 7 9 0.026
270 493 6 8 0.023
0 699 24 33 0.022
333 567 25 22 0.019
930 123 46 30 0.019
210 493 7 8 0.019
267 490 7 8 0.018
728 535 13 16 0.016
483 357 20 23 0.014
914 483 16 17 0.014
721 484 14 15 0.013
234 472 6 7 0.013
325 533 20 20 0.012
341 511 42 45 0.012
835 495 14 12 0.012
511 318 10 11 0.011
267 491 8 11 0.011
342 526 24 27 0.010
