35_Basketball_basketballgame_ball_35_287
629
649 449 11 13 0.668
685 442 11 13 0.656
59 385 11 13 0.620
803 451 11 14 0.616
610 408 11 14 0.614
260 436 10 14 0.613
950 423 11 13 0.611
199 399 10 12 0.610
813 419 11 13 0.606
311 437 10 13 0.602
972 452 10 12 0.600
769 387 11 13 0.595
245 402 10 11 0.590
798 426 9 12 0.589
932 401 9 12 0.585
304 412 9 11 0.581
274 425 11 13 0.581
696 414 9 12 0.579
240 430 11 14 0.578
297 429 10 14 0.576
891 446 12 16 0.568
793 361 8 10 0.557
74 390 10 14 0.539
636 410 9 11 0.532
185 440 11 13 0.526
373 391 9 12 0.525
703 402 7 9 0.512
216 446 11 13 0.508
999 425 9 10 0.499
716 357 7 9 0.497
870 363 9 12 0.495
55 366 9 11 0.489
839 362 10 15 0.488
662 375 8 10 0.483
949 356 8 10 0.473
662 413 9 11 0.470
671 402 9 10 0.464
821 405 8 11 0.460
786 395 8 10 0.452
1008 381 8 11 0.450
983 401 9 11 0.449
1002 365 8 10 0.437
995 404 9 12 0.425
729 341 7 9 0.422
651 402 8 10 0.422
725 415 9 11 0.417
726 401 8 11 0.414
922 350 8 10 0.405
432 395 9 11 0.392
685 338 7 9 0.390
986 348 7 9 0.386
766 372 8 10 0.381
261 321 6 7 0.377
898 378 9 11 0.376
874 295 6 7 0.371
424 358 10 16 0.369
953 398 8 10 0.365
895 338 8 9 0.363
157 414 9 10 0.358
610 433 9 12 0.355
28 332 8 9 0.351
21 353 8 10 0.347
940 314 7 8 0.346
397 361 7 10 0.344
749 348 7 8 0.343
698 324 6 7 0.335
708 385 8 10 0.327
953 380 8 10 0.326
363 357 6 8 0.323
987 329 8 10 0.321
896 391 8 11 0.320
893 304 6 8 0.318
686 386 8 10 0.315
966 331 7 9 0.314
822 366 8 10 0.309
310 272 5 7 0.305
979 383 8 9 0.301
624 329 6 8 0.300
892 356 7 9 0.300
320 358 7 8 0.299
788 295 6 8 0.295
934 443 10 13 0.290
1 323 7 9 0.289
930 376 8 11 0.289
338 374 8 9 0.288
312 302 6 7 0.287
230 323 6 7 0.285
813 298 5 6 0.282
735 435 10 13 0.281
749 308 6 7 0.278
900 436 9 11 0.278
423 380 9 10 0.275
760 363 7 9 0.274
283 303 5 7 0.270
822 333 7 8 0.267
562 300 7 8 0.266
626 330 6 8 0.262
752 413 9 12 0.262
649 292 6 7 0.259
855 301 5 7 0.259
207 460 10 13 0.258
832 303 6 7 0.256
445 362 7 8 0.255
941 295 6 7 0.254
481 293 6 7 0.253
968 357 7 8 0.253
870 346 8 9 0.248
957 292 6 7 0.247
461 300 6 6 0.247
520 298 6 7 0.245
806 318 6 7 0.243
58 314 7 8 0.232
714 290 6 6 0.232
736 384 8 11 0.229
916 304 6 7 0.227
275 277 6 6 0.224
441 300 5 6 0.224
804 336 7 9 0.220
972 294 6 7 0.218
753 308 6 7 0.218
260 275 5 7 0.216
591 292 5 6 0.214
416 303 5 7 0.214
971 359 7 8 0.210
775 291 6 7 0.210
356 385 7 9 0.209
402 315 6 7 0.204
650 310 6 8 0.204
343 369 7 8 0.203
574 313 6 7 0.201
999 367 8 10 0.201
69 304 6 7 0.200
422 256 5 7 0.196
595 346 7 9 0.195
294 340 6 7 0.194
4 297 7 8 0.192
954 292 6 7 0.188
898 382 9 12 0.187
929 371 8 10 0.185
632 300 5 8 0.185
60 366 10 12 0.182
385 372 7 9 0.181
897 385 9 12 0.181
920 315 6 7 0.180
345 346 6 8 0.178
188 449 10 12 0.178
301 413 9 11 0.174
798 347 7 9 0.173
435 304 5 7 0.172
621 330 7 7 0.172
804 424 10 12 0.171
853 300 6 7 0.170
612 295 6 6 0.169
385 350 6 7 0.169
845 343 7 9 0.168
647 292 6 7 0.166
678 372 8 10 0.166
390 326 5 6 0.165
929 368 8 10 0.163
980 427 9 11 0.159
686 312 6 8 0.158
70 319 6 8 0.157
989 404 10 12 0.155
340 371 7 9 0.154
948 354 7 10 0.153
830 290 6 7 0.152
751 330 6 8 0.152
297 324 6 7 0.151
380 318 5 6 0.149
1005 381 9 11 0.149
326 311 5 7 0.148
313 339 6 7 0.148
477 256 5 7 0.147
86 307 6 8 0.147
68 370 9 12 0.146
702 344 8 8 0.146
633 299 6 7 0.144
208 453 11 14 0.144
718 322 6 8 0.142
57 307 7 8 0.141
982 380 7 10 0.140
587 319 6 7 0.139
451 255 6 6 0.137
891 305 6 7 0.136
609 295 5 6 0.136
280 324 6 7 0.135
776 356 7 9 0.133
258 275 5 6 0.133
711 384 8 10 0.130
895 305 6 8 0.130
444 298 5 7 0.129
443 361 7 10 0.129
259 320 5 7 0.128
959 378 8 9 0.126
1002 426 8 10 0.124
70 374 9 11 0.123
717 292 5 6 0.123
982 310 6 7 0.122
352 329 6 7 0.122
614 317 6 7 0.120
859 313 6 8 0.119
463 305 5 6 0.119
698 411 8 11 0.119
56 386 10 13 0.119
710 288 5 6 0.118
503 339 6 7 0.116
872 294 6 7 0.116
430 341 7 7 0.115
938 313 7 10 0.113
851 331 7 7 0.112
802 337 6 8 0.112
87 311 6 8 0.111
379 379 8 10 0.111
342 346 6 8 0.109
0 406 7 12 0.108
568 296 6 8 0.108
632 429 9 11 0.107
588 375 9 13 0.105
959 293 6 8 0.105
772 332 5 8 0.104
661 432 10 11 0.104
84 308 6 7 0.103
978 308 6 8 0.102
854 331 6 8 0.102
385 367 6 8 0.101
753 352 7 9 0.098
361 388 9 11 0.098
719 385 7 9 0.097
318 359 7 8 0.096
745 372 8 9 0.096
30 409 11 14 0.096
940 347 7 9 0.096
30 334 7 10 0.095
388 368 7 9 0.094
447 298 5 7 0.093
632 303 6 7 0.092
939 306 7 9 0.091
897 328 6 9 0.090
613 297 6 6 0.089
716 289 5 6 0.089
281 301 6 6 0.089
352 296 5 7 0.088
415 448 10 12 0.087
27 411 12 15 0.086
920 322 7 8 0.086
367 343 6 8 0.085
385 320 5 6 0.082
322 359 8 9 0.082
228 323 5 7 0.082
612 248 5 6 0.082
58 376 9 13 0.081
21 416 12 16 0.080
981 212 5 7 0.080
392 325 6 6 0.080
884 253 5 7 0.079
446 361 8 11 0.078
450 330 6 7 0.078
641 444 10 12 0.077
348 378 7 9 0.077
891 321 6 8 0.076
954 391 8 11 0.076
2 243 7 8 0.075
955 259 6 6 0.075
214 465 9 11 0.075
867 347 8 8 0.075
920 325 7 9 0.075
858 311 6 7 0.074
597 346 7 8 0.074
756 332 7 8 0.073
351 309 5 7 0.073
33 431 10 13 0.072
343 377 8 10 0.072
352 301 6 7 0.071
842 360 10 13 0.071
701 353 7 9 0.070
925 381 9 12 0.070
437 301 6 7 0.070
202 457 10 13 0.070
917 301 5 7 0.069
689 385 8 11 0.069
784 234 5 6 0.069
429 308 6 7 0.069
407 257 5 7 0.068
469 250 5 7 0.067
558 236 5 6 0.066
70 390 10 14 0.064
765 308 5 7 0.064
918 393 8 10 0.064
877 308 7 8 0.063
778 342 7 8 0.063
334 349 6 7 0.062
481 296 6 7 0.062
943 345 7 8 0.061
687 251 5 6 0.061
352 294 5 6 0.060
835 365 10 14 0.060
829 325 6 7 0.060
771 291 5 6 0.059
831 288 5 7 0.058
264 299 5 6 0.057
916 394 8 11 0.057
75 314 6 8 0.057
743 239 4 6 0.057
500 339 7 8 0.057
432 398 9 12 0.056
577 251 5 5 0.056
659 324 6 8 0.055
818 389 8 11 0.054
217 466 10 12 0.054
929 445 9 11 0.054
407 261 5 6 0.054
709 356 7 9 0.053
448 255 6 6 0.053
893 214 6 7 0.053
591 372 7 12 0.053
426 327 5 6 0.052
277 279 5 7 0.052
205 463 10 12 0.052
29 315 6 7 0.052
407 312 5 6 0.052
916 334 7 8 0.051
28 432 12 15 0.051
914 418 8 11 0.050
945 399 9 11 0.050
576 312 5 7 0.048
923 246 5 7 0.047
863 224 5 6 0.047
352 311 6 7 0.047
862 343 7 9 0.047
794 425 10 12 0.046
947 427 9 12 0.046
336 269 6 6 0.045
961 329 7 8 0.045
16 383 9 11 0.044
406 389 11 15 0.044
373 257 5 7 0.044
775 373 8 10 0.044
894 443 10 13 0.043
717 319 6 7 0.043
84 338 6 9 0.043
567 306 8 10 0.043
583 320 6 8 0.043
620 230 5 6 0.042
80 323 7 8 0.041
646 401 8 10 0.040
502 337 9 10 0.040
429 428 8 9 0.040
614 328 6 8 0.040
692 414 9 11 0.040
220 448 10 12 0.040
959 413 8 10 0.039
590 237 5 6 0.039
901 263 5 7 0.039
705 286 6 6 0.039
939 320 6 8 0.038
413 325 6 6 0.038
302 362 6 8 0.038
60 313 8 10 0.038
453 328 6 8 0.038
338 304 6 6 0.038
624 349 7 9 0.038
434 328 6 7 0.038
78 338 7 9 0.038
409 387 11 15 0.037
315 326 6 7 0.036
938 443 9 11 0.036
689 312 6 7 0.035
74 339 7 9 0.035
999 458 9 10 0.034
69 313 6 8 0.034
169 353 6 8 0.034
622 233 5 7 0.033
522 459 10 12 0.033
804 330 7 11 0.033
522 297 6 9 0.033
387 243 5 6 0.033
832 232 5 6 0.033
846 220 6 7 0.033
623 237 6 7 0.033
751 332 8 9 0.033
371 260 6 7 0.032
767 421 9 12 0.032
966 313 7 8 0.032
479 308 5 7 0.032
16 434 14 18 0.032
985 232 6 7 0.032
385 314 5 6 0.032
748 412 10 12 0.032
349 394 7 10 0.031
0 348 6 11 0.031
20 380 9 10 0.031
262 298 5 6 0.031
354 263 6 6 0.031
18 422 13 18 0.031
986 338 7 11 0.031
260 322 7 9 0.031
846 218 5 7 0.030
31 314 6 8 0.030
60 316 8 11 0.030
787 297 8 9 0.030
901 248 6 7 0.030
504 304 6 7 0.030
414 343 5 7 0.030
774 330 6 7 0.029
31 311 6 8 0.029
365 267 6 7 0.029
701 250 5 5 0.029
775 292 7 9 0.029
322 285 6 7 0.029
995 262 5 7 0.029
902 262 6 6 0.028
341 388 7 10 0.028
590 350 6 8 0.028
725 248 5 6 0.028
293 300 8 9 0.028
633 244 5 6 0.028
593 375 7 12 0.028
761 250 5 6 0.027
821 361 12 15 0.027
87 320 6 8 0.026
828 288 5 6 0.026
1 418 10 16 0.026
353 261 5 6 0.026
775 289 5 6 0.026
362 410 8 10 0.026
461 300 8 10 0.026
309 303 6 7 0.026
184 388 6 7 0.026
339 322 6 7 0.026
786 355 9 10 0.026
763 233 5 6 0.026
369 263 6 7 0.026
947 209 6 6 0.025
317 275 6 7 0.025
411 345 7 8 0.025
971 424 9 11 0.025
570 345 6 8 0.025
556 297 7 10 0.025
944 159 5 6 0.024
918 208 5 8 0.024
934 448 9 12 0.024
5 242 6 7 0.024
410 342 5 7 0.024
56 301 6 7 0.024
1010 456 7 9 0.024
687 253 5 7 0.024
370 267 6 6 0.024
990 259 5 6 0.023
389 373 8 10 0.023
399 392 11 15 0.023
258 323 6 7 0.023
537 213 5 6 0.023
560 310 7 9 0.023
993 459 8 10 0.023
901 244 5 6 0.023
891 392 8 11 0.023
444 373 6 10 0.023
466 253 6 7 0.023
571 317 6 9 0.022
488 232 5 6 0.022
696 248 4 6 0.022
729 328 6 8 0.022
731 310 6 7 0.022
78 332 8 11 0.022
1016 403 7 10 0.022
25 340 7 10 0.022
81 342 7 9 0.022
576 336 6 7 0.022
935 227 6 7 0.022
221 465 10 11 0.022
416 300 5 7 0.021
892 217 5 7 0.021
970 237 5 7 0.021
715 289 7 9 0.021
206 467 12 13 0.021
633 286 5 7 0.021
0 332 6 12 0.021
756 426 10 13 0.021
756 432 10 12 0.021
588 237 5 6 0.020
1015 431 7 11 0.020
589 363 7 10 0.020
1013 352 6 9 0.020
770 437 9 13 0.020
763 236 5 6 0.020
825 318 8 10 0.019
70 301 5 7 0.019
801 453 10 14 0.019
641 263 5 6 0.019
578 404 12 16 0.019
403 267 5 7 0.019
916 225 5 6 0.019
974 302 8 10 0.019
332 400 8 10 0.019
334 398 9 11 0.018
512 195 4 6 0.018
1003 455 9 11 0.018
438 300 8 8 0.018
60 360 8 9 0.018
477 239 5 6 0.018
799 441 10 14 0.018
437 259 5 6 0.018
743 241 5 6 0.018
976 333 8 10 0.018
333 376 7 8 0.018
633 357 6 9 0.018
384 268 5 7 0.018
428 268 5 6 0.017
980 216 6 6 0.017
876 206 5 7 0.017
1015 456 8 10 0.017
372 256 5 6 0.017
818 211 6 6 0.017
300 349 5 7 0.017
627 212 5 6 0.017
887 239 5 7 0.017
338 297 6 7 0.017
591 234 5 7 0.017
802 211 5 6 0.017
935 232 7 8 0.017
480 252 5 6 0.017
759 259 6 6 0.016
696 363 6 8 0.016
585 322 8 10 0.016
895 301 5 7 0.016
437 303 8 9 0.016
765 235 5 7 0.016
479 259 6 6 0.016
441 190 5 6 0.016
1 283 5 8 0.016
478 329 7 10 0.016
308 270 6 6 0.016
776 436 10 12 0.015
275 397 8 11 0.015
89 313 7 10 0.015
831 230 4 6 0.015
276 394 8 9 0.015
22 314 7 7 0.015
958 453 8 11 0.015
938 206 5 7 0.015
973 292 7 8 0.015
431 404 9 13 0.015
916 424 8 12 0.015
917 206 5 7 0.014
789 311 6 7 0.014
725 245 4 6 0.014
360 407 9 12 0.014
583 403 10 14 0.014
410 289 5 6 0.014
853 314 8 11 0.014
349 355 8 10 0.014
805 199 5 6 0.014
875 205 6 6 0.014
13 380 8 11 0.014
943 158 5 6 0.014
332 272 5 6 0.014
500 342 7 9 0.014
885 239 5 6 0.013
649 402 12 15 0.013
914 367 7 9 0.013
488 315 5 7 0.013
283 346 6 7 0.013
962 171 5 6 0.013
540 231 5 6 0.013
70 417 9 12 0.013
462 222 5 5 0.013
918 224 6 6 0.013
848 186 6 6 0.013
768 333 8 10 0.013
1010 414 8 10 0.013
946 159 5 6 0.013
646 313 7 10 0.013
959 458 8 10 0.013
558 302 9 10 0.013
642 215 5 6 0.013
598 186 5 6 0.012
641 216 5 7 0.012
731 313 6 7 0.012
14 398 10 14 0.012
464 220 5 6 0.012
645 324 6 7 0.012
658 287 5 7 0.012
451 321 6 7 0.012
432 213 4 5 0.012
451 239 4 6 0.012
569 224 5 6 0.012
882 326 6 8 0.012
319 376 7 9 0.012
844 216 5 6 0.012
890 306 8 10 0.012
714 227 5 6 0.012
551 442 11 14 0.012
804 200 5 6 0.012
907 414 9 11 0.012
844 301 8 9 0.012
883 422 8 10 0.012
317 437 9 13 0.012
347 282 5 7 0.012
384 242 5 6 0.012
757 260 5 6 0.012
5 247 6 7 0.011
438 373 7 8 0.011
832 183 6 7 0.011
483 225 5 6 0.011
384 267 5 6 0.011
796 233 5 6 0.011
701 277 5 6 0.011
294 331 7 10 0.011
190 393 8 10 0.011
711 230 5 6 0.011
394 361 11 14 0.011
960 197 6 7 0.011
972 249 5 7 0.011
904 187 5 6 0.011
84 347 6 9 0.011
903 194 5 6 0.011
42 303 7 7 0.010
887 194 5 6 0.010
743 236 5 7 0.010
550 427 9 13 0.010
592 345 11 14 0.010
992 334 8 9 0.010
904 230 5 7 0.010
578 205 5 6 0.010
515 211 5 6 0.010
370 257 8 10 0.010
704 220 6 6 0.010
903 189 5 6 0.010
822 312 6 7 0.010
