35_Basketball_Basketball_35_158
31
197 463 108 176 0.793
952 569 67 90 0.785
630 673 46 59 0.188
817 628 30 40 0.161
678 635 47 54 0.159
831 739 37 45 0.133
739 729 44 53 0.114
878 576 30 42 0.108
847 799 62 79 0.097
96 829 35 43 0.077
799 680 34 41 0.064
765 628 26 33 0.059
151 832 31 39 0.057
741 714 44 51 0.051
-5 0 444 497 0.050
673 698 29 35 0.035
584 712 36 51 0.027
648 680 45 57 0.023
797 739 28 36 0.022
847 623 37 50 0.022
869 583 36 51 0.019
739 812 55 67 0.019
288 879 47 61 0.017
773 626 24 29 0.017
881 581 37 52 0.016
825 677 29 36 0.015
794 683 26 36 0.014
883 570 36 43 0.011
855 615 30 40 0.010
188 446 36 62 0.010
858 585 54 74 0.010
