13_Interview_Interview_On_Location_13_313
43
219 444 28 36 0.815
453 498 26 36 0.802
830 336 27 33 0.792
263 355 24 30 0.792
296 475 27 34 0.792
178 370 23 32 0.788
558 364 26 29 0.781
597 371 26 31 0.776
805 321 24 29 0.773
591 475 24 34 0.770
801 363 25 34 0.768
878 319 27 34 0.764
774 333 24 32 0.758
657 476 26 33 0.755
659 338 25 31 0.751
155 353 21 29 0.748
739 332 24 30 0.746
363 349 24 29 0.741
931 344 25 32 0.739
494 362 25 31 0.733
308 346 23 31 0.732
518 360 21 29 0.717
623 339 23 31 0.714
212 361 22 30 0.705
115 348 24 27 0.702
413 365 22 28 0.685
39 353 25 33 0.682
637 322 23 25 0.613
960 351 27 32 0.599
392 359 19 24 0.523
208 345 19 26 0.450
443 358 23 28 0.379
87 336 18 24 0.367
202 345 19 25 0.312
697 326 20 25 0.293
59 355 23 29 0.234
196 347 17 23 0.166
64 350 21 26 0.112
335 370 15 19 0.062
706 356 23 28 0.038
449 351 22 27 0.015
70 371 18 22 0.014
725 303 22 23 0.012
