13_Interview_Interview_On_Location_13_521
46
893 6 112 147 0.862
712 37 85 150 0.840
881 210 32 43 0.825
177 215 37 53 0.822
388 348 16 19 0.563
541 409 51 57 0.559
636 319 12 15 0.475
603 326 14 18 0.434
587 344 18 21 0.289
608 263 6 8 0.061
431 310 11 13 0.052
633 318 11 14 0.045
529 305 10 13 0.043
431 307 9 12 0.037
537 269 7 8 0.035
491 310 8 11 0.033
615 336 13 16 0.030
550 303 10 11 0.024
550 307 9 13 0.024
551 299 7 8 0.022
422 335 12 16 0.021
624 332 13 16 0.019
409 309 9 10 0.018
535 306 10 11 0.017
700 547 13 13 0.017
496 312 10 11 0.017
618 209 11 12 0.016
746 558 14 15 0.016
505 315 10 12 0.016
609 263 8 9 0.015
380 313 9 11 0.014
644 267 5 7 0.014
619 269 6 8 0.014
383 311 8 11 0.014
416 364 12 14 0.013
646 266 6 9 0.013
637 291 7 8 0.012
643 264 6 7 0.012
379 311 7 10 0.012
500 311 9 11 0.012
483 326 8 10 0.011
440 321 10 11 0.011
591 297 8 11 0.011
444 322 10 11 0.011
404 310 9 11 0.010
401 305 8 10 0.010
