13_Interview_Interview_2_People_Visible_13_668
61
936 454 18 24 0.664
598 470 14 18 0.609
415 473 11 13 0.496
291 468 10 16 0.485
393 736 12 21 0.297
85 683 13 18 0.285
6 683 15 21 0.282
225 706 14 20 0.277
532 472 11 16 0.178
292 744 14 20 0.169
91 735 14 19 0.154
707 475 14 19 0.142
718 627 15 18 0.120
126 714 13 16 0.107
604 753 17 16 0.104
70 730 13 19 0.091
60 693 13 18 0.085
528 477 12 16 0.083
31 745 17 21 0.079
322 749 14 15 0.079
523 489 13 17 0.070
344 736 14 20 0.062
252 747 16 20 0.062
33 691 12 17 0.061
325 743 14 18 0.054
30 554 10 12 0.054
532 478 11 17 0.051
514 498 13 15 0.047
21 724 15 17 0.045
109 695 10 14 0.039
418 475 12 14 0.034
697 554 14 20 0.032
346 757 15 11 0.029
154 707 14 19 0.026
40 720 14 18 0.026
181 748 15 19 0.022
45 582 10 12 0.021
180 720 12 16 0.021
18 589 9 10 0.020
149 748 16 19 0.020
427 490 10 13 0.018
296 470 11 15 0.018
724 627 14 17 0.017
510 499 12 15 0.017
253 735 15 21 0.016
29 673 12 14 0.015
708 627 16 18 0.014
178 647 9 10 0.013
398 737 13 20 0.013
216 731 15 19 0.013
697 449 14 21 0.013
925 455 16 22 0.013
6 711 14 18 0.012
99 589 14 13 0.012
531 449 11 13 0.012
335 736 15 19 0.011
700 551 14 19 0.011
310 754 14 15 0.011
704 463 13 21 0.010
186 747 14 19 0.010
224 728 13 20 0.010
